6.2110741699822796e+35
6.211074293593962e+35
6.211074417240218e+35
6.211074540921043e+35
6.211074664636415e+35
6.211074788386331e+35
6.211074912170771e+35
6.211075035989736e+35
6.211075159843201e+35
6.2110752837311654e+35
6.211075407653605e+35
6.211075531610518e+35
6.2110756556018905e+35
6.211075779627709e+35
6.2110759036879604e+35
6.2110760277826345e+35
6.2110761519117176e+35
6.211076276075201e+35
6.211076400273071e+35
6.211076524505318e+35
6.211076648771928e+35
6.2110767730728865e+35
6.211076897408184e+35
6.211077021777812e+35
6.211077146181751e+35
6.2110772706199965e+35
6.211077395092533e+35
6.211077519599347e+35
6.211077644140433e+35
6.21107776871577e+35
6.211077893325353e+35
6.211078017969164e+35
6.211078142647196e+35
6.2110782673594404e+35
6.211078392105874e+35
6.211078516886493e+35
6.2110786417012824e+35
6.211078766550232e+35
6.211078891433329e+35
6.2110790163505616e+35
6.211079141301917e+35
6.211079266287382e+35
6.211079391306948e+35
6.211079516360599e+35
6.211079641448323e+35
6.211079766570111e+35
6.211079891725955e+35
6.211080016915833e+35
6.211080142139732e+35
6.211080267397649e+35
6.211080392689571e+35
6.21108051801548e+35
6.211080643375366e+35
6.211080768769216e+35
6.211080894197022e+35
6.211081019658768e+35
6.211081145154445e+35
6.211081270684036e+35
6.21108139624753e+35
6.21108152184492e+35
6.2110816474761856e+35
6.211081773141322e+35
6.211081898840314e+35
6.211082024573145e+35
6.2110821503398125e+35
6.211082276140294e+35
6.2110824019745845e+35
6.211082527842672e+35
6.211082653744537e+35
6.211082779680168e+35
6.211082905649564e+35
6.2110830316527e+35
6.211083157689572e+35
6.2110832837601594e+35
6.211083409864458e+35
6.211083536002449e+35
6.211083662174126e+35
6.21108378837947e+35
6.211083914618473e+35
6.2110840408911285e+35
6.2110841671974115e+35
6.21108429353732e+35
6.2110844199108324e+35
6.211084546317943e+35
6.2110846727586364e+35
6.211084799232904e+35
6.21108492574073e+35
6.2110850522820995e+35
6.211085178857008e+35
6.211085305465433e+35
6.21108543210737e+35
6.211085558782802e+35
6.211085685491718e+35
6.211085812234108e+35
6.211085939009954e+35
6.211086065819247e+35
6.211086192661978e+35
6.211086319538128e+35
6.211086446447687e+35
6.211086573390645e+35
6.211086700366981e+35
6.211086827376697e+35
6.211086954419764e+35
6.211087081496183e+35
6.21108720860593e+35
6.211087335749001e+35
6.2110874629253806e+35
6.211087590135059e+35
6.211087717378015e+35
6.211087844654242e+35
6.2110879719637304e+35
6.2110880993064644e+35
6.2110882266824276e+35
6.211088354091614e+35
6.211088481534005e+35
6.211088609009592e+35
6.21108873651836e+35
6.2110888640603004e+35
6.211088991635392e+35
6.211089119243635e+35
6.211089246885003e+35
6.21108937455949e+35
6.211089502267084e+35
6.2110896300077735e+35
6.2110897577815385e+35
6.2110898855883704e+35
6.21109001342826e+35
6.2110901413011936e+35
6.2110902692071524e+35
6.2110903971461264e+35
6.2110905251181076e+35
6.211090653123078e+35
6.211090781161027e+35
6.211090909231939e+35
6.211091037335805e+35
6.211091165472609e+35
6.21109129364234e+35
6.2110914218449844e+35
6.211091550080534e+35
6.211091678348968e+35
6.211091806650276e+35
6.211091934984445e+35
6.211092063351465e+35
6.211092191751318e+35
6.211092320184e+35
6.211092448649491e+35
6.211092577147778e+35
6.211092705678853e+35
6.2110928342426944e+35
6.211092962839299e+35
6.211093091468649e+35
6.211093220130729e+35
6.211093348825528e+35
6.211093477553038e+35
6.211093606313239e+35
6.2110937351061245e+35
6.211093863931671e+35
6.211093992789879e+35
6.211094121680724e+35
6.2110942506042024e+35
6.211094379560293e+35
6.211094508548984e+35
6.211094637570269e+35
6.211094766624129e+35
6.211094895710556e+35
6.211095024829527e+35
6.211095153981037e+35
6.2110952831650746e+35
6.21109541238162e+35
6.211095541630658e+35
6.2110956709121936e+35
6.2110958002261894e+35
6.211095929572648e+35
6.21109605895155e+35
6.2110961883628874e+35
6.211096317806643e+35
6.211096447282803e+35
6.211096576791354e+35
6.2110967063322875e+35
6.2110968359055855e+35
6.211096965511236e+35
6.211097095149226e+35
6.211097224819543e+35
6.211097354522174e+35
6.211097484257108e+35
6.211097614024326e+35
6.211097743823815e+35
6.211097873655568e+35
6.2110980035195675e+35
6.211098133415797e+35
6.21109826334425e+35
6.2110983933049086e+35
6.211098523297759e+35
6.2110986533227945e+35
6.211098783379995e+35
6.211098913469347e+35
6.211099043590841e+35
6.211099173744465e+35
6.211099303930201e+35
6.211099434148034e+35
6.21109956439796e+35
6.2110996946799545e+35
6.211099824994014e+35
6.211099955340114e+35
6.211100085718251e+35
6.211100216128407e+35
6.2111003465705716e+35
6.211100477044726e+35
6.211100607550862e+35
6.211100738088961e+35
6.2111008686590144e+35
6.2111009992610084e+35
6.211101129894927e+35
6.2111012605607564e+35
6.21110139125849e+35
6.211101521988103e+35
6.211101652749586e+35
6.211101783542932e+35
6.211101914368119e+35
6.2111020452251424e+35
6.211102176113974e+35
6.211102307034616e+35
6.21110243798705e+35
6.2111025689712584e+35
6.211102699987231e+35
6.211102831034954e+35
6.21110296211441e+35
6.211103093225588e+35
6.211103224368478e+35
6.211103355543059e+35
6.211103486749325e+35
6.2111036179872564e+35
6.211103749256846e+35
6.2111038805580736e+35
6.2111040118909305e+35
6.2111041432553985e+35
6.2111042746514636e+35
6.211104406079118e+35
6.211104537538345e+35
6.211104669029126e+35
6.2111048005514576e+35
6.211104932105316e+35
6.211105063690691e+35
6.211105195307573e+35
6.211105326955941e+35
6.211105458635789e+35
6.211105590347094e+35
6.2111057220898545e+35
6.211105853864045e+35
6.211105985669659e+35
6.211106117506677e+35
6.2111062493750905e+35
6.211106381274879e+35
6.21110651320604e+35
6.211106645168545e+35
6.2111067771623945e+35
6.211106909187562e+35
6.211107041244047e+35
6.211107173331823e+35
6.21110730545088e+35
6.211107437601208e+35
6.211107569782794e+35
6.211107701995619e+35
6.211107834239665e+35
6.211107966514928e+35
6.2111080988213946e+35
6.211108231159039e+35
6.21110836352786e+35
6.211108495927835e+35
6.211108628358952e+35
6.2111087608212e+35
6.211108893314562e+35
6.211109025839026e+35
6.211109158394575e+35
6.211109290981201e+35
6.211109423598883e+35
6.211109556247613e+35
6.2111096889273735e+35
6.211109821638148e+35
6.211109954379927e+35
6.211110087152694e+35
6.211110219956435e+35
6.2111103527911405e+35
6.211110485656789e+35
6.211110618553374e+35
6.2111107514808696e+35
6.2111108844392764e+35
6.211111017428574e+35
6.211111150448744e+35
6.211111283499778e+35
6.2111114165816575e+35
6.2111115496943736e+35
6.211111682837906e+35
6.2111118160122454e+35
6.211111949217376e+35
6.211112082453284e+35
6.211112215719953e+35
6.21111234901737e+35
6.211112482345524e+35
6.211112615704393e+35
6.211112749093973e+35
6.211112882514242e+35
6.2111130159651895e+35
6.2111131494467984e+35
6.211113282959058e+35
6.211113416501953e+35
6.2111135500754596e+35
6.211113683679584e+35
6.211113817314292e+35
6.211113950979582e+35
6.2111140846754295e+35
6.211114218401832e+35
6.21111435215876e+35
6.211114485946217e+35
6.211114619764175e+35
6.211114753612628e+35
6.211114887491554e+35
6.2111150214009416e+35
6.2111151553407824e+35
6.211115289311053e+35
6.211115423311738e+35
6.2111155573428354e+35
6.21111569140432e+35
6.211115825496179e+35
6.2111159596184056e+35
6.211116093770972e+35
6.211116227953872e+35
6.211116362167093e+35
6.2111164964106176e+35
6.2111166306844286e+35
6.2111167649885166e+35
6.211116899322862e+35
6.2111170336874595e+35
6.21111716808228e+35
6.211117302507317e+35
6.211117436962559e+35
6.211117571447989e+35
6.2111177059635926e+35
6.211117840509353e+35
6.2111179750852566e+35
6.211118109691286e+35
6.2111182443274376e+35
6.211118378993687e+35
6.211118513690019e+35
6.2111186484164195e+35
6.211118783172881e+35
6.211118917959382e+35
6.2111190527759095e+35
6.211119187622451e+35
6.211119322498984e+35
6.211119457405504e+35
6.211119592341991e+35
6.211119727308432e+35
6.211119862304813e+35
6.211119997331116e+35
6.211120132387328e+35
6.2111202674734365e+35
6.211120402589424e+35
6.211120537735275e+35
6.211120672910973e+35
6.2111208081165125e+35
6.211120943351872e+35
6.211121078617036e+35
6.211121213911994e+35
6.211121349236725e+35
6.211121484591217e+35
6.211121619975456e+35
6.211121755389426e+35
6.211121890833114e+35
6.211122026306504e+35
6.211122161809582e+35
6.211122297342336e+35
6.211122432904742e+35
6.211122568496792e+35
6.211122704118469e+35
6.21112283976976e+35
6.211122975450651e+35
6.21112311116112e+35
6.211123246901164e+35
6.2111233826707575e+35
6.2111235184698885e+35
6.2111236542985416e+35
6.211123790156709e+35
6.211123926044366e+35
6.2111240619615004e+35
6.211124197908101e+35
6.2111243338841476e+35
6.21112446988963e+35
6.211124605924528e+35
6.2111247419888314e+35
6.211124878082519e+35
6.2111250142055824e+35
6.211125150358006e+35
6.211125286539775e+35
6.211125422750865e+35
6.211125558991274e+35
6.211125695260976e+35
6.211125831559966e+35
6.211125967888218e+35
6.211126104245728e+35
6.211126240632472e+35
6.211126377048442e+35
6.21112651349362e+35
6.211126649967983e+35
6.211126786471527e+35
6.211126923004233e+35
6.211127059566087e+35
6.211127196157069e+35
6.2111273327771704e+35
6.2111274694263716e+35
6.2111276061046574e+35
6.211127742812015e+35
6.2111278795484275e+35
6.211128016313882e+35
6.211128153108357e+35
6.211128289931845e+35
6.211128426784328e+35
6.211128563665786e+35
6.21112870057621e+35
6.211128837515583e+35
6.2111289744838885e+35
6.2111291114811134e+35
6.2111292485072384e+35
6.211129385562254e+35
6.2111295226461364e+35
6.2111296597588814e+35
6.2111297969004616e+35
6.2111299340708674e+35
6.211130071270089e+35
6.211130208498103e+35
6.2111303457548984e+35
6.211130483040456e+35
6.211130620354763e+35
