543794455624.7462 507266381284.0077 -14270746752.16745
543792644186.6607 507268415820.6511 -14270714665.009031
543790832741.57794 507270450350.77545 -14270682577.66699
543789021289.498 507272484874.3807 -14270650490.141329
543787209830.42084 507274519391.4668 -14270618402.432045
543785398364.3465 507276553902.03375 -14270586314.53914
543783586891.275 507278588406.0815 -14270554226.462618
543781775411.2064 507280622903.61005 -14270522138.202475
543779963924.14075 507282657394.6193 -14270490049.75871
543778152430.078 507284691879.1094 -14270457961.131329
543776340929.0182 507286726357.08014 -14270425872.320328
543774529420.96136 507288760828.5316 -14270393783.32571
543772717905.90753 507290795293.46375 -14270361694.147474
543770906383.8567 507292829751.8765 -14270329604.785622
543769094854.80896 507294864203.7699 -14270297515.240152
543767283318.7643 507296898649.14386 -14270265425.511066
543765471775.7227 507298933087.9984 -14270233335.598366
543763660225.68427 507300967520.3335 -14270201245.50205
543761848668.649 507303001946.1491 -14270169155.22212
543760037104.6169 507305036365.4452 -14270137064.758575
543758225533.58795 507307070778.22174 -14270104974.111416
543756413955.56226 507309105184.47876 -14270072883.280643
543754602370.5398 507311139584.2162 -14270040792.266258
543752790778.5206 507313173977.434 -14270008701.06826
543750979179.50476 507315208364.1322 -14269976609.686651
543749167573.49225 507317242744.3107 -14269944518.12143
543747355960.4831 507319277117.9696 -14269912426.372597
543745544340.4773 507321311485.10876 -14269880334.440155
543743732713.4749 507323345845.7282 -14269848242.324102
543741921079.47595 507325380199.8279 -14269816150.02444
543740109438.4804 507327414547.4078 -14269784057.541168
543738297790.48834 507329448888.4679 -14269751964.874289
543736486135.4998 507331483223.0082 -14269719872.0238
543734674473.51483 507333517551.0286 -14269687778.989704
543732862804.5334 507335551872.5292 -14269655685.772
543731051128.5555 507337586187.5098 -14269623592.370687
543729239445.5812 507339620495.9706 -14269591498.78577
543727427755.61053 507341654797.9114 -14269559405.017246
543725616058.64355 507343689093.3322 -14269527311.065117
543723804354.68024 507345723382.23303 -14269495216.929382
543721992643.72064 507347757664.61383 -14269463122.610043
543720180925.7648 507349791940.47455 -14269431028.1071
543718369200.8126 507351826209.81525 -14269398933.420553
543716557468.86426 507353860472.6358 -14269366838.550404
543714745729.9197 507355894728.9363 -14269334743.49665
543712933983.97894 507357928978.7166 -14269302648.259295
543711122231.04205 507359963221.97675 -14269270552.838337
543709310471.1091 507361997458.7167 -14269238457.233778
543707498704.18 507364031688.9364 -14269206361.445618
543705686930.2548 507366065912.63586 -14269174265.473858
543703875149.3336 507368100129.81506 -14269142169.318497
543702063361.4164 507370134340.474 -14269110072.979536
543700251566.5032 507372168544.6126 -14269077976.456978
543698439764.594 507374202742.2309 -14269045879.75082
543696627955.68884 507376236933.3288 -14269013782.861065
543694816139.7878 507378271117.9063 -14268981685.78771
543693004316.8908 507380305295.96344 -14268949588.53076
543691192486.998 507382339467.5001 -14268917491.090212
543689380650.1093 507384373632.51636 -14268885393.466068
543687568806.2248 507386407791.0121 -14268853295.658327
543685756955.3445 507388441942.9873 -14268821197.66699
543683945097.4684 507390476088.44196 -14268789099.49206
543682133232.59656 507392510227.37604 -14268757001.133533
543680321360.729 507394544359.78955 -14268724902.591413
543678509481.8658 507396578485.68243 -14268692803.8657
543676697596.0069 507398612605.0547 -14268660704.956392
543674885703.15234 507400646717.9063 -14268628605.863493
543673073803.3022 507402680824.23724 -14268596506.587002
543671261896.4564 507404714924.0475 -14268564407.126919
543669449982.61505 507406749017.337 -14268532307.483244
543667638061.77814 507408783104.1057 -14268500207.655977
543665826133.94574 507410817184.35364 -14268468107.64512
543664014199.1178 507412851258.0808 -14268436007.450674
543662202257.29443 507414885325.2871 -14268403907.072638
543660390308.4756 507416919385.9726 -14268371806.511013
543658578352.6613 507418953440.13715 -14268339705.765799
543656766389.8517 507420987487.7808 -14268307604.836996
543654954420.04663 507423021528.90356 -14268275503.724607
543653142443.2463 507425055563.5054 -14268243402.42863
543651330459.45056 507427089591.5862 -14268211300.949068
543649518468.65955 507429123613.146 -14268179199.285917
543647706470.8733 507431157628.18475 -14268147097.439182
543645894466.0918 507433191636.70245 -14268114995.408861
543644082454.31506 507435225638.6991 -14268082893.194954
543642270435.54315 507437259634.1746 -14268050790.797462
543640458409.77606 507439293623.129 -14268018688.216387
543638646377.0138 507441327605.5623 -14267986585.451729
543636834337.2564 507443361581.4744 -14267954482.503487
543635022290.50397 507445395550.86536 -14267922379.371662
543633210236.7564 507447429513.73505 -14267890276.056255
543631398176.0138 507449463470.0835 -14267858172.557266
543629586108.2762 507451497419.91064 -14267826068.874697
543627774033.5436 507453531363.2165 -14267793965.008547
543625961951.816 507455565300.00104 -14267761860.958817
543624149863.09344 507457599230.2642 -14267729756.725506
543622337767.376 507459633154.00604 -14267697652.308615
543620525664.66364 507461667071.22644 -14267665547.708145
543618713554.9564 507463700981.9254 -14267633442.924097
543616901438.25433 507465734886.10297 -14267601337.95647
543615089314.55743 507467768783.75903 -14267569232.805267
543613277183.8658 507469802674.8936 -14267537127.470486
543611465046.1793 507471836559.5067 -14267505021.952127
543609652901.4981 507473870437.59827 -14267472916.250193
543607840749.8222 507475904309.1682 -14267440810.364683
543606028591.1516 507477938174.2166 -14267408704.295597
543604216425.4863 507479972032.74335 -14267376598.042936
543602404252.8264 507482005884.7485 -14267344491.6067
543600592073.1719 507484039730.23193 -14267312384.986893
543598779886.5227 507486073569.19366 -14267280278.18351
543596967692.87897 507488107401.6337 -14267248171.196554
543595155492.2407 507490141227.55206 -14267216064.026026
543593343284.6079 507492175046.9486 -14267183956.671926
543591531069.98065 507494208859.82336 -14267151849.134254
543589718848.3589 507496242666.17633 -14267119741.413012
543587906619.7427 507498276466.00745 -14267087633.508198
543586094384.1321 507500310259.3167 -14267055525.419813
543584282141.52704 507502344046.10406 -14267023417.14786
543582469891.9277 507504377826.3695 -14266991308.692337
543580657635.3339 507506411600.11304 -14266959200.053246
543578845371.74585 507508445367.3346 -14266927091.230585
543577033101.1635 507510479128.0342 -14266894982.224356
543575220823.5869 507512512882.21173 -14266862873.03456
543573408539.01605 507514546629.86725 -14266830763.661196
543571596247.451 507516580371.00073 -14266798654.104265
543569783948.8917 507518614105.6121 -14266766544.36377
543567971643.33826 507520647833.7014 -14266734434.439707
543566159330.79065 507522681555.26855 -14266702324.332079
543564347011.2489 507524715270.31354 -14266670214.040886
543562534684.7131 507526748978.83636 -14266638103.56613
543560722351.18317 507528782680.837 -14266605992.907808
543558910010.65924 507530816376.31537 -14266573882.065924
543557097663.1413 507532850065.2715 -14266541771.040476
543555285308.62933 507534883747.7053 -14266509659.831467
543553472947.1234 507536917423.6169 -14266477548.438894
543551660578.62354 507538951093.0061 -14266445436.86276
543549848203.12976 507540984755.873 -14266413325.103065
543548035820.6421 507543018412.21747 -14266381213.15981
543546223431.1605 507545052062.03955 -14266349101.032993
543544411034.6851 507547085705.3392 -14266316988.722618
543542598631.2159 507549119342.1164 -14266284876.228683
543540786220.75287 507551152972.3711 -14266252763.55119
543538973803.2961 507553186596.10333 -14266220650.690138
543537161378.8455 507555220213.31305 -14266188537.645527
543535348947.40125 507557253824.0002 -14266156424.417358
543533536508.96326 507559287428.16473 -14266124311.005634
543531724063.5316 507561321025.8067 -14266092197.410353
543529911611.1063 507563354616.9261 -14266060083.631516
543528099151.68744 507565388201.52277 -14266027969.669123
543526286685.27496 507567421779.5968 -14265995855.523174
543524474211.8689 507569455351.14813 -14265963741.19367
543522661731.4693 507571488916.17676 -14265931626.680613
543520849244.0762 507573522474.6826 -14265899511.984001
543519036749.6895 507575556026.6657 -14265867397.103836
543517224248.3094 507577589572.12604 -14265835282.04012
543515411739.93585 507579623111.06354 -14265803166.792849
543513599224.5689 507581656643.4782 -14265771051.362026
543511786702.20856 507583690169.37 -14265738935.747652
543509974172.8548 507585723688.7389 -14265706819.949728
543508161636.5077 507587757201.58484 -14265674703.968252
543506349093.1673 507589790707.9079 -14265642587.803226
543504536542.8336 507591824207.70795 -14265610471.45465
543502723985.50665 507593857700.98505 -14265578354.922525
543500911421.18646 507595891187.73914 -14265546238.206852
543499098849.87305 507597924667.97015 -14265514121.30763
543497286271.5664 507599958141.6781 -14265482004.224861
543495473686.2666 507601991608.863 -14265449886.958544
543493661093.97363 507604025069.5247 -14265417769.50868
543491848494.68756 507606058523.6633 -14265385651.875269
543490035888.4084 507608091971.2788 -14265353534.058311
543488223275.13617 507610125412.3711 -14265321416.05781
543486410654.8709 507612158846.9401 -14265289297.873762
543484598027.6126 507614192274.98596 -14265257179.50617
543482785393.3613 507616225696.50854 -14265225060.955034
543480972752.11707 507618259111.5078 -14265192942.220354
543479160103.8799 507620292519.98376 -14265160823.30213
543477347448.6498 507622325921.9364 -14265128704.200363
543475534786.42676 507624359317.36566 -14265096584.915054
543473722117.2109 507626392706.27155 -14265064465.446203
543471909441.00214 507628426088.65405 -14265032345.79381
543470096757.8006 507630459464.5131 -14265000225.957876
543468284067.60626 507632492833.8487 -14264968105.938402
543466471370.4191 507634526196.6608 -14264935985.735388
543464658666.23926 507636559552.94946 -14264903865.348833
543462845955.06665 507638592902.71454 -14264871744.77874
543461033236.90137 507640626245.95605 -14264839624.025108
543459220511.7434 507642659582.674 -14264807503.087938
543457407779.59283 507644692912.86835 -14264775381.96723
543455595040.44965 507646726236.53906 -14264743260.662985
543453782294.31384 507648759553.68616 -14264711139.175203
543451969541.1855 507650792864.3096 -14264679017.503885
543450156781.0646 507652826168.40924 -14264646895.64903
543448344013.9511 507654859465.9852 -14264614773.61064
543446531239.84515 507656892757.0374 -14264582651.388714
543444718458.74677 507658926041.56586 -14264550528.983253
543442905670.6559 507660959319.5705 -14264518406.394258
543441092875.57263 507662992591.05133 -14264486283.62173
543439280073.49695 507665025856.0083 -14264454160.66567
543437467264.4289 507667059114.4414 -14264422037.526077
543435654448.3685 507669092366.3506 -14264389914.202951
543433841625.3158 507671125611.73584 -14264357790.696293
543432028795.2708 507673158850.59717 -14264325667.006104
543430215958.2335 507675192082.9345 -14264293543.132383
543428403114.204 507677225308.74786 -14264261419.075132
543426590263.18225 507679258528.0372 -14264229294.83435
543424777405.16833 507681291740.8024 -14264197170.41004
543422964540.16223 507683324947.04364 -14264165045.8022
543421151668.164 507685358146.76074 -14264132921.010832
543419338789.17365 507687391339.95374 -14264100796.035934
543417525903.19116 507689424526.6226 -14264068670.87751
543415713010.2166 507691457706.76733 -14264036545.535559
543413900110.25006 507693490880.3878 -14264004420.01008
543412087203.29144 507695524047.48413 -14263972294.301075
543410274289.3409 507697557208.05615 -14263940168.408545
543408461368.3983 507699590362.10394 -14263908042.332489
543406648440.4638 507701623509.62744 -14263875916.072908
543404835505.53735 507703656650.6266 -14263843789.629803
543403022563.619 507705689785.10144 -14263811663.003172
543401209614.7088 507707722913.05194 -14263779536.193018
543399396658.80676 507709756034.478 -14263747409.19934
543397583695.9129 507711789149.3797 -14263715282.02214
543395770726.0273 507713822257.75696 -14263683154.661419
543393957749.14984 507715855359.60974 -14263651027.117176
543392144765.2807 507717888454.93805 -14263618899.389412
543390331774.4198 507719921543.7418 -14263586771.478127
543388518776.5672 507721954626.02106 -14263554643.38332
543386705771.72296 507723987701.77576 -14263522515.104994
543384892759.8871 507726020771.00586 -14263490386.643148
543383079741.0596 507728053833.71136 -14263458257.997784
543381266715.2405 507730086889.8922 -14263426129.1689
543379453682.4298 507732119939.5484 -14263394000.156498
543377640642.6276 507734152982.67993 -14263361870.960579
543375827595.83386 507736186019.28674 -14263329741.581142
543374014542.04865 507738219049.36884 -14263297612.018188
543372201481.272 507740252072.92615 -14263265482.271719
543370388413.50385 507742285089.9587 -14263233352.341734
543368575338.74426 507744318100.46643 -14263201222.228233
543366762256.9933 507746351104.44934 -14263169091.931217
543364949168.251 507748384101.9074 -14263136961.450687
543363136072.51733 507750417092.8406 -14263104830.786644
543361322969.79236 507752450077.24884 -14263072699.939087
543359509860.07605 507754483055.1322 -14263040568.908016
543357696743.3685 507756516026.4906 -14263008437.693432
543355883619.66974 507758548991.32404 -14262976306.295336
543354070488.97974 507760581949.63245 -14262944174.713728
543352257351.2985 507762614901.41583 -14262912042.948608
543350444206.62616 507764647846.67413 -14262879910.999979
543348631054.96265 507766680785.4074 -14262847778.86784
543346817896.308 507768713717.61554 -14262815646.55219
543345004730.66223 507770746643.2986 -14262783514.053032
543343191558.02545 507772779562.4565 -14262751381.370363
543341378378.3976 507774812475.0892 -14262719248.504187
543339565191.77875 507776845381.19666 -14262687115.454502
543337751998.1689 507778878280.77893 -14262654982.22131
543335938797.56805 507780911173.836 -14262622848.80461
543334125589.97626 507782944060.3678 -14262590715.204403
543332312375.39355 507784976940.37427 -14262558581.42069
543330499153.81995 507787009813.8554 -14262526447.453472
543328685925.2555 507789042680.8112 -14262494313.302748
543326872689.7002 507791075541.24164 -14262462178.96852
543325059447.1541 507793108395.14667 -14262430044.450787
543323246197.6172 507795141242.5263 -14262397909.74955
543321432941.08954 507797174083.3805 -14262365774.864809
543319619677.5711 507799206917.7092 -14262333639.796566
543317806407.06195 507801239745.51245 -14262301504.54482
543315993129.56213 507803272566.79016 -14262269369.109573
543314179845.07166 507805305381.54236 -14262237233.490824
543312366553.5905 507807338189.769 -14262205097.688574
543310553255.1188 507809370991.47 -14262172961.702822
543308739949.65643 507811403786.6454 -14262140825.53357
543306926637.2035 507813436575.29517 -14262108689.180819
543305113317.76 507815469357.41925 -14262076552.644567
543303299991.32605 507817502133.01764 -14262044415.924818
543301486657.90155 507819534902.09033 -14262012279.02157
543299673317.48663 507821567664.63727 -14261980141.934824
543297859970.08124 507823600420.65845 -14261948004.66458
543296046615.6854 507825633170.1539 -14261915867.210838
543294233254.29926 507827665913.1235 -14261883729.5736
543292419885.92267 507829698649.56726 -14261851591.752867
543290606510.5558 507831731379.48517 -14261819453.748638
543288793128.19855 507833764102.8772 -14261787315.560913
543286979738.851 507835796819.7433 -14261755177.189693
543285166342.51324 507837829530.0835 -14261723038.63498
543283352939.18524 507839862233.8977 -14261690899.896772
543281539528.867 507841894931.186 -14261658760.97507
543279726111.5586 507843927621.9482 -14261626621.869877
543277912687.26 507845960306.1844 -14261594482.58119
543276099255.97125 507847992983.89453 -14261562343.10901
543274285817.6924 507850025655.0786 -14261530203.45334
543272472372.4234 507852058319.7366 -14261498063.61418
543270658920.16437 507854090977.8684 -14261465923.591528
543268845460.9153 507856123629.4741 -14261433783.385386
543267031994.6762 507858156274.55365 -14261401642.995754
543265218521.44714 507860188913.10693 -14261369502.422634
543263405041.2281 507862221545.13403 -14261337361.666025
543261591554.0191 507864254170.6348 -14261305220.725927
543259778059.8202 507866286789.6094 -14261273079.60234
543257964558.6314 507868319402.0576 -14261240938.295267
543256151050.45276 507870352007.97955 -14261208796.804707
543254337535.28424 507872384607.3751 -14261176655.13066
543252524013.1259 507874417200.2443 -14261144513.273127
543250710483.9778 507876449786.5871 -14261112371.232107
543248896947.8399 507878482366.40344 -14261080229.007603
543247083404.7123 507880514939.69336 -14261048086.599613
543245269854.5949 507882547506.4568 -14261015944.00814
543243456297.48785 507884580066.6937 -14260983801.233185
543241642733.3912 507886612620.4042 -14260951658.274744
543239829162.3048 507888645167.5881 -14260919515.132822
543238015584.2288 507890677708.2454 -14260887371.807417
543236201999.16327 507892710242.37616 -14260855228.29853
543234388407.10815 507894742769.9803 -14260823084.606161
543232574808.0635 507896775291.05774 -14260790940.73031
543230761202.0293 507898807805.6085 -14260758796.67098
543228947589.0056 507900840313.6326 -14260726652.42817
543227133968.9925 507902872815.13 -14260694508.001879
543225320341.9899 507904905310.10065 -14260662363.392109
543223506707.9979 507906937798.5445 -14260630218.598862
543221693067.01654 507908970280.46155 -14260598073.622135
543219879419.0458 507911002755.8518 -14260565928.461931
543218065764.0857 507913035224.7152 -14260533783.11825
543216252102.1363 507915067687.05176 -14260501637.591091
543214438433.1976 507917100142.86145 -14260469491.880457
543212624757.2696 507919132592.1442 -14260437345.986345
543210811074.35236 507921165034.9 -14260405199.908758
543208997384.4459 507923197471.1289 -14260373053.647697
543207183687.5503 507925229900.83075 -14260340907.203161
543205369983.6655 507927262324.0056 -14260308760.575151
543203556272.7916 507929294740.65344 -14260276613.763668
543201742554.9286 507931327150.77423 -14260244466.768711
543199928830.0765 507933359554.3679 -14260212319.59028
543198115098.2353 507935391951.4345 -14260180172.228378
543196301359.405 507937424341.97394 -14260148024.683004
543194487613.58575 507939456725.9862 -14260115876.954159
543192673860.7775 507941489103.4713 -14260083729.041842
543190860100.9803 507943521474.4292 -14260051580.946054
543189046334.19415 507945553838.85986 -14260019432.666798
543187232560.41907 507947586196.76324 -14259987284.204071
543185418779.6551 507949618548.13934 -14259955135.557875
543183604991.9023 507951650892.98816 -14259922986.72821
543181791197.1606 507953683231.30963 -14259890837.715078
543179977395.4301 507955715563.10376 -14259858688.518478
543178163586.7108 507957747888.3705 -14259826539.13841
543176349771.00275 507959780207.1098 -14259794389.574877
543174535948.30597 507961812519.3217 -14259762239.827875
543172722118.6205 507963844825.00616 -14259730089.897408
543170908281.9463 507965877124.16315 -14259697939.783476
543169094438.28345 507967909416.7926 -14259665789.486078
543167280587.63196 507969941702.89453 -14259633639.005217
543165466729.9918 507971973982.46893 -14259601488.34089
543163652865.3631 507974006255.51575 -14259569337.493101
543161838993.74585 507976038522.035 -14259537186.46185
543160025115.14 507978070782.02655 -14259505035.247133
543158211229.5457 507980103035.4905 -14259472883.848955
543156397336.9629 507982135282.42676 -14259440732.267315
543154583437.3916 507984167522.8353 -14259408580.502214
543152769530.83185 507986199756.7162 -14259376428.553652
543150955617.2837 507988231984.0693 -14259344276.421629
543149141696.74713 507990264204.8946 -14259312124.106148
543147327769.2222 507992296419.19214 -14259279971.607206
543145513834.709 507994328626.96185 -14259247818.924807
543143699893.20746 507996360828.20374 -14259215666.058947
543141885944.7176 507998393022.9177 -14259183513.00963
543140071989.2395 508000425211.1038 -14259151359.776855
543138258026.77313 508002457392.762 -14259119206.360622
543136444057.31854 508004489567.8923 -14259087052.760933
543134630080.8758 508006521736.49457 -14259054898.977787
543132816097.4449 508008553898.56885 -14259022745.011187
543131002107.0258 508010586054.1151 -14258990590.86113
543129188109.61865 508012618203.13336 -14258958436.527618
543127374105.2234 508014650345.62354 -14258926282.010653
543125560093.8401 508016682481.58563 -14258894127.310232
543123746075.4687 508018714611.0196 -14258861972.42636
543121932050.1093 508020746733.9254 -14258829817.359034
543120118017.76196 508022778850.3031 -14258797662.108255
543118303978.42664 508024810960.1526 -14258765506.674025
543116489932.10333 508026843063.4738 -14258733351.056341
543114675878.7921 508028875160.26685 -14258701195.255207
543112861818.49304 508030907250.5316 -14258669039.270622
543111047751.2061 508032939334.26807 -14258636883.102587
543109233676.93134 508034971411.47626 -14258604726.751102
543107419595.66876 508037003482.15607 -14258572570.216167
543105605507.4184 508039035546.30756 -14258540413.497784
543103791412.18024 508041067603.93066 -14258508256.595951
543101977309.95435 508043099655.0253 -14258476099.510672
543100163200.7407 508045131699.59155 -14258443942.241943
543098349084.5394 508047163737.62933 -14258411784.789768
543096534961.35046 508049195769.1386 -14258379627.154146
543094720831.1739 508051227794.1194 -14258347469.33508
543092906694.00964 508053259812.57166 -14258315311.332565
543091092549.85785 508055291824.49536 -14258283153.146606
543089278398.7185 508057323829.8905 -14258250994.777203
543087464240.5916 508059355828.757 -14258218836.224354
543085650075.4772 508061387821.0949 -14258186677.488062
543083835903.37524 508063419806.9042 -14258154518.568327
543082021724.2859 508065451786.18475 -14258122359.465149
543080207538.20905 508067483758.9366 -14258090200.178528
543078393345.14484 508069515725.1597 -14258058040.708466
543076579145.0932 508071547684.8541 -14258025881.05496
543074764938.0542 508073579638.0197 -14257993721.218014
543072950724.0279 508075611584.6565 -14257961561.197628
543071136503.0143 508077643524.76447 -14257929400.993801
543069322275.01337 508079675458.34357 -14257897240.606535
543067508040.0252 508081707385.3938 -14257865080.03583
543065693798.0498 508083739305.91516 -14257832919.281685
543063879549.08716 508085771219.9076 -14257800758.3441
543062065293.1373 508087803127.3711 -14257768597.22308
543060251030.2003 508089835028.3056 -14257736435.918621
543058436760.2762 508091866922.7111 -14257704274.430725
543056622483.3649 508093898810.5876 -14257672112.759394
543054808199.4666 508095930691.93506 -14257639950.904625
543052993908.58124 508097962566.7534 -14257607788.86642
543051179610.7088 508099994435.0427 -14257575626.644781
543049365305.84937 508102026296.80286 -14257543464.239708
543047550994.0029 508104058152.0339 -14257511301.6512
543045736675.16956 508106090000.7357 -14257479138.879257
543043922349.34924 508108121842.9084 -14257446975.923882
543042108016.542 508110153678.5518 -14257414812.785074
543040293676.74786 508112185507.666 -14257382649.462833
543038479329.96686 508114217330.251 -14257350485.95716
543036664976.19904 508116249146.30664 -14257318322.268057
543034850615.4444 508118280955.83295 -14257286158.395521
543033036247.70294 508120312758.82996 -14257253994.339556
543031221872.97473 508122344555.29755 -14257221830.10016
543029407491.25977 508124376345.2358 -14257189665.677336
543027593102.5581 508126408128.6446 -14257157501.071081
543025778706.86975 508128439905.524 -14257125336.281397
543023964304.19476 508130471675.8739 -14257093171.308285
543022149894.53314 508132503439.69434 -14257061006.151745
543020335477.8849 508134535196.9852 -14257028840.811777
543018521054.25006 508136566947.74664 -14256996675.288383
543016706623.62866 508138598691.97845 -14256964509.581562
543014892186.0207 508140630429.68066 -14256932343.691315
543013077741.4262 508142662160.8533 -14256900177.617641
543011263289.8453 508144693885.4963 -14256868011.360544
