52594745734.07153 -14091013699.370861 -6022197772.580765
52595257928.348915 -14081137133.660397 -6021437289.545823
52595768482.812225 -14071260151.137915 -6020676622.038082
52596277397.26882 -14061382752.059513 -6019915770.060801
52596784671.526085 -14051504936.68136 -6019154733.617246
52597290305.39141 -14041626705.259697 -6018393512.7106905
52597794298.672226 -14031748058.050833 -6017632107.344417
52598296651.175964 -14021868995.31115 -6016870517.521714
52598797362.71008 -14011989517.2971 -6016108743.245879
52599296433.08207 -14002109624.265207 -6015346784.520217
52599793862.09942 -13992229316.472067 -6014584641.348041
52600289649.56966 -13982348594.174345 -6013822313.732669
52600783795.300316 -13972467457.62878 -6013059801.67743
52601276299.09896 -13962585907.092178 -6012297105.185659
52601767160.77318 -13952703942.82142 -6011534224.2607
52602256380.13057 -13942821565.073458 -6010771158.905903
52602743956.97875 -13932938774.105309 -6010007909.124626
52603229891.12537 -13923055570.174068 -6009244474.920236
52603714182.37808 -13913171953.5369 -6008480856.296105
52604196830.54458 -13903287924.451038 -6007717053.255616
52604677835.43256 -13893403483.173792 -6006953065.802158
52605157196.849754 -13883518629.962536 -6006188893.939128
52605634914.603905 -13873633365.07472 -6005424537.6699295
52606110988.50277 -13863747688.767864 -6004659996.997976
52606585418.35414 -13853861601.299559 -6003895271.926687
52607058203.96583 -13843975102.927465 -6003130362.45949
52607529345.14565 -13834088193.909319 -6002365268.59982
52607998841.70147 -13824200874.502924 -6001599990.351121
52608466693.44114 -13814313144.966156 -6000834527.716843
52608932900.172554 -13804425005.556963 -6000068880.700444
52609397461.70362 -13794536456.533365 -5999303049.305392
52609860377.84227 -13784647498.15345 -5998537033.53516
52610321648.396454 -13774758130.67538 -5997770833.3932295
52610781273.17415 -13764868354.35739 -5997004448.88309
52611239251.98334 -13754978169.457779 -5996237880.008239
52611695584.63204 -13745087576.234926 -5995471126.772181
52612150270.92829 -13735196574.947277 -5994704189.178429
52612603310.680145 -13725305165.85335 -5993937067.230503
52613054703.69567 -13715413349.211733 -5993169760.9319315
52613504449.782974 -13705521125.281088 -5992402270.28625
52613952548.75017 -13695628494.320147 -5991634595.297002
52614399000.40539 -13685735456.587713 -5990866735.967739
52614843804.55679 -13675842012.342663 -5990098692.302021
52615286961.012566 -13665948161.843943 -5989330464.303413
52615728469.58091 -13656053905.350569 -5988562051.975492
52616168330.070045 -13646159243.121632 -5987793455.321838
52616606542.288216 -13636264175.416292 -5987024674.346044
52617043106.043686 -13626368702.493782 -5986255709.051704
52617478021.14474 -13616472824.613405 -5985486559.442428
52617911287.39968 -13606576542.034538 -5984717225.521826
52618342904.616844 -13596679855.016626 -5983947707.293521
52618772872.60457 -13586782763.81919 -5983178004.761142
52619201191.171234 -13576885268.701815 -5982408117.928326
52619627860.12522 -13566987369.924166 -5981638046.798717
52620052879.27495 -13557089067.745975 -5980867791.375967
52620476248.42885 -13547190362.427048 -5980097351.663737
52620897967.39538 -13537291254.227259 -5979326727.665696
52621318035.98301 -13527391743.406557 -5978555919.385518
52621736454.00024 -13517491830.22496 -5977784926.826888
52622153221.255585 -13507591514.94256 -5977013749.993497
52622568337.557594 -13497690797.819519 -5976242388.889043
52622981802.71482 -13487789679.116072 -5975470843.517234
52623393616.53585 -13477888159.092522 -5974699113.881785
52623803778.829285 -13467986238.009249 -5973927199.98642
52624212289.40375 -13458083916.126701 -5973155101.834867
52624619148.06789 -13448181193.7054 -5972382819.430865
52625024354.63037 -13438278071.005938 -5971610352.778161
52625427908.89989 -13428374548.288977 -5970837701.880508
52625829810.68515 -13418470625.815254 -5970064866.741669
52626230059.79489 -13408566303.845577 -5969291847.365413
52626628656.037865 -13398661582.640825 -5968518643.755517
52627025599.22285 -13388756462.46195 -5967745255.915767
52627420889.15863 -13378850943.569973 -5966971683.849956
52627814525.65404 -13368945026.22599 -5966197927.561884
52628206508.517914 -13359038710.691166 -5965423987.055361
52628596837.55911 -13349131997.22674 -5964649862.334204
52628985512.586525 -13339224886.09402 -5963875553.402236
52629372533.40906 -13329317377.55439 -5963101060.263291
52629757899.83563 -13319409471.869303 -5962326382.921209
52630141611.6752 -13309501169.300282 -5961551521.379838
52630523668.73673 -13299592470.108925 -5960776475.643033
52630904070.829216 -13289683374.556902 -5960001245.714659
52631282817.76167 -13279773882.905954 -5959225831.598587
52631659909.34314 -13269863995.417892 -5958450233.298697
52632035345.38267 -13259953712.354603 -5957674450.818878
52632409125.68934 -13250043033.97804 -5956898484.163024
52632781250.07226 -13240131960.550234 -5956122333.335037
52633151718.340546 -13230220492.333284 -5955345998.33883
52633520530.30335 -13220308629.589363 -5954569479.178322
52633887685.769844 -13210396372.580713 -5953792775.857439
52634253184.54921 -13200483721.569653 -5953015888.380116
52634617026.45066 -13190570676.818567 -5952238816.750297
52634979211.28343 -13180657238.589918 -5951461560.9719305
52635339738.85678 -13170743407.146236 -5950684121.048977
52635698608.97998 -13160829182.750128 -5949906496.985402
52636055821.46233 -13150914565.664267 -5949128688.78518
52636411376.11317 -13140999556.1514 -5948350696.452293
52636765272.74181 -13131084154.474348 -5947572519.990732
52637117511.15765 -13121168360.896004 -5946794159.404494
52637468091.17007 -13111252175.679329 -5946015614.697586
52637817012.58846 -13101335599.087362 -5945236885.874022
52638164275.22228 -13091418631.38321 -5944457972.937822
52638509878.880974 -13081501272.830051 -5943678875.893019
52638853823.374016 -13071583523.691141 -5942899594.743649
52639196108.51091 -13061665384.229801 -5942120129.493757
52639536734.10118 -13051746854.709429 -5941340480.147398
52639875699.95438 -13041827935.393492 -5940560646.708632
52640213005.88006 -13031908626.54553 -5939780629.181531
52640548651.68781 -13021988928.42916 -5939000427.57017
52640882637.187256 -13012068841.308062 -5938220041.878636
52641214962.18802 -13002148365.445993 -5937439472.111022
52641545626.49976 -12992227501.106787 -5936658718.271428
52641874629.93217 -12982306248.55434 -5935877780.363965
52642201972.29493 -12972384608.052628 -5935096658.39275
52642527653.39777 -12962462579.865696 -5934315352.361907
52642851673.05045 -12952540164.257662 -5933533862.275571
52643174031.06273 -12942617361.492716 -5932752188.137881
52643494727.2444 -12932694171.83512 -5931970329.952989
52643813761.40528 -12922770595.549208 -5931188287.725049
52644131133.3552 -12912846632.89939 -5930406061.458228
52644446842.90403 -12902922284.15014 -5929623651.156699
52644760889.86165 -12892997549.566013 -5928841056.824643
52645073274.03796 -12883072429.411633 -5928058278.4662485
52645383995.24289 -12873146923.951693 -5927275316.085713
52645693053.28639 -12863221033.450962 -5926492169.687242
52646000447.97844 -12853294758.174282 -5925708839.275047
52646306179.12903 -12843368098.386564 -5924925324.853351
52646610246.54818 -12833441054.352795 -5924141626.426381
52646912650.04594 -12823513626.33803 -5923357743.998376
52647213389.432365 -12813585814.607399 -5922573677.57358
52647512464.51755 -12803657619.426105 -5921789427.156246
52647809875.111595 -12793729041.059423 -5921004992.750636
52648105621.02464 -12783800079.772701 -5920220374.361018
52648399702.06685 -12773870735.831356 -5919435571.991671
52648692118.04839 -12763941009.500881 -5918650585.646878
52648982868.77948 -12754010901.046839 -5917865415.330934
52649271954.070335 -12744080410.734867 -5917080061.048139
52649559373.73121 -12734149538.830675 -5916294522.802802
52649845127.572365 -12724218285.600042 -5915508800.599241
52650129215.404106 -12714286651.308825 -5914722894.441782
52650411637.03675 -12704354636.222948 -5913936804.334757
52650692392.28063 -12694422240.60841 -5913150530.282508
52650971480.94612 -12684489464.731283 -5912364072.289385
52651248902.843605 -12674556308.857712 -5911577430.359745
52651524657.78349 -12664622773.25391 -5910790604.497953
52651798745.576225 -12654688858.186169 -5910003594.7083845
52652071166.03225 -12644754563.920849 -5909216400.9954195
52652341918.96205 -12634819890.724382 -5908429023.363448
52652611004.17614 -12624884838.863277 -5907641461.816869
52652878421.48503 -12614949408.604113 -5906853716.360086
52653144170.69929 -12605013600.213541 -5906065786.997516
52653408251.62948 -12595077413.958284 -5905277673.733579
52653670664.0862 -12585140850.10514 -5904489376.572705
52653931407.880066 -12575203908.920979 -5903700895.519334
52654190482.82173 -12565266590.67274 -5902912230.577911
52654447888.72186 -12555328895.627441 -5902123381.752892
52654703625.39115 -12545390824.052168 -5901334349.048737
52654957692.64031 -12535452376.214079 -5900545132.469917
52655210090.28008 -12525513552.38041 -5899755732.020912
52655460818.12122 -12515574352.818462 -5898966147.706208
52655709875.97452 -12505634777.795616 -5898176379.5303
52655957263.65078 -12495694827.57932 -5897386427.497691
52656202980.96084 -12485754502.437101 -5896596291.612892
52656447027.71555 -12475813802.63655 -5895805971.880423
52656689403.7258 -12465872728.445341 -5895015468.30481
52656930108.80249 -12455931280.13121 -5894224780.890589
52657169142.756546 -12445989457.961975 -5893433909.642303
52657406505.39892 -12436047262.20552 -5892642854.564506
52657642196.54058 -12426104693.129807 -5891851615.661755
52657876215.99254 -12416161751.002867 -5891060192.938619
52658108563.56581 -12406218436.092804 -5890268586.399674
52658339239.07144 -12396274748.667797 -5889476796.049505
52658568242.3205 -12386330688.996098 -5888684821.892703
52658795573.12409 -12376386257.34603 -5887892663.933869
52659021231.29333 -12366441453.985987 -5887100322.177612
52659245216.63934 -12356496279.18444 -5886307796.628549
52659467528.97331 -12346550733.209932 -5885515087.291304
52659688168.10642 -12336604816.331076 -5884722194.170509
52659907133.84989 -12326658528.816559 -5883929117.270808
52660124426.01495 -12316711870.935144 -5883135856.596849
52660340044.41287 -12306764842.955664 -5882342412.15329
52660553988.854935 -12296817445.147024 -5881548783.944796
52660766259.15245 -12286869677.778204 -5880754971.976041
52660976855.11675 -12276921541.118256 -5879960976.251707
52661185776.559204 -12266973035.436304 -5879166796.7764845
52661393023.29118 -12257024161.001547 -5878372433.555072
52661598595.1241 -12247074918.083256 -5877577886.5921755
52661802491.869385 -12237125306.950775 -5876783155.89251
52662004713.338486 -12227175327.87352 -5875988241.460799
52662205259.342896 -12217224981.120981 -5875193143.301774
52662404129.69411 -12207274266.962723 -5874397861.420173
52662601324.20365 -12197323185.668379 -5873602395.820744
52662796842.68308 -12187371737.507658 -5872806746.508243
52662990684.94398 -12177419922.750343 -5872010913.487433
52663182850.79794 -12167467741.666288 -5871214896.763088
52663373340.056595 -12157515194.525421 -5870418696.339987
52663562152.53159 -12147562281.597744 -5869622312.2229185
52663749288.03461 -12137609003.15333 -5868825744.416679
52663934746.377335 -12127655359.462324 -5868028992.926075
52664118527.3715 -12117701350.794949 -5867232057.7559185
52664300630.82885 -12107746977.421497 -5866434938.911031
52664481056.56116 -12097792239.612335 -5865637636.396242
52664659804.380226 -12087837137.637901 -5864840150.21639
52664836874.09787 -12077881671.76871 -5864042480.37632
52665012265.52594 -12067925842.275343 -5863244626.880887
52665185978.4763 -12057969649.428463 -5862446589.734954
52665358012.760864 -12048013093.4988 -5861648368.943391
52665528368.191536 -12038056174.75716 -5860849964.511077
52665697044.58026 -12028098893.47442 -5860051376.4429
52665864041.73901 -12018141249.921532 -5859252604.743755
52666029359.47979 -12008183244.36952 -5858453649.418547
52666192997.61461 -11998224877.089483 -5857654510.472186
52666354955.95551 -11988266148.35259 -5856855187.909594
52666515234.31457 -11978307058.430088 -5856055681.735699
52666673832.50387 -11968347607.593292 -5855255991.955437
52666830750.33554 -11958387796.113594 -5854456118.573754
52666985987.62172 -11948427624.262457 -5853656061.595604
52667139544.174576 -11938467092.311417 -5852855821.025948
52667291419.806305 -11928506200.532085 -5852055396.869755
52667441614.329124 -11918544949.196146 -5851254789.132004
52667590127.55528 -11908583338.575357 -5850453997.817681
52667736959.29704 -11898621368.941547 -5849653022.931782
52667882109.3667 -11888659040.56662 -5848851864.479308
52668025577.57657 -11878696353.722553 -5848050522.465272
52668167363.739 -11868733308.681396 -5847248996.894693
52668307467.66636 -11858769905.715273 -5846447287.772599
52668445889.171036 -11848806145.09638 -5845645395.104027
52668582628.06545 -11838842027.096987 -5844843318.89402
52668717684.162056 -11828877551.989439 -5844041059.147632
52668851057.273315 -11818912720.046152 -5843238615.869924
52668982747.21172 -11808947531.539616 -5842435989.065965
52669112753.7898 -11798981986.742395 -5841633178.740832
52669241076.82009 -11789016085.927128 -5840830184.899613
52669367716.115166 -11779049829.366522 -5840027007.547401
52669492671.487625 -11769083217.333364 -5839223646.6893
52669615942.750084 -11759116250.10051 -5838420102.33042
52669737529.715195 -11749148927.940891 -5837616374.47588
52669857432.195625 -11739181251.127512 -5836812463.130808
52669975650.004074 -11729213219.93345 -5836008368.300341
52670092182.95326 -11719244834.631857 -5835204089.989622
52670207030.85594 -11709276095.495956 -5834399628.203805
52670320193.52488 -11699307002.799047 -5833594982.9480505
52670431670.77288 -11689337556.814503 -5832790154.227528
52670541462.41277 -11679367757.815765 -5831985142.047415
52670649568.2574 -11669397606.076357 -5831179946.412898
52670755988.119644 -11659427101.869867 -5830374567.329171
52670860721.8124 -11649456245.469963 -5829569004.801437
52670963769.1486 -11639485037.150385 -5828763258.8349085
52671065129.94119 -11629513477.184944 -5827957329.434803
52671164804.00317 -11619541565.847528 -5827151216.60635
52671262791.147514 -11609569303.412098 -5826344920.354785
52671359091.18727 -11599596690.152685 -5825538440.685353
52671453703.93549 -11589623726.343397 -5824731777.603307
52671546629.20526 -11579650412.258417 -5823924931.113908
52671637866.809685 -11569676748.171999 -5823117901.222426
52671727416.5619 -11559702734.358469 -5822310687.93414
52671815278.275055 -11549728371.092232 -5821503291.254336
52671901451.762344 -11539753658.64776 -5820695711.188309
52671985936.836975 -11529778597.299606 -5819887947.741362
52672068733.31219 -11519803187.322392 -5819080000.918807
52672149841.001236 -11509827428.990812 -5818271870.725965
52672229259.717415 -11499851322.579638 -5817463557.168163
52672306989.27404 -11489874868.363712 -5816655060.25074
52672383029.48445 -11479898066.617956 -5815846379.97904
52672457380.16202 -11469920917.617357 -5815037516.3584175
52672530041.12013 -11459943421.636984 -5814228469.394235
52672601012.17221 -11449965578.951973 -5813419239.091862
52672670293.1317 -11439987389.837538 -5812609825.456678
52672737883.812065 -11430008854.568964 -5811800228.494071
52672803784.02681 -11420029973.421612 -5810990448.209436
52672867993.58946 -11410050746.670916 -5810180484.608179
52672930512.31357 -11400071174.592382 -5809370337.695712
52672991340.012695 -11390091257.461596 -5808560007.477456
52673050476.50046 -11380110995.554209 -5807749493.95884
52673107921.59048 -11370130389.14595 -5806938797.145304
52673163675.09641 -11360149438.512625 -5806127917.042293
52673217736.83195 -11350168143.930109 -5805316853.655262
52673270106.61078 -11340186505.674353 -5804505606.9896755
52673320784.24665 -11330204524.021381 -5803694177.051005
52673369769.55332 -11320222199.247293 -5802882563.844731
52673417062.344574 -11310239531.62826 -5802070767.376343
52673462662.43423 -11300256521.440529 -5801258787.651337
52673506569.636116 -11290273168.960419 -5800446624.675219
52673548783.764114 -11280289474.464325 -5799634278.453504
52673589304.6321 -11270305438.228714 -5798821748.9917145
52673628132.05401 -11260321060.530128 -5798009036.295382
52673665265.84378 -11250336341.645184 -5797196140.370045
52673700705.815384 -11240351281.850569 -5796383061.221252
52673734451.78282 -11230365881.42305 -5795569798.854562
52673766503.56013 -11220380140.639462 -5794756353.2755375
52673796860.96134 -11210394059.776718 -5793942724.489753
52673825523.80055 -11200407639.111803 -5793128912.50279
52673852491.89186 -11190420878.921778 -5792314917.320241
52673877765.0494 -11180433779.483774 -5791500738.947703
52673901343.087326 -11170446341.075 -5790686377.390785
52673923225.81983 -11160458563.97274 -5789871832.655103
52673943413.06113 -11150470448.454348 -5789057104.746282
52673961904.62546 -11140481994.79725 -5788242193.669953
52673978700.32708 -11130493203.278955 -5787427099.431761
52673993799.98029 -11120504074.17704 -5786611822.0373535
52674007203.39942 -11110514607.769156 -5785796361.492391
52674018910.39881 -11100524804.333027 -5784980717.80254
52674028920.79283 -11090534664.146456 -5784164890.973476
52674037234.39589 -11080544187.487316 -5783348881.010884
52674043851.022415 -11070553374.633556 -5782532687.920457
52674048770.48686 -11060562225.863197 -5781716311.707896
52674051992.603714 -11050570741.454338 -5780899752.378911
52674053517.18748 -11040578921.685146 -5780083009.93922
52674053344.05269 -11030586766.83387 -5779266084.394551
52674051473.013916 -11020594277.178827 -5778448975.75064
52674047903.88575 -11010601452.99841 -5777631684.013229
52674042636.48281 -11000608294.571085 -5776814209.188073
52674035670.61974 -10990614802.175398 -5775996551.280932
52674027006.11121 -10980620976.08996 -5775178710.297576
52674016642.77193 -10970626816.593464 -5774360686.243783
52674004580.41662 -10960632323.964674 -5773542479.125341
52673990818.86003 -10950637498.482428 -5772724088.948046
52673975357.916954 -10940642340.425638 -5771905515.7177
52673958197.4022 -10930646850.073292 -5771086759.440117
52673939337.13059 -10920651027.704449 -5770267820.121118
52673918776.91701 -10910654873.598246 -5769448697.766533
52673896516.57634 -10900658388.033894 -5768629392.3822
52673872555.9235 -10890661571.290674 -5767809903.973967
52673846894.77344 -10880664423.647947 -5766990232.5476885
52673819532.94113 -10870666945.385145 -5766170378.109229
52673790470.24158 -10860669136.781775 -5765350340.664462
52673759706.48981 -10850670998.117416 -5764530120.219269
52673727241.50088 -10840672529.671726 -5763709716.779539
52673693075.089874 -10830673731.724434 -5762889130.3511715
52673657207.07191 -10820674604.555346 -5762068360.940073
52673619637.262115 -10810675148.444338 -5761247408.55216
52673580365.47567 -10800675363.671364 -5760426273.193357
52673539391.52777 -10790675250.51645 -5759604954.869597
52673496715.233635 -10780674809.2597 -5758783453.586822
52673452336.408516 -10770674040.181292 -5757961769.350981
52673406254.86769 -10760672943.561472 -5757139902.168034
52673358470.42646 -10750671519.680567 -5756317852.043948
52673308982.90017 -10740669768.818977 -5755495618.9847
52673257792.10417 -10730667691.257175 -5754673202.996275
52673204897.85387 -10720665287.27571 -5753850604.084666
52673150299.96466 -10710662557.155203 -5753027822.255877
52673093998.25201 -10700659501.176353 -5752204857.515916
52673035992.53138 -10690656119.619932 -5751381709.870804
52672976282.61828 -10680652412.766785 -5750558379.326569
52672914868.32824 -10670648380.897833 -5749734865.889247
52672851749.476814 -10660644024.294071 -5748911169.564884
52672786925.87959 -10650639343.23657 -5748087290.359535
52672720397.35219 -10640634338.006474 -5747263228.279262
52672652163.710236 -10630629008.885 -5746438983.330135
52672582224.76942 -10620623356.153442 -5745614555.518237
52672510580.34542 -10610617380.09317 -5744789944.849655
52672437230.25398 -10600611080.985624 -5743965151.330487
52672362174.31085 -10590604459.112322 -5743140174.966839
52672285412.33181 -10580597514.754854 -5742315015.764826
52672206944.132675 -10570590248.194887 -5741489673.730571
52672126769.52928 -10560582659.714163 -5740664148.870207
52672044888.3375 -10550574749.594496 -5739838441.189874
52671961300.37323 -10540566518.117775 -5739012550.695723
52671876005.45239 -10530557965.565968 -5738186477.39391
52671789003.39094 -10520549092.221111 -5737360221.290605
52671700294.00485 -10510539898.36532 -5736533782.391981
52671609877.110146 -10500530384.28078 -5735707160.704225
52671517752.52286 -10490520550.24976 -5734880356.233528
52671423920.05905 -10480510396.554592 -5734053368.986093
52671328379.53482 -10470499923.477692 -5733226198.96813
52671231130.7663 -10460489131.301546 -5732398846.185859
52671132173.569626 -10450478020.308716 -5731571310.645507
52671031507.760994 -10440466590.78184 -5730743592.353312
52670929133.15661 -10430454843.003626 -5729915691.315518
52670825049.57271 -10420442777.256863 -5729087607.538382
52670719256.82556 -10410430393.824411 -5728259341.028164
52670611754.73147 -10400417692.989206 -5727430891.791137
52670502543.10674 -10390404675.034258 -5726602259.833581
52670391621.767746 -10380391340.242653 -5725773445.161785
52670278990.53086 -10370377688.897549 -5724944447.782048
52670164649.212494 -10360363721.28218 -5724115267.700676
52670048597.62909 -10350349437.67986 -5723285904.923985
52669930835.597115 -10340334838.373968 -5722456359.458298
52669811362.93307 -10330319923.647966 -5721626631.309949
52669690179.45347 -10320304693.785387 -5720796720.485279
52669567284.974884 -10310289149.06984 -5719966626.99064
52669442679.31389 -10300273289.785007 -5719136350.832389
52669316362.2871 -10290257116.21465 -5718305892.016895
52669188333.71116 -10280240628.642597 -5717475250.550536
52669058593.40274 -10270223827.35276 -5716644426.439697
52668927141.178535 -10260206712.629122 -5715813419.690772
52668793976.855286 -10250189284.75574 -5714982230.310164
52668659100.24974 -10240171544.016745 -5714150858.304286
52668522511.17869 -10230153490.696346 -5713319303.679558
52668384209.458954 -10220135125.078827 -5712487566.4424095
52668244194.90737 -10210116447.448545 -5711655646.599278
52668102467.34083 -10200097458.089931 -5710823544.156613
52667959026.57622 -10190078157.287495 -5709991259.120869
52667813872.43048 -10180058545.325815 -5709158791.49851
52667667004.72058 -10170038622.489552 -5708326141.296012
52667518423.263504 -10160018389.063437 -5707493308.519855
52667368127.87628 -10149997845.332275 -5706660293.176531
52667216118.37595 -10139976991.580952 -5705827095.27254
52667062394.579605 -10129955828.094423 -5704993714.814391
52666906956.30435 -10119934355.15772 -5704160151.808602
52666749803.367325 -10109912573.055952 -5703326406.2617
52666590935.58569 -10099890482.0743 -5702492478.180219
52666430352.77666 -10089868082.498022 -5701658367.5707035
52666268054.75745 -10079845374.61245 -5700824074.439707
52666104041.345314 -10069822358.70299 -5699989598.793791
52665938312.35755 -10059799035.055124 -5699154940.639526
52665770867.61147 -10049775403.954412 -5698320099.983493
52665601706.92442 -10039751465.686485 -5697485076.832279
52665430830.11378 -10029727220.537052 -5696649871.192482
52665258236.99694 -10019702668.791895 -5695814483.070708
52665083927.39135 -10009677810.736872 -5694978912.473572
52664907901.11447 -9999652646.657915 -5694143159.407697
52664730157.983795 -9989627176.841032 -5693307223.879717
52664550697.81685 -9979601401.572308 -5692471105.896273
52664369520.43119 -9969575321.137897 -5691634805.464015
52664186625.644394 -9959548935.824038 -5690798322.589603
52664002013.27408 -9949522245.917036 -5689961657.279705
52663815683.137886 -9939495251.703276 -5689124809.540998
52663627635.0535 -9929467953.469217 -5688287779.380169
52663437868.83861 -9919440351.501394 -5687450566.803911
52663246384.31095 -9909412446.086414 -5686613171.81893
52663053181.28829 -9899384237.510963 -5685775594.431936
52662858259.588425 -9889355726.061802 -5684937834.6496525
52662661619.02917 -9879326912.025764 -5684099892.478809
52662463259.42838 -9869297795.68976 -5683261767.9261465
52662263180.60394 -9859268377.340776 -5682423460.998412
52662061382.37377 -9849238657.265873 -5681584971.702363
52661857864.55581 -9839208635.752184 -5680746300.0447645
52661652626.968025 -9829178313.086924 -5679907446.0323925
52661445669.42843 -9819147689.557377 -5679068409.672031
52661236991.75505 -9809116765.450905 -5678229190.970473
52661026593.76596 -9799085541.054945 -5677389789.934521
52660814475.27925 -9789054016.657011 -5676550206.570984
