45909545096.02136 139426062113.37366 53105962.32270813
45903704566.08907 139427794621.1463 53096394.38280343
45897864041.86876 139429526845.03586 53086819.020563714
45892023523.39455 139431258785.0792 53077236.23849087
45886183010.70055 139432990441.3132 53067646.03908816
45880342503.820854 139434721813.77478 53058048.424860224
45874502002.78954 139436452902.50082 53048443.39831308
45868661507.64068 139438183707.52823 53038830.96195412
45862821018.408295 139439914228.89395 53029211.11829209
45856980535.12643 139441644466.63492 53019583.86983715
45851140057.82908 139443374420.7881 53009949.21910079
45845299586.55025 139445104091.39038 53000307.16859589
45839459121.323906 139446833478.47876 52990657.7208367
45833618662.18401 139448562582.0902 52981000.87833885
45827778209.164505 139450291402.26172 52971336.64361933
45821937762.29931 139452019939.03024 52961665.01919651
45816097321.62233 139453748192.4328 52951986.00759012
45810256887.167465 139455476162.5064 52942299.61132128
45804416458.96858 139457203849.2881 52932605.832912445
45798576037.05954 139458931252.81485 52922904.67488748
45792735621.474174 139460658373.12372 52913196.13977159
45786895212.24631 139462385210.25174 52903480.23009136
45781054809.409744 139464111764.236 52893756.948374756
45775214412.998276 139465838035.11353 52884026.29715109
45769374023.04567 139467564022.9214 52874288.27895105
45763533639.58568 139469289727.6967 52864542.89630669
45757693262.65205 139471015149.4765 52854790.151751444
45751852892.27849 139472740288.29794 52845030.0478201
45746012528.49871 139474465144.19812 52835262.58704881
45740172171.3464 139476189717.21414 52825487.77197511
45734331820.85522 139477914007.38315 52815705.60513788
45728491477.05882 139479638014.74225 52805916.08907737
45722651139.990845 139481361739.3286 52796119.22633521
45716810809.684906 139483085181.17938 52786315.01945439
45710970486.17461 139484808340.33173 52776503.47097925
45705130169.49353 139486531216.8228 52766684.58345552
45699289859.67525 139488253810.68985 52756858.35943026
45693449556.7533 139489976121.97 52747024.80145193
45687609260.76124 139491698150.70047 52737183.91207032
45681768971.73256 139493419896.9185 52727335.69383661
45675928689.70077 139495141360.66125 52717480.149303325
45670088414.69935 139496862541.966 52707617.28102436
45664248146.761765 139498583440.86996 52697747.09155498
45658407885.92147 139500304057.41037 52687869.583451785
45652567632.21189 139502024391.6245 52677984.75927277
45646727385.666435 139503744443.54962 52668092.62157726
45640887146.31851 139505464213.223 52658193.17292597
45635046914.20149 139507183700.68192 52648286.415880956
45629206689.34874 139508902905.96365 52638372.35300563
45623366471.7936 139510621829.10553 52628450.98686478
45617526261.56941 139512340470.14487 52618522.32002455
45611686058.70947 139514058829.11896 52608586.35505243
45605845863.247086 139515776906.06516 52598643.094517276
45600005675.21553 139517494701.02078 52588692.54098931
45594165494.64806 139519212214.02316 52578734.69704011
45588325321.577934 139520929445.10968 52568769.5652426
45582485156.03836 139522646394.31772 52558797.148171075
45576644998.06256 139524363061.68463 52548817.448401175
45570804847.68372 139526079447.2478 52538830.46850991
45564964704.93503 139527795551.04462 52528836.21107564
45559124569.849625 139529511373.1125 52518834.67867807
45553284442.46066 139531226913.4888 52508825.87389829
45547444322.80127 139532942172.211 52498809.79931871
45541604210.90455 139534657149.3165 52488786.457523115
45535764106.80359 139536371844.84274 52478755.85109665
45529924010.53147 139538086258.8272 52468717.982625805
45524083922.12125 139539800391.3073 52458672.85469842
45518243841.60596 139541514242.32053 52448620.4699037
45512403769.01862 139543227811.90433 52438560.8308322
45506563704.39225 139544941100.09622 52428493.94007582
45500723647.75983 139546654106.9337 52418419.800227836
45494883599.15433 139548366832.4542 52408338.413882844
45489043558.6087 139550079276.69528 52398249.783636816
45483203526.1559 139551791439.6945 52388153.91208707
45477363501.82883 139553503321.48932 52378050.80183227
45471523485.66039 139555214922.1173 52367940.45547245
45465683477.68349 139556926241.616 52357822.87560896
45459843477.93098 139558637280.02295 52347698.064844534
45454003486.435715 139560348037.37573 52337566.02578324
45448163503.23054 139562058513.7119 52327426.76103051
45442323528.34827 139563768709.0691 52317280.273193106
45436483561.82169 139565478623.48483 52307126.56487916
45430643603.68361 139567188256.99677 52296965.63869813
45424803653.96678 139568897609.6425 52286797.49726085
45418963712.703964 139570606681.45963 52276622.14317949
45413123779.92789 139572315472.48578 52266439.57906756
45407283855.671265 139574023982.7586 52256249.807539925
45401443939.9668 139575732212.31577 52246052.831212796
45395604032.84717 139577440161.1949 52235848.65270374
45389764134.34504 139579147829.43365 52225637.274631664
45383924244.493065 139580855217.06973 52215418.69961682
45378084363.323875 139582562324.14078 52205192.930280805
45372244490.87008 139584269150.6845 52194959.96924657
45366404627.164276 139585975696.73862 52184719.8191384
45360564772.23905 139587681962.34082 52174472.48258195
45354724926.12696 139589387947.52884 52164217.962204196
45348885088.86056 139591093652.3404 52153956.26063346
45343045260.47237 139592799076.8132 52143687.38049942
45337205440.9949 139594504220.98502 52133411.324433096
45331365630.460655 139596209084.89362 52123128.095066845
45325525828.90211 139597913668.57672 52112837.69503438
45319686036.351715 139599617972.07214 52102540.12697074
45313846252.84193 139601321995.41763 52092235.393512316
45308006478.40517 139603025738.651 52081923.497296855
45302166713.07385 139604729201.81003 52071604.440963425
45296326956.88037 139606432384.93253 52061278.227152444
45290487209.85709 139608135288.0563 52050944.85850568
45284647472.036385 139609837911.2192 52040604.33766623
45278807743.450584 139611540254.45908 52030256.66727854
45272968024.13202 139613242317.81372 52019901.8499884
45267128314.113 139614944101.321 52009539.88844293
45261288613.42581 139616645605.0188 51999170.78529061
45255448922.10273 139618346828.94498 51988794.54318122
45249609240.17601 139620047773.1374 51978411.164765924
45243769567.67789 139621748437.63394 51968020.65269721
45237929904.64059 139623448822.47253 51957623.0096289
45232090251.09632 139625148927.69107 51947218.238216154
45226250607.07727 139626848753.32745 51936806.34111548
45220410972.61561 139628548299.41962 51926387.32098472
45214571347.74349 139630247566.00546 51915961.18048305
45208731732.49306 139631946553.12296 51905527.92227099
45202892126.89642 139633645260.81006 51895087.549010396
45197052530.985695 139635343689.1047 51884640.06336446
45191212944.79296 139637041838.0449 51874185.46799771
45185373368.35029 139638739707.66858 51863723.765576005
45179533801.68973 139640437298.01373 51853254.95876655
45173694244.84331 139642134609.11838 51842779.05023789
45167854697.843056 139643831641.0205 51832296.042659886
45162015160.72097 139645528393.75812 51821805.93870376
45156175633.50903 139647224867.36923 51811308.74104205
45150336116.23921 139648921061.89188 51800804.45234863
45144496608.94346 139650616977.3641 51790293.07529872
45138657111.6537 139652312613.82397 51779774.61256886
45132817624.40186 139654007971.3095 51769249.066836946
45126978147.21984 139655703049.8588 51758716.44078218
45121138680.13951 139657397849.5099 51748176.73708513
45115299223.19274 139659092370.3009 51737629.95842765
45109459776.41138 139660786612.2699 51727076.10749298
45103620339.827255 139662480575.455 51716515.18696566
45097780913.47218 139664174259.8943 51705947.19953156
45091941497.37796 139665867665.6259 51695372.1478779
45086102091.57636 139667560792.68793 51684790.034693226
45080262696.09915 139669253641.11856 51674200.86266741
45074423310.97807 139670946210.9559 51663604.63449166
45068583936.24486 139672638502.23813 51653001.352858506
45062744571.93121 139674330515.0034 51642391.02046182
45056905218.06884 139676022249.28986 51631773.639996804
45051065874.68941 139677713705.1357 51621149.21415998
45045226541.824585 139679404882.57913 51610517.74564921
45039387219.506004 139681095781.65833 51599879.23716368
45033547907.7653 139682786402.4115 51589233.6914039
45027708606.63407 139684476744.87683 51578581.11107173
45021869316.14392 139686166809.0926 51567921.49887033
45016030036.326416 139687856595.097 51557254.857504204
45010190767.21312 139689546102.92825 51546581.18967919
45004351508.83556 139691235332.62466 51535900.49810244
44998512261.22528 139692924284.22446 51525212.78548244
44992673024.41377 139694612957.76593 51514518.054529
44986833798.432526 139696301353.28732 51503816.30795326
44980994583.31302 139697989470.82693 51493107.548467696
44975155379.0867 139699677310.42303 51482391.778786086
44969316185.78501 139701364872.11395 51471669.001623556
44963477003.43938 139703052155.938 51460939.21969655
44957637832.08119 139704739161.93347 51450202.43572284
44951798671.74185 139706425890.13873 51439458.65242153
44945959522.45272 139708112340.59207 51428707.87251302
44940120384.245155 139709798513.33188 51417950.09871907
44934281257.15049 139711484408.39648 51407185.33376274
44928442141.20004 139713170025.82425 51396413.58036844
44922603036.42511 139714855365.65356 51385634.84126187
44916763942.85698 139716540427.9228 51374849.11917008
44910924860.526924 139718225212.67032 51364056.41682143
44905085789.46619 139719909719.93454 51353256.73694561
44899246729.706 139721593949.75388 51342450.08227363
44893407681.27759 139723277902.16675 51331636.45553783
44887568644.21214 139724961577.21155 51320815.859471865
44881729618.540855 139726644974.92673 51309988.2968107
44875890604.29488 139728328095.35074 51299153.77029064
44870051601.50537 139730010938.522 51288312.282649316
44864212610.20345 139731693504.479 51277463.83662566
44858373630.42024 139733375793.2602 51266608.43495993
44852534662.18684 139735057804.90405 51255746.080393724
44846695705.53432 139736739539.44907 51244876.77566993
44840856760.493744 139738420996.93375 51234000.523532785
44835017827.09616 139740102177.39658 51223117.32672782
44829178905.3726 139741783080.87607 51212227.18800191
44823339995.354065 139743463707.41074 51201330.110103235
44817501097.071556 139745144057.0391 51190426.0957813
44811662210.556046 139746824129.7997 51179515.14778691
44805823335.8385 139748503925.7311 51168597.26887222
44799984472.94986 139750183444.87186 51157672.46179068
44794145621.92104 139751862687.2605 51146740.72929707
44788306782.78297 139753541652.9356 51135802.074147485
44782467955.56652 139755220341.9358 51124856.49909933
44776629140.30258 139756898754.2996 51113904.00691134
44770790337.022 139758576890.06564 51102944.60034355
44764951545.75562 139760254749.27252 51091978.282157324
44759112766.53426 139761932331.95886 51081005.05511535
44753273999.38874 139763609638.1633 51070024.92198161
44747435244.34983 139765286667.92444 51059037.88552142
44741596501.44831 139766963421.2809 51048043.94850141
44735757770.714935 139768639898.2714 51037043.11368951
44729919052.18044 139770316098.93454 51026035.383854985
44724080345.87556 139771992023.30902 51015020.7617684
44718241651.83098 139773667671.43347 51003999.25020164
44712402970.07739 139775343043.34662 50992970.851927914
44706564300.64546 139777018139.08713 50981935.56972173
44700725643.56585 139778692958.69373 50970893.40635891
44694886998.86919 139780367502.20508 50959844.36461661
44689048366.58609 139782041769.65994 50948788.44727328
44683209746.747154 139783715761.09702 50937725.65710868
44677371139.38297 139785389476.55505 50926655.9969039
44671532544.52411 139787062916.07278 50915579.469441324
44665693962.20111 139788736079.68896 50904496.077504665
44659855392.44451 139790408967.44235 50893405.82387894
44654016835.28482 139792081579.37173 50882308.71135047
44648178290.75254 139793753915.51587 50871204.74270691
44642339758.87816 139795425975.91354 50860093.9207372
44636501239.69213 139797097760.60355 50848976.248231605
44630662733.22491 139798769269.6247 50837851.7279817
44624824239.50691 139800440503.01578 50826720.36278038
44618985758.568565 139802111460.81564 50815582.15542182
44613147290.440254 139803782143.0631 50804437.10870154
44607308835.15236 139805452549.797 50793285.225416355
44601470392.735245 139807122681.05618 50782126.50836438
44595631963.21925 139808792536.8795 50770960.96034505
44589793546.63471 139810462117.3058 50759788.58415911
44583955143.01193 139812131422.37396 50748609.382608615
44578116752.3812 139813800452.1229 50737423.35849692
44572278374.7728 139815469206.59146 50726230.514628686
44566440010.21698 139817137685.81854 50715030.8538099
44560601658.74399 139818805889.84308 50703824.37884784
44554763320.38405 139820473818.70395 50692611.0925511
44548924995.167366 139822141472.4401 50681390.99772957
44543086683.12413 139823808851.09045 50670164.09719446
44537248384.28451 139825475954.69397 50658930.39375829
44531410098.678665 139827142783.28955 50647689.89023487
44525571826.33673 139828809336.9162 50636442.58943933
44519733567.28883 139830475615.61285 50625188.4941881
44513895321.56507 139832141619.4185 50613927.60729891
44508057089.19553 139833807348.3721 50602659.9315908
44502218870.2103 139835472802.51266 50591385.469884135
44496380664.639404 139837137981.87918 50580104.22500055
44490542472.51289 139838802886.51065 50568816.199763015
44484704293.86079 139840467516.4461 50557521.39699578
44478866128.71308 139842131871.72455 50546219.81952442
44473027977.09976 139843795952.38504 50534911.4701758
44467189839.0508 139845459758.4666 50523596.3517781
44461351714.59614 139847123290.0083 50512274.46716079
44455513603.76572 139848786547.04916 50500945.81915466
44449675506.58944 139850449529.6283 50489610.41059178
44443837423.09721 139852112237.78473 50478268.24430555
44437999353.318924 139853774671.5576 50466919.32313066
44432161297.284424 139855436830.98593 50455563.649903096
44426323255.02357 139857098716.1089 50444201.22746015
44420485226.56618 139858760326.96555 50432832.05864043
44414647211.94208 139860421663.59503 50421456.14628382
44408809211.18105 139862082726.03647 50410073.49323153
44402971224.31289 139863743514.32898 50398684.10232605
44397133251.36734 139865404028.51172 50387287.97641119
44391295292.37415 139867064268.62384 50375885.11833205
44385457347.36306 139868724234.7045 50364475.530935034
44379619416.36376 139870383926.79285 50353059.21706784
44373781499.40595 139872043344.92807 50341636.17957947
44367943596.51931 139873702489.14935 50330206.42132023
44362105707.73349 139875361359.4959 50318769.945141725
44356267833.07814 139877019956.00693 50307326.75389685
44350429972.58288 139878678278.7216 50295876.8504398
44344592126.277306 139880336327.67914 50284420.23762609
44338754294.191025 139881994102.9188 50272956.91831251
44332916476.3536 139883651604.4798 50261486.89535716
44327078672.794586 139885308832.4014 50250010.17161943
44321240883.54352 139886965786.72284 50238526.74996001
44315403108.62992 139888622467.48337 50227036.63324089
44309565348.0833 139890278874.7223 50215539.82432537
44303727601.933136 139891935008.47885 50204036.32607801
44297889870.2089 139893590868.79233 50192526.141364716
44292052152.94005 139895246455.70203 50181009.27305265
44286214450.15601 139896901769.24725 50169485.72401029
44280376761.88621 139898556809.46732 50157955.49710741
44274539088.160034 139900211576.40155 50146418.595215075
44268701429.00688 139901866070.08926 50134875.02120565
44262863784.456116 139903520290.5698 50123324.77795279
44257026154.53708 139905174237.88248 50111767.868331455
44251188539.279106 139906827912.06668 50100204.29521789
44245350938.71151 139908481313.16174 50088634.061489634
44239513352.86359 139910134441.20706 50077057.170025535
44233675781.76462 139911787296.24197 50065473.623705715
44227838225.44387 139913439878.3059 50053883.425411604
44222000683.93059 139915092187.43823 50042286.57802593
44216163157.254 139916744223.67834 50030683.0844327
44210325645.443306 139918395987.06567 50019072.94751722
44204488148.52772 139920047477.63965 50007456.170166105
44198650666.5364 139921698695.43967 49995832.75526724
44192813199.49852 139923349640.50516 49984202.70570981
44186975747.443214 139925000312.8756 49972566.0243843
44181138310.39961 139926650712.59042 49960922.71418247
44175300888.39682 139928300839.6891 49949272.77799741
44169463481.46393 139929950694.21106 49937616.21872346
44163626089.63001 139931600276.19583 49925953.03925627
44157788712.924126 139933249585.6829 49914283.24249277
44151951351.375305 139934898622.7117 49902606.83133121
44146114005.01258 139936547387.3218 49890923.8086711
44140276673.86495 139938195879.55267 49879234.17741326
44134439357.96141 139939844099.44385 49867537.94045979
44128602057.33092 139941492047.03485 49855835.10071408
44122764772.00243 139943139722.3652 49844125.661080815
44116927502.0049 139944787125.4745 49832409.62446597
44111090247.36722 139946434256.40222 49820686.99377682
44105253008.1183 139948081115.18796 49808957.7719219
44099415784.28703 139949727701.87128 49797221.961811066
44093578575.90228 139951374016.49176 49785479.566355444
44087741382.9929 139953020059.089 49773730.58846746
44081904205.58771 139954665829.70258 49761975.031060815
44076067043.71553 139956311328.3721 49750212.897050515
44070229897.40517 139957956555.13718 49738444.18935284
44064392766.685394 139959601510.0374 49726668.910885364
44058555651.58498 139961246193.11243 49714887.06456695
44052718552.13266 139962890604.4019 49703098.65331774
44046881468.35718 139964534743.9454 49691303.68005919
44041044400.28724 139966178611.78265 49679502.147714004
44035207347.95154 139967822207.95328 49667694.0592062
44029370311.37875 139969465532.49695 49655879.417461075
44023533290.59754 139971108585.45334 49644058.22540521
44017696285.63655 139972751366.86212 49632230.485966474
44011859296.5244 139974393876.763 49620396.20207403
44006022323.2897 139976036115.19568 49608555.37665831
44000185365.96105 139977678082.19986 49596708.012651056
43994348424.56702 139979319777.81528 49584854.11298527
43988511499.136154 139980961202.08163 49572993.68059525
43982674589.69701 139982602355.03867 49561126.71841658
43976837696.27809 139984243236.72614 49549253.22938612
43971000818.90792 139985883847.18378 49537373.21644203
43965163957.614975 139987524186.45135 49525486.68252376
43959327112.427734 139989164254.5686 49513593.630572006
43953490283.37464 139990804051.57532 49501694.06352878
43947653470.48414 139992443577.5113 49489787.98433738
43941816673.784645 139994082832.41632 49477875.395942375
43935979893.30456 139995721816.33017 49465956.30128961
43930143129.072266 139997360529.29266 49454030.70332623
43924306381.11613 139998998971.34363 49442098.60500066
43918469649.4645 140000637142.5229 49430160.00926259
43912632934.14571 140002275042.87027 49418214.91906302
43906796235.18809 140003912672.4256 49406263.337354206
43900959552.61991 140005550031.22873 49394305.26708971
43895122886.469475 140007187119.31952 49382340.71122436
43889286236.76504 140008823936.73782 49370369.67271427
43883449603.53484 140010460483.52353 49358392.15451683
43877612986.80712 140012096759.71652 49346408.15959072
43871776386.610085 140013732765.35666 49334417.6908959
43865939802.971924 140015368500.48386 49322420.75139361
43860103235.920815 140017003965.13803 49310417.34404636
43854266685.484924 140018639159.35907 49298407.471817955
43848430151.69239 140020274083.18692 49286391.137673475
43842593634.571335 140021908736.6615 49274368.34457927
43836757134.14987 140023543119.82275 49262339.09550299
43830920650.456085 140025177232.71063 49250303.39341354
43825084183.51805 140026811075.36505 49238261.24128114
43819247733.36383 140028444647.82602 49226212.642077245
43813411300.021454 140030077950.13348 49214157.59877462
43807574883.51895 140031710982.32742 49202096.1143473
43801738483.884315 140033343744.4478 49190028.1917706
43795902101.145546 140034976236.53467 49177953.83402111
43790065735.330605 140036608458.628 49165873.04407669
43784229386.46744 140038240410.7678 49153785.8249165
43778393054.58399 140039872092.99408 49141692.17952096
43772556739.708176 140041503505.3469 49129592.11087178
43766720441.86789 140043134647.86624 49117485.62195193
43760884161.09102 140044765520.5922 49105372.71574567
43755047897.40543 140046396123.5648 49093253.39523854
43749211650.838974 140048026456.8241 49081127.66341735
43743375421.41948 140049656520.4102 49068995.523270175
43737539209.17476 140051286314.3631 49056856.97778639
43731703014.13261 140052915838.72296 49044712.02995664
43725866836.3208 140054545093.52985 49032560.68277283
43720030675.767105 140056174078.82385 49020402.939228155
43714194532.49927 140057802794.64508 49008238.80231708
43708358406.54501 140059431241.03366 48996068.27503536
43702522297.932045 140061059418.02972 48983891.360379994
43696686206.688065 140062687325.6734 48971708.06134929
43690850132.840744 140064314964.00482 48959518.3809428
43685014076.41774 140065942333.06412 48947322.32216138
43679178037.44669 140067569432.89148 48935119.888007134
43673342015.95522 140069196263.52707 48922911.08148347
43667506011.97094 140070822825.01105 48910695.905595034
43661670025.52143 140072449117.38358 48898474.363347776
43655834056.63426 140074075140.68488 48886246.457748905
43649998105.33699 140075700894.9551 48874012.191806905
43644162171.65716 140077326380.2345 48861771.56853153
43638326255.62228 140078951596.56326 48849524.590933815
43632490357.25985 140080576543.98163 48837271.262026064
43626654476.59736 140082201222.52982 48825011.58482186
43620818613.66228 140083825632.24808 48812745.56233604
43614982768.48205 140085449773.17664 48800473.19758474
43609146941.08411 140087073645.35574 48788194.49358534
43603311131.495865 140088697248.82568 48775909.45335651
43597475339.74473 140090320583.6267 48763618.07991819
43591639565.85807 140091943649.7991 48751320.37629158
43585803809.86325 140093566447.38312 48739016.345499165
43579968071.78762 140095188976.4191 48726705.9905647
43574132351.65851 140096811236.94733 48714389.3145132
43568296649.50322 140098433229.0081 48702066.32037096
43562460965.34905 140100054952.64172 48689737.01116554
43556625299.22328 140101676407.88855 48677401.38992578
43550789651.15317 140103297594.7889 48665059.45968178
43544954021.16595 140104918513.38315 48652711.223464906
43539118409.28884 140106539163.7116 48640356.68430781
43533282815.549065 140108159545.81464 48627995.84524441
43527447239.9738 140109779659.7326 48615628.70930987
43521611682.590225 140111399505.5059 48603255.27954065
43515776143.42549 140113019083.1749 48590875.558974475
43509940622.50674 140114638392.77997 48578489.55065033
43504105119.86108 140116257434.36154 48566097.257608466
43498269635.51562 140117876207.96 48553698.682890415
43492434169.49744 140119494713.61575 48541293.82953897
43486598721.83361 140121112951.36923 48528882.700598195
43480763292.551186 140122730921.26086 48516465.29911342
43474927881.67719 140124348623.3311 48504041.62813125
43469092489.23865 140125966057.62036 48491611.69069953
43463257115.26255 140127583224.16913 48479175.48986741
43457421759.77588 140129200123.01785 48466733.02868529
43451586422.805595 140130816754.207 48454284.31020483
43445751104.37865 140132433117.77704 48441829.33747896
43439915804.521965 140134049213.76846 48429368.11356189
43434080523.26246 140135665042.22174 48416900.641509086
43428245260.62702 140137280603.1774 48404426.92437727
43422410016.642525 140138895896.67596 48391946.96522445
43416574791.33583 140140510922.75793 48379460.76710989
43410739584.73378 140142125681.4638 48366968.33309412
43404904396.8632 140143740172.83414 48354469.666238934
43399069227.750885 140145354396.9095 48341964.769607395
43393234077.42364 140146968353.73038 48329453.64626382
43387398945.90822 140148582043.33737 48316936.29927382
