-84239602955.75063 67617949721.6817 5756581940.825306
-84244066292.54642 67612493096.294556 5756764654.588299
-84248529274.40923 67607036180.17039 5756947343.878701
-84252991901.32004 67601578973.33257 5757130008.695737
-84257454173.25984 67596121475.80448 5757312649.03863
-84261916090.20964 67590663687.6095 5757495264.906604
-84266377652.1504 67585205608.770996 5757677856.298884
-84270838859.06316 67579747239.312355 5757860423.214695
-84275299710.92886 67574288579.25696 5758042965.653261
-84279760207.72855 67568829628.62819 5758225483.613807
-84284220349.44319 67563370387.449425 5758407977.095556
-84288680136.0538 67557910855.74405 5758590446.097735
-84293139567.54138 67552451033.53545 5758772890.619569
-84297598643.88693 67546990920.84702 5758955310.660281
-84302057365.07147 67541530517.70214 5759137706.219098
-84306515731.07599 67536069824.1242 5759320077.295245
-84310973741.8815 67530608840.13659 5759502423.887947
-84315431397.46902 67525147565.7627 5759684745.99643
-84319888697.81956 67519686001.02594 5759867043.61992
-84324345642.91412 67514224145.949684 5760049316.757641
-84328802232.73373 67508762000.557335 5760231565.40882
-84333258467.2594 67503299564.87229 5760413789.572683
-84337714346.47215 67497836838.917946 5760595989.248457
-84342169870.353 67492373822.717705 5760778164.435367
-84346625038.88297 67486910516.29496 5760960315.132638
-84351079852.04308 67481446919.67312 5761142441.3394985
-84355534309.81435 67475983032.87559 5761324543.055174
-84359988412.17781 67470518855.925766 5761506620.278892
-84364442159.1145 67465054388.84706 5761688673.009877
-84368895550.60544 67459589631.66288 5761870701.247358
-84373348586.63165 67454124584.39663 5762052704.9905615
-84377801267.17418 67448659247.07172 5762234684.238714
-84382253592.21405 67443193619.711555 5762416638.991043
-84386705561.7323 67437727702.33956 5762598569.246776
-84391157175.70996 67432261494.97914 5762780475.005138
-84395608434.12808 67426794997.65371 5762962356.26536
-84400059336.9677 67421328210.38669 5763144213.026667
-84404509884.20984 67415861133.201485 5763326045.288287
-84408960075.83557 67410393766.12153 5763507853.049449
-84413409911.82593 67404926109.170235 5763689636.30938
-84417859392.16194 67399458162.37102 5763871395.067307
-84422308516.82468 67393989925.74731 5764053129.322461
-84426757285.79518 67388521399.32252 5764234839.074068
-84431205699.0545 67383052583.12008 5764416524.321357
-84435653756.5837 67377583477.16342 5764598185.063556
-84440101458.3638 67372114081.47597 5764779821.299892
-84444548804.37589 67366644396.08115 5764961433.029596
-84448995794.601 67361174421.00239 5765143020.251897
-84453442429.0202 67355704156.263115 5765324582.966022
-84457888707.61456 67350233601.88677 5765506121.171201
-84462334630.36514 67344762757.89678 5765687634.866662
-84466780197.25299 67339291624.31658 5765869124.051636
-84471225408.25919 67333820201.16961 5766050588.72535
-84475670263.36479 67328348488.4793 5766232028.887035
-84480114762.55087 67322876486.2691 5766413444.535921
-84484558905.7985 67317404194.56244 5766594835.671236
-84489002693.08873 67311931613.38276 5766776202.292211
-84493446124.40266 67306458742.75351 5766957544.398074
-84497889199.72136 67300985582.69813 5767138861.988056
-84502331919.0259 67295512133.24005 5767320155.061388
-84506774282.29735 67290038394.40274 5767501423.617299
-84511216289.5168 67284564366.20963 5767682667.655019
-84515657940.66531 67279090048.68417 5767863887.173779
-84520099235.72398 67273615441.84982 5768045082.172809
-84524540174.6739 67268140545.73003 5768226252.65134
-84528980757.49614 67262665360.34823 5768407398.608602
-84533420984.1718 67257189885.72789 5768588520.043826
-84537860854.68195 67251714121.89247 5768769616.9562435
-84542300369.00769 67246238068.86542 5768950689.345085
-84546739527.13011 67240761726.67019 5769131737.209581
-84551178329.0303 67235285095.330246 5769312760.548964
-84555616774.68938 67229808174.86905 5769493759.362464
-84560054864.08841 67224330965.31006 5769674733.649313
-84564492597.2085 67218853466.676735 5769855683.408743
-84568929974.03075 67213375678.99254 5770036608.639985
-84573366994.53625 67207897602.28094 5770217509.342271
-84577803658.70613 67202419236.56539 5770398385.5148325
-84582239966.52147 67196940581.86938 5770579237.156901
-84586675917.96338 67191461638.216354 5770760064.26771
-84591111513.01297 67185982405.6298 5770940866.84649
-84595546751.65135 67180502884.13318 5771121644.892474
-84599981633.85963 67175023073.74997 5771302398.404895
-84604416159.61893 67169542974.50364 5771483127.382985
-84608850328.91034 67164062586.41766 5771663831.825976
-84613284141.71498 67158581909.51552 5771844511.733102
-84617717598.01398 67153100943.82068 5772025167.103595
-84622150697.78845 67147619689.35663 5772205797.936687
-84626583441.01952 67142138146.14684 5772386404.231613
-84631015827.6883 67136656314.214806 5772566985.987605
-84635447857.7759 67131174193.584 5772747543.2038965
-84639879531.26346 67125691784.2779 5772928075.879721
-84644310848.13211 67120209086.32 5773108584.014311
-84648741808.36296 67114726099.73378 5773289067.6069
-84653172411.93715 67109242824.54273 5773469526.656723
-84657602658.83582 67103759260.77034 5773649961.163013
-84662032549.04008 67098275408.440094 5773830371.125005
-84666462082.53108 67092791267.575485 5774010756.541931
-84670891259.28995 67087306838.200005 5774191117.413026
-84675320079.29782 67081822120.33715 5774371453.737524
-84679748542.53584 67076337114.010414 5774551765.51466
-84684176648.98514 67070851819.243286 5774732052.743668
-84688604398.62686 67065366236.05927 5774912315.423782
-84693031791.44215 67059880364.481865 5775092553.554237
-84697458827.41216 67054394204.53457 5775272767.134269
-84701885506.51802 67048907756.240875 5775452956.163111
-84706311828.74089 67043421019.6243 5775633120.639998
-84710737794.06192 67037933994.70833 5775813260.564167
-84715163402.46225 67032446681.51648 5775993375.934851
-84719588653.92303 67026959080.07225 5776173466.751286
-84724013548.42543 67021471190.399155 5776353533.012708
-84728438085.95059 67015983012.5207 5776533574.718351
-84732862266.47968 67010494546.46039 5776713591.867453
-84737286089.99385 67005005792.24174 5776893584.459248
-84741709556.47426 66999516749.88826 5777073552.492971
-84746132665.90207 66994027419.42347 5777253495.96786
-84750555418.25845 66988537800.87087 5777433414.88315
-84754977813.52457 66983047894.25399 5777613309.238077
-84759399851.68158 66977557699.596344 5777793179.0318775
-84763821532.71065 66972067216.92145 5777973024.263787
-84768242856.59296 66966576446.252815 5778152844.9330435
-84772663823.30968 66961085387.613976 5778332641.038882
-84777084432.84196 66955594041.02844 5778512412.580541
-84781504685.171 66950102406.519745 5778692159.557256
-84785924580.27797 66944610484.11141 5778871881.968264
-84790344118.14404 66939118273.82696 5779051579.812801
-84794763298.7504 66933625775.68992 5779231253.090106
-84799182122.07822 66928132989.723816 5779410901.799416
-84803600588.10869 66922639915.95219 5779590525.939967
-84808018696.82298 66917146554.39855 5779770125.510998
-84812436448.2023 66911652905.08645 5779949700.5117445
-84816853842.22781 66906158968.03941 5780129250.941445
-84821270878.88072 66900664743.280975 5780308776.799338
-84825687558.1422 66895170230.83467 5780488278.0846615
-84830103879.99345 66889675430.72404 5780667754.796653
-84834519844.41566 66884180342.97262 5780847206.934549
-84838935451.39003 66878684967.60394 5781026634.49759
-84843350700.89775 66873189304.64156 5781206037.485013
-84847765592.92003 66867693354.10901 5781385415.896057
-84852180127.43805 66862197116.02983 5781564769.72996
-84856594304.43303 66856700590.427574 5781744098.985961
-84861008123.88615 66851203777.32578 5781923403.663299
-84865421585.77864 66845706676.748 5782102683.761211
-84869834690.09169 66840209288.71777 5782281939.278938
-84874247436.8065 66834711613.25866 5782461170.215719
-84878659825.9043 66829213650.3942 5782640376.570792
-84883071857.36629 66823715400.14796 5782819558.343397
-84887483531.17368 66818216862.54347 5782998715.532773
-84891894847.30768 66812718037.60431 5783177848.138159
-84896305805.74951 66807218925.35402 5783356956.158795
-84900716406.48038 66801719525.816154 5783536039.593922
-84905126649.4815 66796219839.01428 5783715098.442778
-84909536534.73412 66790719864.971954 5783894132.704602
-84913946062.21944 66785219603.71274 5784073142.378636
-84918355231.91869 66779719055.26019 5784252127.46412
-84922764043.81308 66774218219.63788 5784431087.960294
-84927172497.88385 66768717096.86936 5784610023.866398
-84931580594.11221 66763215686.9782 5784788935.181672
-84935988332.47942 66757713989.987976 5784967821.905357
-84940395712.96667 66752212005.92224 5785146684.036695
-84944802735.55524 66746709734.80457 5785325521.574924
-84949209400.22632 66741207176.65855 5785504334.519287
-84953615706.96117 66735704331.50773 5785683122.869024
-84958021655.74101 66730201199.37569 5785861886.623377
-84962427246.5471 66724697780.286 5786040625.781586
-84966832479.36067 66719194074.262245 5786219340.342893
-84971237354.16296 66713690081.327995 5786398030.306539
-84975641870.93521 66708185801.50683 5786576695.671765
-84980046029.65866 66702681234.82233 5786755336.437815
-84984449830.31458 66697176381.29807 5786933952.603928
-84988853272.88419 66691671240.95764 5787112544.169347
-84993256357.34874 66686165813.82462 5787291111.133313
-84997659083.6895 66680660099.92259 5787469653.4950695
-85002061451.88771 66675154099.27514 5787648171.253859
-85006463461.92464 66669647811.90585 5787826664.408921
-85010865113.78152 66664141237.83832 5788005132.959501
-85015266407.43964 66658634377.09612 5788183576.9048395
-85019667342.88022 66653127229.70286 5788361996.24418
-85024067920.08455 66647619795.68212 5788540390.976765
-85028468139.03387 66642112075.057495 5788718761.101836
-85032867999.70946 66636604067.852585 5788897106.618638
-85037267502.09258 66631095774.09097 5789075427.526413
-85041666646.16449 66625587193.796265 5789253723.824405
-85046065431.90646 66620078326.99206 5789431995.511855
-85050463859.29977 66614569173.70195 5789610242.588009
-85054861928.3257 66609059733.94954 5789788465.052109
-85059259638.9655 66603550007.75842 5789966662.9033985
-85063656991.20045 66598039995.152214 5790144836.141122
-85068053985.01184 66592529696.15451 5790322984.764522
-85072450620.38094 66587019110.78892 5790501108.772842
-85076846897.28902 66581508239.07904 5790679208.165329
-85081242815.71736 66575997081.04849 5790857282.941224
-85085638375.64725 66570485636.72088 5791035333.099772
-85090033577.05997 66564973906.119804 5791213358.640219
-85094428419.93681 66559461889.26889 5791391359.561807
-85098822904.25906 66553949586.19174 5791569335.863782
-85103217030.008 66548436996.91197 5791747287.545388
-85107610797.16492 66542924121.4532 5791925214.60587
-85112004205.71112 66537410959.83904 5792103117.044473
-85116397255.62788 66531897512.09312 5792280994.860441
-85120789946.89651 66526383778.23904 5792458848.0530205
-85125182279.4983 66520869758.30042 5792636676.621456
-85129574253.41455 66515355452.3009 5792814480.564993
-85133965868.62656 66509840860.2641 5792992259.882876
-85138357125.11562 66504325982.21363 5793170014.574351
-85142748022.86304 66498810818.17312 5793347744.638664
-85147138561.85013 66493295368.1662 5793525450.075061
-85151528742.0582 66487779632.21649 5793703130.882786
-85155918563.46854 66482263610.347626 5793880787.061087
-85160308026.06247 66476747302.58324 5794058418.609208
-85164697129.8213 66471230708.94695 5794236025.526397
-85169085874.72635 66465713829.4624 5794413607.811899
-85173474260.75891 66460196664.15322 5794591165.464961
-85177862287.90031 66454679213.043045 5794768698.48483
-85182249956.13188 66449161476.15551 5794946206.870751
-85186637265.43492 66443643453.51426 5795123690.621972
-85191024215.79076 66438125145.14292 5795301149.73774
-85195410807.18071 66432606551.06514 5795478584.2173
-85199797039.5861 66427087671.30456 5795655994.059901
-85204182912.98827 66421568505.88481 5795833379.26479
-85208568427.36852 66416049054.82955 5796010739.831212
-85212953582.70818 66410529318.16242 5796188075.758416
-85217338378.98859 66405009295.90707 5796365387.04565
-85221722816.19109 66399488988.08713 5796542673.69216
-85226106894.297 66393968394.72626 5796719935.697195
-85230490613.28764 66388447515.84811 5796897173.060002
-85234873973.14438 66382926351.476326 5797074385.77983
-85239256973.84853 66377404901.63457 5797251573.855926
-85243639615.38144 66371883166.34649 5797428737.287537
-85248021897.72444 66366361145.63574 5797605876.073913
-85252403820.85889 66360838839.52598 5797782990.214301
-85256785384.76613 66355316248.040855 5797960079.707951
-85261166589.42749 66349793371.20403 5798137144.55411
-85265547434.82433 66344270209.03918 5798314184.752027
-85269927920.93799 66338746761.56994 5798491200.30095
-85274308047.74983 66333223028.819984 5798668191.2001295
-85278687815.2412 66327699010.81297 5798845157.448813
-85283067223.39345 66322174707.57258 5799022099.046251
-85287446272.18793 66316650119.12246 5799199015.991692
-85291824961.606 66311125245.48628 5799375908.284384
-85296203291.62903 66305600086.68771 5799552775.923577
-85300581262.23836 66300074642.75043 5799729618.908522
-85304958873.41536 66294548913.6981 5799906437.238467
-85309336125.14139 66289022899.55439 5800083230.9126625
-85313713017.39781 66283496600.34298 5800259999.930358
-85318089550.166 66277970016.08754 5800436744.290803
-85322465723.4273 66272443146.811745 5800613463.993248
-85326841537.16312 66266915992.53927 5800790159.0369425
-85331216991.3548 66261388553.29379 5800966829.421138
-85335592085.9837 66255860829.099 5801143475.145083
-85339966821.03123 66250332819.97857 5801320096.20803
-85344341196.47874 66244804525.95618 5801496692.609228
-85348715212.30762 66239275947.05551 5801673264.347929
-85353088868.49924 66233747083.300255 5801849811.423383
-85357462165.03499 66228217934.714096 5802026333.83484
-85361835101.89624 66222688501.32072 5802202831.5815525
-85366207679.06438 66217158783.14381 5802379304.66277
-85370579896.52078 66211628780.207054 5802555753.077745
-85374951754.24684 66206098492.53415 5802732176.825729
-85379323252.22395 66200567920.14879 5802908575.905973
-85383694390.4335 66195037063.07466 5803084950.317728
-85388065168.85687 66189505921.33546 5803261300.060246
-85392435587.47546 66183974494.95488 5803437625.132779
-85396805646.27068 66178442783.95662 5803613925.534578
-85401175345.22389 66172910788.36437 5803790201.264896
-85405544684.31651 66167378508.20184 5803966452.322985
-85409913663.52994 66161845943.49273 5804142678.7080965
-85414282282.84557 66156313094.26073 5804318880.419483
-85418650542.2448 66150779960.52955 5804495057.456397
-85423018441.70905 66145246542.32289 5804671209.818091
-85427385981.21971 66139712839.66446 5804847337.503818
-85431753160.7582 66134178852.577965 5805023440.51283
-85436119980.30591 66128644581.08711 5805199518.844379
-85440486439.84425 66123110025.215614 5805375572.497721
-85444852539.35466 66117575184.987175 5805551601.472106
-85449218278.81853 66112040060.42551 5805727605.7667885
-85453583658.21727 66106504651.55432 5805903585.3810215
-85457948677.5323 66100968958.39734 5806079540.314058
-85462313336.74506 66095432980.978264 5806255470.565152
-85466677635.83694 66089896719.320816 5806431376.133557
-85471041574.78938 66084360173.448715 5806607257.018527
-85475405153.5838 66078823343.38568 5806783113.219315
-85479768372.20161 66073286229.15543 5806958944.735174
-85484131230.62425 66067748830.78169 5807134751.56536
-85488493728.83315 66062211148.28818 5807310533.709126
-85492855866.80972 66056673181.698616 5807486291.165728
-85497217644.5354 66051134931.03673 5807662023.934418
-85501579061.99162 66045596396.32624 5807837732.014451
-85505940119.15982 66040057577.59089 5808013415.405083
-85510300816.02144 66034518474.85439 5808189074.105566
-85514661152.5579 66028979088.14049 5808364708.115157
-85519021128.75066 66023439417.4729 5808540317.43311
-85523380744.58113 66017899462.87536 5808715902.058681
-85527740000.03078 66012359224.371605 5808891461.991123
-85532098895.08104 66006818701.98537 5809066997.229693
-85536457429.71335 66001277895.74038 5809242507.773646
-85540815603.90916 65995736805.660385 5809417993.622237
-85545173417.64993 65990195431.76912 5809593454.774722
-85549530870.9171 65984653774.090324 5809768891.230356
-85553887963.69211 65979111832.647736 5809944302.988396
-85558244695.95642 65973569607.4651 5810119690.048096
-85562601067.6915 65968027098.56616 5810295052.408712
-85566957078.87878 65962484305.97466 5810470390.069502
-85571312729.49974 65956941229.71435 5810645703.02972
-85575668019.53583 65951397869.80896 5810820991.288625
-85580022948.96849 65945854226.28225 5810996254.84547
-85584377517.7792 65940310299.157974 5811171493.699514
-85588731725.94943 65934766088.45988 5811346707.850013
-85593085573.46065 65929221594.21171 5811521897.296223
-85597439060.29431 65923676816.437225 5811697062.037401
-85601792186.43188 65918131755.16018 5811872202.072805
-85606144951.85484 65912586410.40433 5812047317.401691
-85610497356.54465 65907040782.19342 5812222408.023317
-85614849400.48279 65901494870.55122 5812397473.936939
-85619201083.65073 65895948675.501495 5812572515.141815
-85623552406.02994 65890402197.06799 5812747531.637203
-85627903367.60191 65884855435.274475 5812922523.42236
-85632253968.34813 65879308390.14471 5813097490.496544
-85636604208.25006 65873761061.70245 5813272432.859012
-85640954087.28918 65868213449.97148 5813447350.509022
-85645303605.44699 65862665554.975555 5813622243.445832
-85649652762.70497 65857117376.73845 5813797111.668702
-85654001559.0446 65851568915.28392 5813971955.176888
-85658349994.44739 65846020170.63575 5814146773.969649
-85662698068.8948 65840471142.8177 5814321568.046244
-85667045782.36835 65834921831.85355 5814496337.4059305
-85671393134.84952 65829372237.767075 5814671082.047968
-85675740126.3198 65823822360.58204 5814845801.971615
-85680086756.7607 65818272200.32223 5815020497.17613
-85684433026.1537 65812721757.01141 5815195167.660773
-85688778934.48032 65807171030.67338 5815369813.424803
-85693124481.72205 65801620021.3319 5815544434.467478
-85697469667.8604 65796068729.010765 5815719030.788057
-85701814492.87686 65790517153.73375 5815893602.385801
-85706158956.75296 65784965295.524635 5816068149.259969
-85710503059.47018 65779413154.40721 5816242671.40982
-85714846801.01006 65773860730.405266 5816417168.834614
-85719190181.35408 65768308023.54258 5816591641.533611
-85723533200.48378 65762755033.84295 5816766089.506072
-85727875858.38066 65757201761.330154 5816940512.751255
-85732218155.02625 65751648206.02799 5817114911.268421
-85736560090.40204 65746094367.96025 5817289285.056831
-85740901664.48956 65740540247.15073 5817463634.115746
-85745242877.27034 65734985843.623215 5817637958.444424
-85749583728.72589 65729431157.40151 5817812258.042127
-85753924218.83775 65723876188.509415 5817986532.908115
-85758264347.58743 65718320936.97072 5818160783.041651
-85762604114.95647 65712765402.80923 5818335008.441994
-85766943520.92638 65707209586.04874 5818509209.108405
-85771282565.4787 65701653486.71305 5818683385.040146
-85775621248.59497 65696097104.82597 5818857536.236477
-85779959570.25671 65690540440.41131 5819031662.69666
-85784297530.44547 65684983493.49286 5819205764.419957
-85788635129.14276 65679426264.09443 5819379841.405629
-85792972366.33014 65673868752.23983 5819553893.652939
-85797309241.98915 65668310957.95287 5819727921.161147
-85801645756.10132 65662752881.25737 5819901923.929516
-85805981908.6482 65657194522.17713 5820075901.957307
-85810317699.61133 65651635880.73597 5820249855.243783
-85814653128.97226 65646076956.957695 5820423783.788206
-85818988196.71254 65640517750.86613 5820597687.589838
-85823322902.8137 65634958262.48508 5820771566.647942
-85827657247.25732 65629398491.83837 5820945420.96178
-85831991230.02493 65623838438.94982 5821119250.530614
-85836324851.0981 65618278103.843254 5821293055.353708
-85840658110.45836 65612717486.54248 5821466835.430325
-85844991008.08728 65607156587.071335 5821640590.759727
-85849323543.96643 65601595405.453636 5821814321.341177
-85853655718.07736 65596033941.7132 5821988027.17394
-85857987530.40164 65590472195.87387 5822161708.2572775
-85862318980.92082 65584910167.959465 5822335364.590453
-85866650069.61647 65579347857.99381 5822508996.172731
-85870980796.47015 65573785266.00074 5822682603.003375
-85875311161.46346 65568222392.00408 5822856185.081648
-85879641164.57793 65562659236.02767 5823029742.406815
-85883970805.79515 65557095798.095345 5823203274.978138
-85888300085.0967 65551532078.230934 5823376782.794883
-85892629002.46413 65545968076.458275 5823550265.856313
-85896957557.87903 65540403792.8012 5823723724.161693
-85901285751.32298 65534839227.283554 5823897157.710286
-85905613582.77756 65529274379.92918 5824070566.501358
-85909941052.22433 65523709250.76191 5824243950.534174
-85914268159.64491 65518143839.80559 5824417309.807998
-85918594905.02086 65512578147.08406 5824590644.322094
-85922921288.33377 65507012172.62117 5824763954.075727
-85927247309.56522 65501445916.440765 5824937239.068164
-85931572968.69681 65495879378.56669 5825110499.298668
-85935898265.71011 65490312559.02279 5825283734.766505
-85940223200.58675 65484745457.83292 5825456945.470941
-85944547773.30829 65479178075.02093 5825630131.41124
-85948871983.85634 65473610410.610664 5825803292.586668
-85953195832.21248 65468042464.625984 5825976428.996492
-85957519318.35832 65462474237.090744 5826149540.639977
-85961842442.27547 65456905728.0288 5826322627.516389
-85966165203.94551 65451336937.464005 5826495689.624993
-85970487603.35007 65445767865.42021 5826668726.965056
-85974809640.47073 65440198511.92129 5826841739.535845
-85979131315.28911 65434628876.99109 5827014727.336625
-85983452627.7868 65429058960.65348 5827187690.366663
-85987773577.94543 65423488762.93233 5827360628.625226
-85992094165.74661 65417918283.85149 5827533542.11158
-85996414391.17194 65412347523.43483 5827706430.824992
-86000734254.20303 65406776481.706215 5827879294.764729
-86005053754.82152 65401205158.689514 5828052133.930057
-86009372893.009 65395633554.4086 5828224948.320244
-86013691668.7471 65390061668.88734 5828397737.934557
-86018010082.01744 65384489502.1496 5828570502.772264
-86022328132.80165 65378917054.21926 5828743242.832631
-86026645821.08134 65373344325.12019 5828915958.114927
-86030963146.83815 65367771314.876274 5829088648.61842
-86035280110.0537 65362198023.511375 5829261314.342376
-86039596710.70961 65356624451.04938 5829433955.286063
-86043912948.78752 65351050597.51415 5829606571.4487505
-86048228824.26906 65345476462.92959 5829779162.829705
-86052544337.13586 65339902047.319565 5829951729.428196
-86056859487.36957 65334327350.70796 5830124271.24349
-86061174274.9518 65328752373.11866 5830296788.2748575
-86065488699.86421 65323177114.57555 5830469280.521565
-86069802762.08842 65317601575.10251 5830641747.982883
-86074116461.6061 65312025754.723434 5830814190.658079
-86078429798.39886 65306449653.46221 5830986608.546422
-86082742772.44836 65300873271.34273 5831159001.6471815
-86087055383.73625 65295296608.38887 5831331369.959626
-86091367632.24417 65289719664.624535 5831503713.483025
-86095679517.95377 65284142440.073616 5831676032.216647
-86099991040.8467 65278564934.76001 5831848326.159762
-86104302200.90462 65272987148.7076 5832020595.31164
-86108612998.10918 65267409081.9403 5832192839.671549
-86112923432.44202 65261830734.481995 5832365059.23876
-86117233503.88481 65256252106.35659 5832537254.012543
-86121543212.41922 65250673197.58799 5832709423.9921665
-86125852558.0269 65245094008.20009 5832881569.176902
-86130161540.6895 65239514538.21679 5833053689.566019
-86134470160.3887 65233934787.661995 5833225785.158788
