6.2110741699822796e+35
6.2110742008819624e+35
6.211074231783803e+35
6.2110742626878116e+35
6.2110742935939736e+35
6.2110743245022976e+35
6.211074355412786e+35
6.211074386325433e+35
6.211074417240237e+35
6.211074448157202e+35
6.2110744790763306e+35
6.211074509997619e+35
6.211074540921066e+35
6.211074571846668e+35
6.211074602774432e+35
6.211074633704358e+35
6.211074664636439e+35
6.211074695570679e+35
6.211074726507076e+35
6.211074757445633e+35
6.21107478838635e+35
6.211074819329223e+35
6.211074850274251e+35
6.21107488122144e+35
6.211074912170784e+35
6.2110749431222895e+35
6.211074974075948e+35
6.211075005031766e+35
6.211075035989738e+35
6.2110750669498665e+35
6.211075097912157e+35
6.211075128876596e+35
6.211075159843191e+35
6.2110751908119434e+35
6.211075221782852e+35
6.2110752527559174e+35
6.2110752837311344e+35
6.211075314708508e+35
6.211075345688033e+35
6.211075376669715e+35
6.2110754076535535e+35
6.2110754386395435e+35
6.21107546962769e+35
6.211075500617989e+35
6.211075531610442e+35
6.2110755626050475e+35
6.211075593601807e+35
6.211075624600718e+35
6.211075655601782e+35
6.211075686605001e+35
6.211075717610373e+35
6.211075748617893e+35
6.211075779627568e+35
6.211075810639393e+35
6.21107584165337e+35
6.211075872669499e+35
6.2110759036877826e+35
6.211075934708215e+35
6.2110759657307935e+35
6.211075996755527e+35
6.2110760277824146e+35
6.211076058811449e+35
6.211076089842633e+35
6.2110761208759694e+35
6.211076151911455e+35
6.211076182949088e+35
6.211076213988874e+35
6.211076245030806e+35
6.211076276074889e+35
6.211076307121121e+35
6.2110763381695056e+35
6.211076369220032e+35
6.211076400272706e+35
6.211076431327533e+35
6.2110764623845056e+35
6.211076493443628e+35
6.211076524504896e+35
6.211076555568314e+35
6.2110765866338784e+35
6.211076617701587e+35
6.211076648771447e+35
6.211076679843449e+35
6.211076710917602e+35
6.211076741993896e+35
6.2110767730723405e+35
6.2110768041529335e+35
6.211076835235666e+35
6.211076866320543e+35
6.2110768974075704e+35
6.211076928496742e+35
6.211076959588062e+35
6.211076990681521e+35
6.211077021777129e+35
6.2110770528748774e+35
6.2110770839747745e+35
6.2110771150768114e+35
6.2110771461809926e+35
6.211077177287322e+35
6.211077208395791e+35
6.2110772395064046e+35
6.21107727061916e+35
6.211077301734059e+35
6.211077332851103e+35
6.2110773639702865e+35
6.211077395091614e+35
6.211077426215085e+35
6.211077457340697e+35
6.211077488468447e+35
6.2110775195983414e+35
6.2110775507303764e+35
6.2110775818645594e+35
6.211077613000877e+35
6.211077644139338e+35
6.211077675279936e+35
6.21107770642268e+35
6.211077737567562e+35
6.211077768714582e+35
6.211077799863744e+35
6.211077831015044e+35
6.211077862168487e+35
6.2110778933240674e+35
6.211077924481783e+35
6.2110779556416426e+35
6.211077986803641e+35
6.211078017967776e+35
6.2110780491340544e+35
6.211078080302467e+35
6.211078111473018e+35
6.211078142645704e+35
6.2110781738205324e+35
6.211078204997496e+35
6.211078236176598e+35
6.211078267357836e+35
6.2110782985412115e+35
6.211078329726726e+35
6.2110783609143756e+35
6.21107839210416e+35
6.21107842329608e+35
6.211078454490138e+35
6.2110784856863314e+35
6.211078516884664e+35
6.211078548085126e+35
6.211078579287728e+35
6.21107861049246e+35
6.2110786416993315e+35
6.2110786729083374e+35
6.211078704119478e+35
6.211078735332751e+35
6.211078766548157e+35
6.211078797765699e+35
6.211078828985373e+35
6.211078860207184e+35
6.2110788914311255e+35
6.211078922657199e+35
6.2110789538854095e+35
6.211078985115752e+35
6.211079016348229e+35
6.21107904758283e+35
6.211079078819573e+35
6.211079110058443e+35
6.2110791412994476e+35
6.21107917254258e+35
6.211079203787847e+35
6.211079235035242e+35
6.211079266284773e+35
6.2110792975364324e+35
6.211079328790222e+35
6.211079360046143e+35
6.211079391304196e+35
6.211079422564372e+35
6.211079453826685e+35
6.211079485091129e+35
6.211079516357701e+35
6.2110795476264e+35
6.2110795788972315e+35
6.211079610170187e+35
6.211079641445275e+35
6.211079672722488e+35
6.211079704001836e+35
6.2110797352833095e+35
6.21107976656691e+35
6.211079797852638e+35
6.211079829140497e+35
6.2110798604304766e+35
6.2110798917225925e+35
6.2110799230168304e+35
6.211079954313196e+35
6.2110799856116875e+35
6.211080016912307e+35
6.2110800482150514e+35
6.2110800795199236e+35
6.21108011082692e+35
6.211080142136044e+35
6.211080173447293e+35
6.2110802047606666e+35
6.21108023607617e+35
6.211080267393791e+35
6.2110802987135416e+35
6.211080330035417e+35
6.211080361359416e+35
6.211080392685538e+35
6.2110804240137856e+35
6.211080455344156e+35
6.211080486676654e+35
6.211080518011272e+35
6.211080549348013e+35
6.2110805806868795e+35
6.211080612027866e+35
6.211080643370978e+35
6.211080674716209e+35
6.2110807060635654e+35
6.211080737413043e+35
6.211080768764645e+35
6.2110808001183675e+35
6.2110808314742095e+35
6.2110808628321766e+35
6.211080894192261e+35
6.211080925554468e+35
6.2110809569187986e+35
6.211080988285246e+35
6.211081019653817e+35
6.211081051024505e+35
6.211081082397318e+35
6.211081113772247e+35
6.211081145149298e+35
6.211081176528465e+35
6.211081207909753e+35
6.2110812392931614e+35
6.211081270678689e+35
6.211081302066335e+35
6.2110813334560976e+35
6.21108136484798e+35
6.211081396241981e+35
6.2110814276381e+35
6.2110814590363374e+35
6.211081490436692e+35
6.2110815218391645e+35
6.211081553243753e+35
6.2110815846504565e+35
6.2110816160592804e+35
6.211081647470221e+35
6.2110816788832756e+35
6.211081710298448e+35
6.211081741715739e+35
6.211081773135141e+35
6.211081804556665e+35
6.2110818359802985e+35
6.2110818674060485e+35
6.211081898833916e+35
6.211081930263894e+35
6.2110819616959906e+35
6.211081993130203e+35
6.211082024566523e+35
6.2110820560049674e+35
6.2110820874455205e+35
6.211082118888187e+35
6.211082150332967e+35
6.211082181779857e+35
6.211082213228868e+35
6.211082244679987e+35
6.2110822761332185e+35
6.211082307588567e+35
6.211082339046026e+35
6.211082370505593e+35
6.2110824019672766e+35
6.211082433431072e+35
6.211082464896978e+35
6.211082496364996e+35
6.211082527835126e+35
6.2110825593073664e+35
6.211082590781716e+35
6.2110826222581785e+35
6.21108265373675e+35
6.211082685217432e+35
6.211082716700224e+35
6.2110827481851285e+35
6.211082779672139e+35
6.2110828111612635e+35
6.211082842652493e+35
6.2110828741458346e+35
6.211082905641283e+35
6.211082937138843e+35
6.21108296863851e+35
6.2110830001402864e+35
6.21108303164417e+35
6.211083063150163e+35
6.211083094658259e+35
6.211083126168467e+35
6.211083157680783e+35
6.211083189195204e+35
6.211083220711733e+35
6.211083252230371e+35
6.211083283751112e+35
6.211083315273964e+35
6.211083346798917e+35
6.211083378325979e+35
6.211083409855147e+35
6.211083441386421e+35
6.211083472919799e+35
6.211083504455281e+35
6.2110835359928715e+35
6.211083567532568e+35
6.211083599074366e+35
6.2110836306182705e+35
6.211083662164279e+35
6.211083693712391e+35
6.2110837252626055e+35
6.2110837568149274e+35
6.211083788369348e+35
6.2110838199258764e+35
6.211083851484507e+35
6.21108388304524e+35
6.211083914608073e+35
6.211083946173013e+35
6.211083977740057e+35
6.211084009309199e+35
6.211084040880444e+35
6.211084072453792e+35
6.211084104029241e+35
6.211084135606793e+35
6.211084167186442e+35
6.211084198768194e+35
6.2110842303520475e+35
6.211084261938004e+35
6.21108429352606e+35
6.2110843251162126e+35
6.211084356708471e+35
6.211084388302825e+35
6.211084419899282e+35
6.211084451497836e+35
6.211084483098487e+35
6.2110845147012376e+35
6.2110845463060944e+35
6.211084577913045e+35
6.211084609522093e+35
6.211084641133242e+35
6.211084672746486e+35
6.211084704361831e+35
6.211084735979274e+35
6.2110847675988124e+35
6.211084799220449e+35
6.2110848308441806e+35
6.211084862470014e+35
6.211084894097942e+35
6.211084925727966e+35
6.2110849573600835e+35
6.2110849889943016e+35
6.211085020630613e+35
6.211085052269025e+35
6.2110850839095285e+35
6.211085115552129e+35
6.211085147196827e+35
6.211085178843615e+35
6.2110852104925016e+35
6.211085242143476e+35
6.211085273796552e+35
6.2110853054517195e+35
6.211085337108984e+35
6.2110853687683394e+35
6.2110854004297886e+35
6.211085432093334e+35
6.211085463758972e+35
6.211085495426702e+35
6.211085527096526e+35
6.21108555876844e+35
6.2110855904424504e+35
6.2110856221185486e+35
6.211085653796743e+35
6.211085685477023e+35
6.211085717159406e+35
6.211085748843873e+35
6.211085780530432e+35
6.211085812219079e+35
6.211085843909821e+35
6.211085875602655e+35
6.2110859072975765e+35
6.211085938994587e+35
6.211085970693692e+35
6.211086002394882e+35
6.2110860340981695e+35
6.2110860658035374e+35
6.211086097511004e+35
6.211086129220553e+35
6.211086160932195e+35
6.211086192645923e+35
6.211086224361741e+35
6.211086256079646e+35
6.211086287799645e+35
6.2110863195217245e+35
6.211086351245896e+35
6.211086382972151e+35
6.211086414700499e+35
6.211086446430928e+35
6.211086478163448e+35
6.211086509898057e+35
6.211086541634751e+35
6.211086573373528e+35
6.211086605114396e+35
6.211086636857348e+35
6.2110866686023856e+35
6.211086700349507e+35
6.211086732098716e+35
6.211086763850013e+35
6.2110867956033885e+35
6.2110868273588555e+35
6.2110868591164034e+35
6.211086890876037e+35
6.211086922637753e+35
6.211086954401555e+35
6.2110869861674434e+35
6.2110870179354115e+35
6.211087049705463e+35
6.2110870814776e+35
6.21108711325182e+35
6.211087145028121e+35
6.211087176806505e+35
6.2110872085869734e+35
6.211087240369525e+35
6.211087272154155e+35
6.211087303940869e+35
6.211087335729663e+35
6.211087367520541e+35
6.2110873993135e+35
6.211087431108538e+35
6.21108746290566e+35
6.21108749470486e+35
6.211087526506147e+35
6.211087558309505e+35
6.211087590114949e+35
6.211087621922468e+35
6.2110876537320715e+35
6.211087685543753e+35
6.211087717357515e+35
6.2110877491733575e+35
6.211087780991274e+35
6.2110878128112694e+35
6.2110878446333484e+35
6.211087876457503e+35
6.211087908283737e+35
6.211087940112049e+35
6.211087971942437e+35
6.2110880037749045e+35
6.211088035609447e+35
6.211088067446067e+35
6.2110880992847666e+35
6.2110881311255425e+35
6.211088162968393e+35
6.211088194813322e+35
6.211088226660324e+35
6.211088258509403e+35
6.2110882903605586e+35
6.2110883222137934e+35
6.211088354069102e+35
6.2110883859264826e+35
6.211088417785941e+35
6.2110884496474706e+35
6.211088481511079e+35
6.211088513376758e+35
6.211088545244515e+35
6.211088577114344e+35
6.2110886089862474e+35
6.2110886408602245e+35
6.211088672736276e+35
6.211088704614398e+35
6.211088736494595e+35
6.211088768376862e+35
6.211088800261206e+35
6.211088832147621e+35
6.211088864036111e+35
6.211088895926669e+35
6.2110889278192975e+35
6.211088959714002e+35
6.2110889916107735e+35
6.211089023509621e+35
6.211089055410538e+35
6.211089087313523e+35
6.2110891192185805e+35
6.211089151125705e+35
6.2110891830349064e+35
6.2110892149461725e+35
6.211089246859516e+35
6.211089278774923e+35
6.211089310692398e+35
6.211089342611944e+35
6.211089374533562e+35
6.211089406457244e+35
6.211089438383001e+35
6.211089470310823e+35
6.211089502240713e+35
6.211089534172669e+35
6.211089566106695e+35
6.211089598042787e+35
6.2110896299809534e+35
6.211089661921178e+35
6.211089693863477e+35
6.211089725807838e+35
6.2110897577542676e+35
6.211089789702763e+35
6.211089821653324e+35
6.211089853605952e+35
6.211089885560646e+35
6.211089917517405e+35
6.211089949476229e+35
6.211089981437117e+35
6.2110900134000745e+35
6.211090045365095e+35
6.211090077332181e+35
6.211090109301332e+35
6.211090141272546e+35
6.21109017324582e+35
6.211090205221164e+35
6.211090237198566e+35
6.211090269178039e+35
6.211090301159568e+35
6.211090333143166e+35
6.211090365128822e+35
6.211090397116542e+35
6.2110904291063265e+35
6.2110904610981695e+35
6.21109049309208e+35
6.2110905250880505e+35
6.2110905570860804e+35
6.211090589086175e+35
6.211090621088329e+35
6.211090653092542e+35
6.211090685098817e+35
6.211090717107156e+35
6.211090749117551e+35
6.2110907811300115e+35
6.211090813144528e+35
6.211090845161105e+35
6.211090877179742e+35
6.211090909200438e+35
6.2110909412231945e+35
6.2110909732480054e+35
6.21109100527488e+35
6.2110910373038136e+35
6.211091069334805e+35
6.2110911013678535e+35
6.211091133402961e+35
6.211091165440125e+35
6.2110911974793495e+35
6.211091229520628e+35
6.211091261563967e+35
6.211091293609361e+35
6.211091325656815e+35
6.21109135770632e+35
6.211091389757884e+35
6.211091421811505e+35
6.211091453867183e+35
6.2110914859249136e+35
6.211091517984704e+35
6.211091550046549e+35
6.211091582110445e+35
6.2110916141764035e+35
6.21109164624441e+35
6.2110916783144746e+35
6.2110917103865896e+35
6.2110917424607655e+35
6.21109177453699e+35
6.211091806615273e+35
6.211091838695601e+35
6.211091870777991e+35
6.211091902862432e+35
6.2110919349489244e+35
6.2110919670374725e+35
6.211091999128072e+35
6.211092031220723e+35
6.211092063315427e+35
6.211092095412181e+35
6.211092127510991e+35
6.2110921596118485e+35
6.211092191714757e+35
6.211092223819718e+35
6.2110922559267354e+35
6.211092288035796e+35
6.2110923201469114e+35
6.211092352260075e+35
6.211092384375291e+35
6.211092416492557e+35
6.211092448611873e+35
6.211092480733238e+35
6.211092512856651e+35
6.211092544982115e+35
6.211092577109626e+35
6.211092609239187e+35
6.2110926413708005e+35
6.211092673504455e+35
6.211092705640164e+35
6.211092737777915e+35
6.211092769917719e+35
6.211092802059569e+35
6.211092834203465e+35
6.211092866349409e+35
6.2110928984974006e+35
6.2110929306474376e+35
6.211092962799522e+35
6.211092994953652e+35
6.211093027109832e+35
6.211093059268056e+35
6.211093091428325e+35
6.2110931235906356e+35
6.2110931557549984e+35
6.2110931879214006e+35
6.211093220089852e+35
6.2110932522603464e+35
6.211093284432883e+35
6.2110933166074685e+35
6.211093348784093e+35
6.2110933809627655e+35
6.211093413143485e+35
6.2110934453262396e+35
6.211093477511042e+35
6.2110935096978914e+35
6.211093541886776e+35
6.2110935740777115e+35
6.211093606270679e+35
6.211093638465697e+35
6.211093670662756e+35
6.211093702861856e+35
6.211093735062998e+35
6.211093767266178e+35
6.211093799471404e+35
6.211093831678671e+35
6.211093863887974e+35
6.21109389609932e+35
6.211093928312709e+35
6.2110939605281395e+35
6.211093992745605e+35
6.211094024965114e+35
6.211094057186661e+35
6.211094089410248e+35
6.211094121635871e+35
6.211094153863538e+35
6.211094186093242e+35
6.211094218324982e+35
6.2110942505587674e+35
6.211094282794587e+35
6.2110943150324415e+35
6.2110943472723415e+35
6.211094379514272e+35
6.211094411758241e+35
6.211094444004249e+35
6.211094476252292e+35
6.2110945085023745e+35
6.2110945407544936e+35
6.211094573008648e+35
6.2110946052648384e+35
6.211094637523064e+35
6.211094669783325e+35
6.211094702045626e+35
6.211094734309959e+35
6.211094766576326e+35
6.2110947988447294e+35
6.211094831115169e+35
6.211094863387642e+35
6.2110948956621506e+35
6.21109492793869e+35
6.211094960217265e+35
6.211094992497875e+35
6.2110950247805165e+35
6.211095057065192e+35
6.2110950893518994e+35
6.2110951216406434e+35
6.2110951539314166e+35
6.211095186224223e+35
6.211095218519065e+35
6.211095250815936e+35
6.211095283114842e+35
6.211095315415774e+35
6.211095347718741e+35
6.211095380023738e+35
6.21109541233077e+35
6.211095444639829e+35
6.21109547695092e+35
6.211095509264041e+35
6.211095541579188e+35
6.211095573896372e+35
6.211095606215586e+35
6.2110956385368266e+35
6.2110956708600985e+35
6.2110957031853966e+35
6.211095735512723e+35
6.211095767842082e+35
6.211095800173467e+35
6.211095832506885e+35
6.211095864842324e+35
6.211095897179797e+35
6.211095929519295e+35
6.211095961860818e+35
6.211095994204371e+35
6.211096026549956e+35
6.2110960588975626e+35
6.211096091247198e+35
6.211096123598854e+35
6.2110961559525484e+35
6.211096188308261e+35
6.211096220665998e+35
6.21109625302576e+35
6.211096285387558e+35
6.211096317751371e+35
6.211096350117214e+35
6.211096382485075e+35
6.211096414854968e+35
6.211096447226885e+35
6.211096479600825e+35
6.211096511976788e+35
6.211096544354778e+35
6.211096576734789e+35
6.211096609116823e+35
6.211096641500881e+35
6.211096673886959e+35
6.211096706275066e+35
6.211096738665194e+35
6.2110967710573406e+35
6.211096803451512e+35
6.211096835847707e+35
6.2110968682459206e+35
6.2110969006461604e+35
6.211096933048417e+35
6.211096965452695e+35
6.211096997858999e+35
6.211097030267318e+35
6.211097062677657e+35
6.211097095090022e+35
6.211097127504406e+35
6.211097159920808e+35
6.211097192339229e+35
6.211097224759669e+35
6.2110972571821315e+35
6.211097289606611e+35
6.211097322033112e+35
6.2110973544616274e+35
6.211097386892166e+35
6.211097419324721e+35
6.211097451759293e+35
6.211097484195884e+35
6.211097516634492e+35
6.211097549075119e+35
6.211097581517763e+35
6.2110976139624215e+35
6.211097646409093e+35
6.2110976788577934e+35
6.2110977113085006e+35
6.211097743761227e+35
6.211097776215971e+35
6.211097808672728e+35
6.211097841131504e+35
6.211097873592292e+35
6.211097906055096e+35
6.211097938519918e+35
6.2110979709867495e+35
6.211098003455599e+35
6.211098035926461e+35
6.211098068399339e+35
6.211098100874228e+35
6.211098133351135e+35
6.211098165830054e+35
6.211098198310985e+35
6.211098230793931e+35
6.211098263278888e+35
6.211098295765859e+35
6.21109832825484e+35
6.211098360745839e+35
6.211098393238846e+35
6.2110984257338656e+35
6.211098458230894e+35
6.21109849072994e+35
6.211098523230988e+35
6.211098555734057e+35
6.211098588239131e+35
6.2110986207462164e+35
6.211098653255315e+35
6.21109868576642e+35
6.211098718279539e+35
6.211098750794667e+35
6.2110987833117995e+35
6.211098815830947e+35
6.2110988483520994e+35
6.2110988808752646e+35
6.2110989134004354e+35
6.211098945927618e+35
6.211098978456806e+35
6.211099010988007e+35
6.211099043521207e+35
6.2110990760564245e+35
6.211099108593643e+35
6.211099141132872e+35
6.2110991736741046e+35
6.211099206217349e+35
6.211099238762594e+35
6.211099271309852e+35
6.2110993038591136e+35
6.211099336410381e+35
6.2110993689636524e+35
6.211099401518931e+35
6.2110994340762126e+35
6.211099466635507e+35
6.2110994991967986e+35
6.211099531760097e+35
6.211099564325401e+35
6.211099596892711e+35
6.2110996294620184e+35
6.211099662033336e+35
6.211099694606655e+35
6.2110997271819835e+35
6.211099759759308e+35
6.211099792338638e+35
6.2110998249199695e+35
6.211099857503304e+35
6.2110998900886425e+35
6.211099922675982e+35
6.211099955265322e+35
6.2110999878566665e+35
6.211100020450012e+35
6.2111000530453615e+35
6.211100085642709e+35
6.211100118242057e+35
6.2111001508434065e+35
6.211100183446759e+35
6.21110021605211e+35
6.21110024865946e+35
6.211100281268811e+35
6.211100313880164e+35
6.211100346493515e+35
6.21110037910886e+35
6.211100411726213e+35
6.211100444345561e+35
6.211100476966909e+35
6.2111005095902516e+35
6.211100542215594e+35
6.2111005748429325e+35
6.2111006074722764e+35
6.2111006401036126e+35
6.211100672736948e+35
6.211100705372279e+35
6.211100738009604e+35
6.211100770648931e+35
6.2111008032902526e+35
6.211100835933569e+35
6.211100868578886e+35
6.2111009012261966e+35
6.2111009338755006e+35
6.211100966526803e+35
6.211100999180101e+35
6.211101031835393e+35
6.211101064492679e+35
6.211101097151961e+35
6.211101129813239e+35
6.211101162476511e+35
6.211101195141772e+35
6.21110122780903e+35
6.2111012604782825e+35
6.2111012931495286e+35
6.211101325822768e+35
6.211101358497999e+35
6.2111013911752255e+35
6.211101423854439e+35
6.211101456535647e+35
6.211101489218848e+35
6.211101521904047e+35
6.2111015545912294e+35
6.21110158728041e+35
6.2111016199715736e+35
6.211101652664735e+35
6.211101685359887e+35
6.211101718057028e+35
6.211101750756158e+35
6.21110178345728e+35
6.211101816160388e+35
6.211101848865489e+35
6.211101881572583e+35
6.211101914281663e+35
6.211101946992733e+35
6.2111019797057924e+35
6.21110201242084e+35
6.2111020451378775e+35
6.2111020778569e+35
6.211102110577912e+35
6.211102143300914e+35
6.211102176025898e+35
6.2111022087528774e+35
6.211102241481843e+35
6.211102274212789e+35
6.211102306945728e+35
6.211102339680651e+35
6.211102372417561e+35
6.211102405156459e+35
6.211102437897341e+35
6.21110247064021e+35
6.211102503385064e+35
6.2111025361319e+35
6.2111025688807255e+35
6.211102601631536e+35
6.211102634384329e+35
6.211102667139106e+35
6.211102699895872e+35
6.211102732654618e+35
6.211102765415349e+35
6.211102798178063e+35
6.211102830942764e+35
6.211102863709445e+35
6.21110289647811e+35
6.211102929248757e+35
6.211102962021388e+35
6.2111029947960004e+35
6.2111030275725944e+35
6.211103060351172e+35
6.211103093131729e+35
6.211103125914269e+35
6.2111031586987895e+35
6.211103191485293e+35
6.211103224273778e+35
6.211103257064241e+35
6.211103289856685e+35
6.21110332265111e+35
6.211103355447514e+35
6.211103388245898e+35
6.2111034210462646e+35
6.211103453848609e+35
6.2111034866529304e+35
6.211103519459234e+35
6.2111035522675135e+35
6.211103585077774e+35
6.2111036178900096e+35
6.2111036507042246e+35
6.211103683520422e+35
6.211103716338593e+35
6.211103749158742e+35
6.211103781980869e+35
6.211103814804974e+35
6.2111038476310545e+35
6.211103880459108e+35
6.211103913289143e+35
6.211103946121154e+35
6.211103978955139e+35
6.2111040117911026e+35
6.21110404462904e+35
6.21110407746895e+35
6.211104110310837e+35
6.211104143154703e+35
6.2111041760005415e+35
6.211104208848352e+35
6.211104241698139e+35
6.211104274549896e+35
6.211104307403632e+35
6.21110434025934e+35
6.2111043731170224e+35
6.211104405976678e+35
6.211104438838305e+35
6.2111044717019066e+35
6.211104504567478e+35
6.2111045374350255e+35
6.211104570304542e+35
6.211104603176029e+35
6.211104636049497e+35
6.211104668924924e+35
6.21110470180233e+35
6.2111047346817035e+35
6.21110476756305e+35
6.211104800446368e+35
6.2111048333316546e+35
6.211104866218913e+35
6.211104899108141e+35
6.211104931999338e+35
6.211104964892506e+35
6.211104997787639e+35
6.211105030684747e+35
6.21110506358382e+35
6.211105096484862e+35
6.211105129387875e+35
6.211105162292856e+35
6.2111051951998046e+35
6.21110522810872e+35
6.2111052610196026e+35
6.211105293932453e+35
6.211105326847274e+35
6.21110535976406e+35
6.211105392682809e+35
6.211105425603526e+35
6.211105458526213e+35
6.211105491450863e+35
6.211105524377485e+35
6.211105557306065e+35
6.211105590236611e+35
6.211105623169125e+35
6.211105656103604e+35
6.2111056890400465e+35
6.2111057219784576e+35
6.2111057549188284e+35
6.2111057878611686e+35
6.21110582080547e+35
6.211105853751731e+35
6.2111058866999604e+35
6.211105919650154e+35
6.2111059526023076e+35
6.211105985556426e+35
6.211106018512504e+35
6.211106051470549e+35
6.2111060844305525e+35
6.21110611739252e+35
6.211106150356448e+35
6.21110618332234e+35
6.2111062162901924e+35
6.2111062492600064e+35
6.211106282231779e+35
6.2111063152055124e+35
6.211106348181207e+35
6.211106381158863e+35
6.211106414138483e+35
6.2111064471200564e+35
6.211106480103592e+35
6.211106513089089e+35
6.2111065460765414e+35
6.211106579065954e+35
6.2111066120573256e+35
6.211106645050657e+35
6.21110667804595e+35
6.211106711043195e+35
6.2111067440424026e+35
6.2111067770435635e+35
6.211106810046686e+35
6.211106843051761e+35
6.211106876058796e+35
6.211106909067788e+35
6.21110694207874e+35
6.211106975091639e+35
6.2111070081065014e+35
6.211107041123321e+35
6.21110707414209e+35
6.21110710716282e+35
6.2111071401855055e+35
6.211107173210143e+35
6.211107206236736e+35
6.211107239265286e+35
6.2111072722957894e+35
6.211107305328244e+35
6.211107338362655e+35
6.211107371399022e+35
6.211107404437341e+35
6.211107437477611e+35
6.211107470519837e+35
6.211107503564015e+35
6.211107536610147e+35
6.2111075696582306e+35
6.211107602708268e+35
6.2111076357602564e+35
6.211107668814195e+35
6.211107701870085e+35
6.211107734927928e+35
6.2111077679877244e+35
6.21110780104947e+35
6.211107834113161e+35
6.211107867178811e+35
6.2111079002464094e+35
6.2111079333159546e+35
6.2111079663874515e+35
6.211107999460899e+35
6.211108032536296e+35
6.21110806561364e+35
6.2111080986929344e+35
6.211108131774178e+35
6.211108164857371e+35
6.2111081979425116e+35
6.2111082310295946e+35
6.2111082641186365e+35
6.211108297209621e+35
6.211108330302554e+35
6.211108363397428e+35
6.211108396494253e+35
6.2111084295930284e+35
6.211108462693747e+35
6.211108495796413e+35
6.211108528901025e+35
6.211108562007585e+35
6.211108595116087e+35
6.211108628226537e+35
6.2111086613389334e+35
6.211108694453273e+35
6.211108727569558e+35
6.211108760687787e+35
6.2111087938079614e+35
6.211108826930081e+35
6.211108860054141e+35
6.211108893180147e+35
6.211108926308098e+35
6.2111089594379915e+35
6.211108992569827e+35
6.211109025703605e+35
6.211109058839327e+35
6.21110909197699e+35
6.211109125116596e+35
6.211109158258145e+35
6.2111091914016366e+35
6.211109224547069e+35
6.2111092576944416e+35
6.2111092908437565e+35
6.2111093239950105e+35
6.211109357148207e+35
6.211109390303348e+35
6.211109423460421e+35
6.211109456619439e+35
6.2111094897803975e+35
6.211109522943297e+35
6.21110955610813e+35
6.2111095892749054e+35
6.21110962244362e+35
6.211109655614275e+35
6.211109688786867e+35
6.211109721961397e+35
6.2111097551378654e+35
6.211109788316273e+35
6.211109821496616e+35
6.211109854678894e+35
6.211109887863111e+35
6.2111099210492696e+35
6.211109954237363e+35
6.2111099874273915e+35
6.211110020619356e+35
6.211110053813256e+35
6.2111100870090935e+35
6.211110120206869e+35
6.211110153406574e+35
6.2111101866082165e+35
6.2111102198117965e+35
6.211110253017309e+35
6.211110286224758e+35
6.211110319434139e+35
6.211110352645458e+35
6.2111103858587075e+35
6.211110419073892e+35
6.211110452291012e+35
6.211110485510059e+35
6.211110518731043e+35
6.211110551953961e+35
6.2111105851788106e+35
6.211110618405592e+35
6.211110651634304e+35
6.2111106848649536e+35
6.2111107180975304e+35
6.2111107513320346e+35
6.211110784568479e+35
6.21111081780685e+35
6.211110851047152e+35
6.211110884289385e+35
6.211110917533549e+35
6.21111095077964e+35
6.211110984027667e+35
6.2111110172776194e+35
6.211111050529499e+35
6.21111108378331e+35
6.211111117039052e+35
6.211111150296721e+35
6.2111111835563225e+35
6.211111216817849e+35
6.211111250081305e+35
6.211111283346686e+35
6.211111316613996e+35
6.211111349883234e+35
6.211111383154401e+35
6.2111114164274936e+35
6.2111114497025135e+35
6.211111482979461e+35
6.211111516258332e+35
6.211111549539133e+35
6.2111115828218564e+35
6.2111116161065084e+35
6.211111649393084e+35
6.211111682681584e+35
6.211111715972012e+35
6.2111117492643615e+35
6.211111782558638e+35
6.211111815854838e+35
6.211111849152967e+35
6.211111882453014e+35
6.211111915754985e+35
6.2111119490588816e+35
6.211111982364702e+35
6.211112015672443e+35
6.211112048982107e+35
6.2111120822936975e+35
6.2111121156072076e+35
6.2111121489226376e+35
6.211112182239994e+35
6.21111221555927e+35
6.211112248880469e+35
6.2111122822035895e+35
6.211112315528626e+35
6.21111234885559e+35
6.2111123821844716e+35
6.211112415515272e+35
6.2111124488479986e+35
6.211112482182639e+35
6.2111125155192e+35
6.211112548857683e+35
6.2111125821980815e+35
6.211112615540402e+35
6.2111126488846404e+35
6.2111126822308e+35
6.211112715578876e+35
6.21111274892887e+35
6.211112782280781e+35
6.211112815634612e+35
6.2111128489903615e+35
6.211112882348026e+35
6.211112915707607e+35
6.211112949069107e+35
6.211112982432524e+35
6.2111130157978546e+35
6.2111130491651e+35
6.211113082534267e+35
6.211113115905346e+35
6.21111314927834e+35
6.211113182653251e+35
6.211113216030079e+35
6.2111132494088206e+35
6.211113282789473e+35
6.211113316172041e+35
6.211113349556527e+35
6.211113382942927e+35
6.211113416331238e+35
6.211113449721461e+35
6.211113483113602e+35
6.2111135165076545e+35
6.2111135499036156e+35
6.2111135833014945e+35
6.211113616701282e+35
6.211113650102985e+35
6.211113683506603e+35
6.211113716912126e+35
6.211113750319564e+35
6.2111137837289106e+35
6.211113817140169e+35
6.211113850553339e+35
6.211113883968421e+35
6.211113917385412e+35
6.2111139508043146e+35
6.211113984225128e+35
6.211114017647848e+35
6.211114051072476e+35
6.211114084499015e+35
6.211114117927465e+35
6.211114151357822e+35
6.21111418479009e+35
6.211114218224265e+35
6.211114251660346e+35
6.211114285098337e+35
6.211114318538238e+35
6.211114351980038e+35
6.211114385423754e+35
6.2111144188693756e+35
6.2111144523169005e+35
6.211114485766334e+35
6.211114519217675e+35
6.2111145526709204e+35
6.211114586126074e+35
6.21111461958313e+35
6.211114653042092e+35
6.211114686502961e+35
6.211114719965735e+35
6.211114753430414e+35
6.211114786896997e+35
6.211114820365485e+35
6.211114853835879e+35
6.211114887308172e+35
6.211114920782369e+35
6.211114954258472e+35
6.211114987736475e+35
6.2111150212163856e+35
6.211115054698197e+35
6.211115088181911e+35
6.21111512166753e+35
6.2111151551550465e+35
6.211115188644461e+35
6.211115222135787e+35
6.211115255629009e+35
6.211115289124135e+35
6.211115322621157e+35
6.211115356120086e+35
6.21111538962091e+35
6.211115423123637e+35
6.211115456628261e+35
6.211115490134791e+35
6.211115523643215e+35
6.211115557153543e+35
6.211115590665767e+35
6.2111156241798894e+35
6.211115657695911e+35
6.211115691213833e+35
6.2111157247336536e+35
6.2111157582553706e+35
6.2111157917789825e+35
6.211115825304497e+35
6.211115858831907e+35
6.211115892361214e+35
6.211115925892418e+35
6.211115959425522e+35
6.211115992960516e+35
6.211116026497411e+35
6.211116060036198e+35
6.2111160935768865e+35
6.211116127119465e+35
6.211116160663943e+35
6.2111161942103104e+35
6.211116227758578e+35
6.211116261308739e+35
6.211116294860794e+35
6.21111632841474e+35
6.211116361970586e+35
6.2111163955283235e+35
6.211116429087954e+35
6.211116462649477e+35
6.211116496212898e+35
6.211116529778208e+35
6.2111165633454084e+35
6.211116596914502e+35
6.2111166304854886e+35
6.211116664058368e+35
6.211116697633139e+35
6.211116731209801e+35
6.211116764788355e+35
6.211116798368798e+35
6.211116831951133e+35
6.211116865535358e+35
6.2111168991214734e+35
6.2111169327094785e+35
6.211116966299378e+35
6.211116999891162e+35
6.211117033484839e+35
6.211117067080399e+35
6.211117100677854e+35
6.211117134277193e+35
6.211117167878426e+35
6.2111172014815435e+35
6.2111172350865505e+35
6.2111172686934464e+35
6.2111173023022284e+35
6.211117335912897e+35
6.2111173695254554e+35
6.2111174031398976e+35
6.2111174367562264e+35
6.211117470374447e+35
6.211117503994549e+35
6.211117537616538e+35
6.211117571240413e+35
6.2111176048661726e+35
6.2111176384938196e+35
6.211117672123351e+35
6.211117705754767e+35
6.2111177393880665e+35
6.211117773023253e+35
6.21111780666032e+35
6.2111178402992754e+35
6.21111787394011e+35
6.211117907582833e+35
6.211117941227435e+35
6.2111179748739226e+35
6.211118008522293e+35
6.2111180421725444e+35
6.211118075824676e+35
6.211118109478691e+35
6.211118143134593e+35
6.2111181767923735e+35
6.211118210452035e+35
6.211118244113578e+35
6.211118277777003e+35
6.211118311442306e+35
6.211118345109493e+35
6.211118378778558e+35
6.211118412449506e+35
6.21111844612233e+35
6.211118479797034e+35
6.211118513473621e+35
6.211118547152084e+35
6.2111185808324265e+35
6.2111186145146435e+35
6.2111186481987494e+35
6.211118681884728e+35
6.211118715572585e+35
6.211118749262318e+35
6.21111878295393e+35
6.211118816647418e+35
6.2111188503427826e+35
6.21111888404003e+35
6.21111891773915e+35
6.211118951440148e+35
6.211118985143017e+35
6.211119018847764e+35
6.2111190525543915e+35
6.211119086262889e+35
6.2111191199732624e+35
6.211119153685514e+35
6.2111191873996405e+35
6.21111922111564e+35
6.2111192548335124e+35
6.211119288553259e+35
6.2111193222748825e+35
6.211119355998379e+35
6.211119389723747e+35
6.211119423450991e+35
6.211119457180104e+35
6.211119490911094e+35
6.211119524643954e+35
6.2111195583786876e+35
6.211119592115291e+35
6.211119625853767e+35
6.211119659594118e+35
6.211119693336336e+35
6.2111197270804274e+35
6.2111197608263904e+35
6.211119794574223e+35
6.211119828323925e+35
6.2111198620754995e+35
6.211119895828943e+35
6.211119929584256e+35
6.211119963341441e+35
6.211119997100491e+35
6.2111200308614096e+35
6.211120064624198e+35
6.211120098388857e+35
6.211120132155386e+35
6.2111201659237805e+35
6.211120199694043e+35
6.211120233466174e+35
6.211120267240175e+35
6.2111203010160374e+35
6.2111203347937716e+35
6.21112036857337e+35
6.21112040235484e+35
6.211120436138168e+35
6.2111204699233654e+35
6.2111205037104315e+35
6.211120537499362e+35
6.211120571290158e+35
6.211120605082818e+35
6.211120638877339e+35
6.211120672673729e+35
6.211120706471985e+35
6.211120740272102e+35
6.211120774074087e+35
6.211120807877932e+35
6.211120841683643e+35
6.211120875491219e+35
6.2111209093006536e+35
6.211120943111954e+35
6.211120976925116e+35
6.211121010740141e+35
6.211121044557027e+35
6.2111210783757755e+35
6.211121112196386e+35
6.21112114601886e+35
6.211121179843189e+35
6.211121213669385e+35
6.2111212474974406e+35
6.211121281327354e+35
6.2111213151591335e+35
6.211121348992765e+35
6.211121382828266e+35
6.2111214166656174e+35
6.211121450504833e+35
6.2111214843459076e+35
6.211121518188842e+35
6.2111215520336295e+35
6.2111215858802815e+35
6.211121619728788e+35
6.2111216535791556e+35
6.21112168743138e+35
6.2111217212854616e+35
6.211121755141397e+35
6.211121788999193e+35
6.211121822858845e+35
6.211121856720356e+35
6.211121890583723e+35
6.211121924448946e+35
6.21112195831602e+35
6.2111219921849564e+35
6.211122026055743e+35
6.21112205992839e+35
6.211122093802887e+35
6.211122127679243e+35
6.2111221615574486e+35
6.211122195437519e+35
6.2111222293194305e+35
6.211122263203201e+35
6.211122297088825e+35
6.2111223309763026e+35
6.211122364865632e+35
6.211122398756817e+35
6.211122432649854e+35
6.211122466544744e+35
6.211122500441483e+35
6.211122534340081e+35
6.211122568240522e+35
6.211122602142818e+35
6.2111226360469675e+35
6.211122669952965e+35
6.2111227038608135e+35
6.211122737770514e+35
6.211122771682064e+35
6.211122805595463e+35
6.211122839510712e+35
6.2111228734278156e+35
6.211122907346763e+35
6.211122941267563e+35
6.2111229751902075e+35
6.211123009114703e+35
6.211123043041048e+35
6.211123076969241e+35
6.211123110899281e+35
6.211123144831172e+35
6.211123178764905e+35
6.211123212700489e+35
6.21112324663792e+35
6.2111232805772e+35
6.211123314518321e+35
6.211123348461293e+35
6.211123382406111e+35
6.211123416352774e+35
6.211123450301279e+35
6.211123484251632e+35
6.2111235182038326e+35
6.211123552157876e+35
6.2111235861137655e+35
6.211123620071498e+35
6.2111236540310734e+35
6.211123687992495e+35
6.211123721955762e+35
6.211123755920869e+35
6.2111237898878246e+35
6.211123823856618e+35
6.211123857827258e+35
6.211123891799738e+35
6.211123925774059e+35
6.2111239597502225e+35
6.211123993728232e+35
6.211124027708078e+35
6.211124061689771e+35
6.211124095673302e+35
6.211124129658673e+35
6.211124163645886e+35
6.211124197634939e+35
6.2111242316258304e+35
6.211124265618571e+35
6.2111242996131415e+35
6.211124333609554e+35
6.211124367607805e+35
6.211124401607898e+35
6.2111244356098275e+35
6.2111244696136e+35
6.211124503619205e+35
6.211124537626656e+35
6.2111245716359375e+35
6.211124605647059e+35
6.211124639660019e+35
6.211124673674813e+35
6.21112470769145e+35
6.21112474170992e+35
6.211124775730226e+35
6.211124809752368e+35
6.211124843776345e+35
6.211124877802162e+35
6.211124911829814e+35
6.2111249458593006e+35
6.2111249798906185e+35
6.211125013923774e+35
6.211125047958765e+35
6.21112508199559e+35
6.21112511603425e+35
6.211125150074745e+35
6.211125184117071e+35
6.211125218161229e+35
6.2111252522072276e+35
6.211125286255053e+35
6.2111253203047145e+35
6.211125354356206e+35
6.211125388409527e+35
6.2111254224646824e+35
6.211125456521672e+35
6.2111254905804906e+35
6.211125524641143e+35
6.211125558703625e+35
6.211125592767938e+35
6.211125626834084e+35
6.2111256609020574e+35
6.211125694971861e+35
6.211125729043495e+35
6.21112576311696e+35
6.211125797192253e+35
6.211125831269376e+35
6.21112586534833e+35
6.2111258994291095e+35
6.211125933511719e+35
6.211125967596151e+35
6.21112600168242e+35
6.211126035770514e+35
6.211126069860435e+35
6.211126103952181e+35
6.211126138045755e+35
6.211126172141159e+35
6.211126206238387e+35
6.211126240337442e+35
6.2111262744383245e+35
6.211126308541031e+35
6.211126342645562e+35
6.211126376751921e+35
6.211126410860109e+35
6.211126444970117e+35
6.211126479081949e+35
6.2111265131956096e+35
6.21112654731109e+35
6.211126581428393e+35
6.211126615547528e+35
6.211126649668479e+35
6.2111266837912596e+35
6.211126717915857e+35
6.211126752042279e+35
6.211126786170522e+35
6.211126820300592e+35
6.211126854432481e+35
6.211126888566192e+35
6.2111269227017294e+35
6.211126956839082e+35
6.211126990978259e+35
6.211127025119255e+35
6.2111270592620756e+35
6.2111270934067126e+35
6.2111271275531706e+35
6.211127161701447e+35
6.2111271958515455e+35
6.211127230003461e+35
6.211127264157199e+35
6.211127298312756e+35
6.211127332470133e+35
6.2111273666293225e+35
6.211127400790336e+35
6.2111274349531686e+35
6.211127469117818e+35
6.211127503284282e+35
6.2111275374525655e+35
6.211127571622665e+35
6.2111276057945794e+35
6.211127639968315e+35
6.211127674143864e+35
6.21112770832123e+35
6.211127742500414e+35
6.2111277766814106e+35
6.211127810864225e+35
6.211127845048854e+35
6.211127879235299e+35
6.211127913423556e+35
6.211127947613628e+35
6.211127981805517e+35
6.211128015999218e+35
6.2111280501947316e+35
6.211128084392062e+35
6.211128118591204e+35
6.21112815279216e+35
6.2111281869949334e+35
6.2111282211995075e+35
6.2111282554059e+35
6.211128289614107e+35
6.211128323824122e+35
6.211128358035953e+35
6.211128392249592e+35
6.211128426465046e+35
6.211128460682305e+35
6.2111284949013786e+35
6.2111285291222626e+35
6.2111285633449566e+35
6.211128597569462e+35
6.2111286317957746e+35
6.211128666023897e+35
6.211128700253829e+35
6.2111287344855714e+35
6.21112876871912e+35
6.211128802954479e+35
6.2111288371916486e+35
6.211128871430625e+35
6.211128905671407e+35
6.211128939913999e+35
6.211128974158397e+35
6.211129008404599e+35
6.21112904265261e+35
6.211129076902431e+35
6.2111291111540556e+35
6.211129145407486e+35
6.211129179662728e+35
6.2111292139197674e+35
6.211129248178618e+35
6.2111292824392715e+35
6.21112931670173e+35
6.211129350965993e+35
6.2111293852320616e+35
6.211129419499931e+35
6.211129453769608e+35
6.211129488041089e+35
6.211129522314372e+35
6.211129556589459e+35
6.21112959086635e+35
6.2111296251450404e+35
6.211129659425539e+35
6.211129693707834e+35
6.211129727991934e+35
6.211129762277835e+35
6.211129796565537e+35
6.211129830855045e+35
6.211129865146347e+35
6.211129899439455e+35
6.2111299337343605e+35
6.2111299680310694e+35
6.21113000232958e+35
6.211130036629886e+35
6.2111300709319944e+35
6.2111301052359035e+35
6.211130139541609e+35
6.211130173849111e+35
6.211130208158416e+35
6.211130242469519e+35
6.211130276782421e+35
6.2111303110971195e+35
6.2111303454136174e+35
6.211130379731907e+35
6.211130414051999e+35
6.2111304483738856e+35
6.2111304826975726e+35
6.211130517023051e+35
6.2111305513503315e+35
6.211130585679405e+35
6.2111306200102766e+35
