4462532332645.03 -281552281062.58685 -97045401823.5523
4462532347960.539 -281552008226.31396 -97045407795.05507
4462532363276.031 -281551735390.04004 -97045413766.55746
4462532378591.507 -281551462553.7651 -97045419738.05951
4462532393906.966 -281551189717.4891 -97045425709.56119
4462532409222.408 -281550916881.21204 -97045431681.0625
4462532424537.834 -281550644044.9339 -97045437652.56346
4462532439853.243 -281550371208.6547 -97045443624.06406
4462532455168.636 -281550098372.3745 -97045449595.56429
4462532470484.012 -281549825536.09326 -97045455567.06416
4462532485799.371 -281549552699.811 -97045461538.56367
4462532501114.714 -281549279863.52765 -97045467510.06284
4462532516430.04 -281549007027.2433 -97045473481.56163
4462532531745.351 -281548734190.9579 -97045479453.06006
4462532547060.645 -281548461354.6714 -97045485424.55814
4462532562375.922 -281548188518.38385 -97045491396.05585
4462532577691.183 -281547915682.0953 -97045497367.5532
4462532593006.427 -281547642845.80566 -97045503339.0502
4462532608321.654 -281547370009.515 -97045509310.54683
4462532623636.865 -281547097173.2233 -97045515282.0431
4462532638952.06 -281546824336.9306 -97045521253.53902
4462532654267.237 -281546551500.6368 -97045527225.03456
4462532669582.398 -281546278664.3419 -97045533196.52975
4462532684897.543 -281546005828.046 -97045539168.02458
4462532700212.671 -281545732991.7491 -97045545139.51906
4462532715527.782 -281545460155.4511 -97045551111.01317
4462532730842.877 -281545187319.1521 -97045557082.50691
4462532746157.955 -281544914482.85205 -97045563054.0003
4462532761473.017 -281544641646.55096 -97045569025.49333
4462532776788.062 -281544368810.2488 -97045574996.98601
4462532792103.09 -281544095973.94556 -97045580968.47832
4462532807418.102 -281543823137.6413 -97045586939.97026
4462532822733.097 -281543550301.336 -97045592911.46185
4462532838048.075 -281543277465.02966 -97045598882.95308
4462532853363.037 -281543004628.7223 -97045604854.44395
4462532868677.982 -281542731792.4139 -97045610825.93446
4462532883992.911 -281542458956.10443 -97045616797.4246
4462532899307.823 -281542186119.7939 -97045622768.9144
4462532914622.719 -281541913283.4823 -97045628740.40382
4462532929937.598 -281541640447.1697 -97045634711.89288
4462532945252.46 -281541367610.856 -97045640683.38159
4462532960567.306 -281541094774.5413 -97045646654.86993
4462532975882.135 -281540821938.2256 -97045652626.35793
4462532991196.947 -281540549101.9088 -97045658597.84555
4462533006511.744 -281540276265.59094 -97045664569.33281
4462533021826.524 -281540003429.27203 -97045670540.81972
4462533037141.288 -281539730592.9521 -97045676512.30626
4462533052456.035 -281539457756.6311 -97045682483.79245
4462533067770.766 -281539184920.3091 -97045688455.27827
4462533083085.4795 -281538912083.986 -97045694426.76373
4462533098400.177 -281538639247.6619 -97045700398.24884
4462533113714.857 -281538366411.3368 -97045706369.73358
4462533129029.521 -281538093575.01056 -97045712341.21796
4462533144344.169 -281537820738.6833 -97045718312.70198
4462533159658.8 -281537547902.355 -97045724284.18564
4462533174973.414 -281537275066.02563 -97045730255.66895
4462533190288.012 -281537002229.69525 -97045736227.15189
4462533205602.593 -281536729393.36383 -97045742198.63446
4462533220917.157 -281536456557.0314 -97045748170.11668
4462533236231.705 -281536183720.6979 -97045754141.59854
4462533251546.236 -281535910884.3633 -97045760113.08005
4462533266860.751 -281535638048.02765 -97045766084.56119
4462533282175.249 -281535365211.691 -97045772056.04196
4462533297489.73 -281535092375.3533 -97045778027.52238
4462533312804.195 -281534819539.0145 -97045783999.00244
4462533328118.644 -281534546702.67474 -97045789970.48213
4462533343433.075 -281534273866.3339 -97045795941.96147
4462533358747.49 -281534001029.992 -97045801913.44044
4462533374061.889 -281533728193.64905 -97045807884.91907
4462533389376.2705 -281533455357.30505 -97045813856.39732
4462533404690.636 -281533182520.96 -97045819827.87521
4462533420004.984 -281532909684.61395 -97045825799.35275
4462533435319.316 -281532636848.26685 -97045831770.82993
4462533450633.632 -281532364011.9187 -97045837742.30675
4462533465947.931 -281532091175.5695 -97045843713.7832
4462533481262.213 -281531818339.21924 -97045849685.2593
4462533496576.4795 -281531545502.8679 -97045855656.73503
4462533511890.7295 -281531272666.51556 -97045861628.2104
4462533527204.963 -281530999830.1622 -97045867599.68541
4462533542519.18 -281530726993.80774 -97045873571.16006
4462533557833.38 -281530454157.4523 -97045879542.63435
4462533573147.563 -281530181321.09576 -97045885514.10829
4462533588461.73 -281529908484.7382 -97045891485.58186
4462533603775.881 -281529635648.3796 -97045897457.05507
4462533619090.015 -281529362812.0199 -97045903428.52792
4462533634404.132 -281529089975.6592 -97045909400.00041
4462533649718.232 -281528817139.2974 -97045915371.47255
4462533665032.316 -281528544302.93463 -97045921342.94432
4462533680346.384 -281528271466.5708 -97045927314.41573
4462533695660.435 -281527998630.20593 -97045933285.88678
4462533710974.469 -281527725793.84 -97045939257.35747
4462533726288.486 -281527452957.473 -97045945228.82779
4462533741602.487 -281527180121.105 -97045951200.29776
4462533756916.472 -281526907284.7359 -97045957171.76736
4462533772230.439 -281526634448.3658 -97045963143.23662
4462533787544.391 -281526361611.9946 -97045969114.7055
4462533802858.325 -281526088775.62244 -97045975086.17403
4462533818172.243 -281525815939.2492 -97045981057.6422
4462533833486.145 -281525543102.8749 -97045987029.11
4462533848800.029 -281525270266.4995 -97045993000.57745
4462533864113.897 -281524997430.1231 -97045998972.04454
4462533879427.749 -281524724593.74567 -97046004943.51126
4462533894741.584 -281524451757.3672 -97046010914.97763
4462533910055.402 -281524178920.9877 -97046016886.44363
4462533925369.204 -281523906084.6071 -97046022857.90927
4462533940682.989 -281523633248.2255 -97046028829.37456
4462533955996.758 -281523360411.84283 -97046034800.83948
4462533971310.511 -281523087575.4591 -97046040772.30405
4462533986624.247 -281522814739.07434 -97046046743.76825
4462534001937.967 -281522541902.68854 -97046052715.23209
4462534017251.67 -281522269066.3017 -97046058686.69557
4462534032565.356 -281521996229.9138 -97046064658.15869
4462534047879.026 -281521723393.5249 -97046070629.62146
4462534063192.68 -281521450557.13495 -97046076601.08386
4462534078506.316 -281521177720.7439 -97046082572.5459
4462534093819.937 -281520904884.3518 -97046088544.00758
4462534109133.54 -281520632047.9587 -97046094515.4689
4462534124447.127 -281520359211.5645 -97046100486.92987
4462534139760.697 -281520086375.1693 -97046106458.39047
4462534155074.251 -281519813538.7731 -97046112429.85071
4462534170387.788 -281519540702.3758 -97046118401.3106
4462534185701.309 -281519267865.9775 -97046124372.77011
4462534201014.8125 -281518995029.57806 -97046130344.22926
4462534216328.3 -281518722193.1776 -97046136315.68806
4462534231641.7705 -281518449356.7761 -97046142287.1465
4462534246955.225 -281518176520.3736 -97046148258.60458
4462534262268.662 -281517903683.97003 -97046154230.0623
4462534277582.083 -281517630847.5654 -97046160201.51965
4462534292895.487 -281517358011.1598 -97046166172.97665
4462534308208.875 -281517085174.75305 -97046172144.43329
4462534323522.246 -281516812338.3453 -97046178115.88957
4462534338835.601 -281516539501.93646 -97046184087.34549
4462534354148.938 -281516266665.5266 -97046190058.80104
4462534369462.26 -281515993829.1157 -97046196030.25624
4462534384775.564 -281515720992.7038 -97046202001.71107
4462534400088.853 -281515448156.29083 -97046207973.16554
4462534415402.124 -281515175319.87683 -97046213944.61966
4462534430715.379 -281514902483.46173 -97046219916.07341
4462534446028.617 -281514629647.0456 -97046225887.52681
4462534461341.84 -281514356810.6284 -97046231858.97984
4462534476655.046 -281514083974.2102 -97046237830.43251
4462534491968.235 -281513811137.79095 -97046243801.88483
4462534507281.408 -281513538301.37067 -97046249773.33678
4462534522594.564 -281513265464.94934 -97046255744.78838
4462534537907.704 -281512992628.527 -97046261716.23961
4462534553220.827 -281512719792.1035 -97046267687.69048
4462534568533.934 -281512446955.679 -97046273659.14099
4462534583847.023 -281512174119.2535 -97046279630.59114
4462534599160.097 -281511901282.8269 -97046285602.04092
4462534614473.153 -281511628446.3993 -97046291573.49036
4462534629786.193 -281511355609.97064 -97046297544.93942
4462534645099.217 -281511082773.54095 -97046303516.38814
4462534660412.224 -281510809937.1102 -97046309487.83649
4462534675725.214 -281510537100.6784 -97046315459.28447
4462534691038.1875 -281510264264.24554 -97046321430.7321
4462534706351.145 -281509991427.81165 -97046327402.17937
4462534721664.085 -281509718591.3767 -97046333373.62628
4462534736977.009 -281509445754.94073 -97046339345.07283
4462534752289.916 -281509172918.5037 -97046345316.51901
4462534767602.807 -281508900082.0657 -97046351287.96484
4462534782915.681 -281508627245.6266 -97046357259.41031
4462534798228.538 -281508354409.1864 -97046363230.85541
4462534813541.379 -281508081572.7452 -97046369202.30016
4462534828854.203 -281507808736.3029 -97046375173.74454
4462534844167.011 -281507535899.8596 -97046381145.18857
4462534859479.802 -281507263063.4153 -97046387116.63223
4462534874792.576 -281506990226.9699 -97046393088.07553
4462534890105.334 -281506717390.5235 -97046399059.51848
4462534905418.075 -281506444554.076 -97046405030.96106
4462534920730.8 -281506171717.62744 -97046411002.40329
4462534936043.509 -281505898881.17786 -97046416973.84515
4462534951356.201 -281505626044.72723 -97046422945.28665
4462534966668.877 -281505353208.2756 -97046428916.7278
4462534981981.536 -281505080371.8229 -97046434888.16858
4462534997294.179 -281504807535.36914 -97046440859.609
4462535012606.805 -281504534698.91437 -97046446831.04906
4462535027919.414 -281504261862.4585 -97046452802.48875
4462535043232.007 -281503989026.0016 -97046458773.9281
4462535058544.583 -281503716189.54364 -97046464745.36708
4462535073857.143 -281503443353.08466 -97046470716.8057
4462535089169.686 -281503170516.62463 -97046476688.24396
4462535104482.212 -281502897680.1636 -97046482659.68185
4462535119794.722 -281502624843.7015 -97046488631.1194
4462535135107.215 -281502352007.23834 -97046494602.55658
4462535150419.691 -281502079170.7741 -97046500573.9934
4462535165732.151 -281501806334.30884 -97046506545.42986
4462535181044.595 -281501533497.8425 -97046512516.86595
4462535196357.021 -281501260661.3752 -97046518488.30168
4462535211669.432 -281500987824.9068 -97046524459.73706
4462535226981.825 -281500714988.4374 -97046530431.17207
4462535242294.202 -281500442151.9669 -97046536402.60674
4462535257606.5625 -281500169315.4954 -97046542374.04103
4462535272918.906 -281499896479.0228 -97046548345.47496
4462535288231.233 -281499623642.5492 -97046554316.90854
4462535303543.544 -281499350806.0745 -97046560288.34175
4462535318855.838 -281499077969.5988 -97046566259.77461
4462535334168.115 -281498805133.1221 -97046572231.2071
4462535349480.376 -281498532296.6443 -97046578202.63924
4462535364792.62 -281498259460.16547 -97046584174.07101
4462535380104.848 -281497986623.6856 -97046590145.50243
4462535395417.059 -281497713787.20465 -97046596116.93347
4462535410729.253 -281497440950.72266 -97046602088.36417
4462535426041.432 -281497168114.2396 -97046608059.7945
4462535441353.594 -281496895277.75555 -97046614031.22447
4462535456665.739 -281496622441.27045 -97046620002.65408
4462535471977.868 -281496349604.7843 -97046625974.08333
4462535487289.98 -281496076768.2971 -97046631945.51222
4462535502602.076 -281495803931.8089 -97046637916.94075
4462535517914.155 -281495531095.3196 -97046643888.36893
4462535533226.218 -281495258258.8292 -97046649859.79674
4462535548538.264 -281494985422.3378 -97046655831.22418
4462535563850.293 -281494712585.8454 -97046661802.65128
4462535579162.306 -281494439749.3519 -97046667774.078
4462535594474.302 -281494166912.8574 -97046673745.50438
4462535609786.281 -281493894076.3619 -97046679716.93039
4462535625098.244 -281493621239.86523 -97046685688.35603
4462535640410.19 -281493348403.36755 -97046691659.78133
4462535655722.12 -281493075566.86884 -97046697631.20625
4462535671034.033 -281492802730.3691 -97046703602.63081
4462535686345.93 -281492529893.8683 -97046709574.05502
4462535701657.81 -281492257057.36646 -97046715545.47887
4462535716969.673 -281491984220.8636 -97046721516.90236
4462535732281.52 -281491711384.3597 -97046727488.32549
4462535747593.35 -281491438547.8547 -97046733459.74825
4462535762905.163 -281491165711.34863 -97046739431.17065
4462535778216.96 -281490892874.84155 -97046745402.5927
4462535793528.74 -281490620038.33344 -97046751374.01439
4462535808840.504 -281490347201.8243 -97046757345.43571
4462535824152.251 -281490074365.3141 -97046763316.85667
4462535839463.981 -281489801528.80286 -97046769288.27728
4462535854775.695 -281489528692.2906 -97046775259.69753
4462535870087.393 -281489255855.7772 -97046781231.1174
4462535885399.073 -281488983019.2628 -97046787202.53693
4462535900710.738 -281488710182.7474 -97046793173.95609
4462535916022.387 -281488437346.2309 -97046799145.3749
4462535931334.019 -281488164509.7134 -97046805116.79333
4462535946645.634 -281487891673.1948 -97046811088.21141
4462535961957.232 -281487618836.67523 -97046817059.62914
4462535977268.814 -281487346000.1546 -97046823031.0465
4462535992580.38 -281487073163.6329 -97046829002.4635
4462536007891.929 -281486800327.1101 -97046834973.88014
4462536023203.461 -281486527490.5863 -97046840945.29642
4462536038514.977 -281486254654.06146 -97046846916.71234
4462536053826.476 -281485981817.5356 -97046852888.1279
4462536069137.958 -281485708981.00867 -97046858859.54309
4462536084449.424 -281485436144.4807 -97046864830.95793
4462536099760.873 -281485163307.9517 -97046870802.3724
4462536115072.306 -281484890471.42163 -97046876773.78653
4462536130383.722 -281484617634.8905 -97046882745.20029
4462536145695.121 -281484344798.35834 -97046888716.61368
4462536161006.504 -281484071961.82513 -97046894688.02672
4462536176317.87 -281483799125.2909 -97046900659.43939
4462536191629.22 -281483526288.7556 -97046906630.85172
4462536206940.553 -281483253452.2193 -97046912602.26367
4462536222251.869 -281482980615.68195 -97046918573.67526
4462536237563.169 -281482707779.1435 -97046924545.0865
4462536252874.452 -281482434942.604 -97046930516.49738
4462536268185.719 -281482162106.0635 -97046936487.90788
4462536283496.969 -281481889269.5219 -97046942459.31804
4462536298808.202 -281481616432.9793 -97046948430.72783
4462536314119.419 -281481343596.43567 -97046954402.13727
4462536329430.619 -281481070759.891 -97046960373.54634
4462536344741.803 -281480797923.3453 -97046966344.95505
4462536360052.97 -281480525086.79846 -97046972316.3634
4462536375364.12 -281480252250.2506 -97046978287.7714
4462536390675.255 -281479979413.7017 -97046984259.17903
4462536405986.373 -281479706577.1518 -97046990230.5863
4462536421297.475 -281479433740.6008 -97046996201.99321
4462536436608.56 -281479160904.0488 -97047002173.39977
4462536451919.628 -281478888067.4958 -97047008144.80595
4462536467230.68 -281478615230.9417 -97047014116.21178
4462536482541.715 -281478342394.38654 -97047020087.61725
4462536497852.733 -281478069557.8303 -97047026059.02235
4462536513163.735 -281477796721.2731 -97047032030.42711
4462536528474.721 -281477523884.7148 -97047038001.8315
4462536543785.689 -281477251048.15546 -97047043973.23552
4462536559096.642 -281476978211.5951 -97047049944.63919
4462536574407.577 -281476705375.0337 -97047055916.0425
4462536589718.496 -281476432538.47125 -97047061887.44545
4462536605029.398 -281476159701.9077 -97047067858.84804
4462536620340.284 -281475886865.34314 -97047073830.25026
4462536635651.153 -281475614028.7775 -97047079801.65213
4462536650962.006 -281475341192.2109 -97047085773.05363
4462536666272.842 -281475068355.6432 -97047091744.45477
4462536681583.661 -281474795519.07446 -97047097715.85556
4462536696894.464 -281474522682.5047 -97047103687.25598
4462536712205.25 -281474249845.93384 -97047109658.65605
4462536727516.02 -281473977009.36194 -97047115630.05576
4462536742826.772 -281473704172.789 -97047121601.4551
4462536758137.509 -281473431336.215 -97047127572.85408
4462536773448.229 -281473158499.64 -97047133544.2527
4462536788758.932 -281472885663.06396 -97047139515.65097
4462536804069.618 -281472612826.4869 -97047145487.04887
4462536819380.288 -281472339989.90875 -97047151458.44641
4462536834690.941 -281472067153.3295 -97047157429.8436
4462536850001.578 -281471794316.74927 -97047163401.24042
4462536865312.199 -281471521480.16797 -97047169372.63687
4462536880622.804 -281471248643.58563 -97047175344.03297
4462536895933.392 -281470975807.00226 -97047181315.42871
4462536911243.963 -281470702970.41785 -97047187286.8241
4462536926554.518 -281470430133.8324 -97047193258.21912
4462536941865.056 -281470157297.2459 -97047199229.61377
4462536957175.577 -281469884460.6583 -97047205201.00807
4462536972486.082 -281469611624.0697 -97047211172.40201
4462536987796.57 -281469338787.48004 -97047217143.7956
4462537003107.042 -281469065950.88934 -97047223115.18881
4462537018417.497 -281468793114.2976 -97047229086.58167
4462537033727.936 -281468520277.70483 -97047235057.97417
4462537049038.357 -281468247441.111 -97047241029.3663
4462537064348.763 -281467974604.5162 -97047247000.75807
4462537079659.151 -281467701767.9202 -97047252972.14949
4462537094969.523 -281467428931.32324 -97047258943.54054
4462537110279.879 -281467156094.7252 -97047264914.93124
4462537125590.218 -281466883258.12616 -97047270886.32158
4462537140900.54 -281466610421.52606 -97047276857.71155
4462537156210.846 -281466337584.9249 -97047282829.10117
4462537171521.135 -281466064748.32275 -97047288800.49042
4462537186831.407 -281465791911.71954 -97047294771.87932
4462537202141.663 -281465519075.11523 -97047300743.26785
4462537217451.902 -281465246238.5099 -97047306714.65602
4462537232762.125 -281464973401.9035 -97047312686.04384
4462537248072.331 -281464700565.2961 -97047318657.43129
4462537263382.5205 -281464427728.6876 -97047324628.81839
4462537278692.693 -281464154892.0781 -97047330600.20512
4462537294002.85 -281463882055.4676 -97047336571.59149
4462537309312.989 -281463609218.856 -97047342542.97751
4462537324623.112 -281463336382.24335 -97047348514.36316
4462537339933.219 -281463063545.62964 -97047354485.74844
4462537355243.31 -281462790709.0149 -97047360457.13338
4462537370553.384 -281462517872.3991 -97047366428.51794
4462537385863.441 -281462245035.7823 -97047372399.90216
4462537401173.482 -281461972199.1644 -97047378371.28601
4462537416483.507 -281461699362.54553 -97047384342.6695
4462537431793.515 -281461426525.9256 -97047390314.05263
4462537447103.506 -281461153689.30457 -97047396285.4354
4462537462413.48 -281460880852.6825 -97047402256.81781
4462537477723.438 -281460608016.0594 -97047408228.19986
4462537493033.38 -281460335179.43524 -97047414199.58154
4462537508343.305 -281460062342.81006 -97047420170.96288
4462537523653.213 -281459789506.18384 -97047426142.34384
4462537538963.1045 -281459516669.5566 -97047432113.72444
4462537554272.9795 -281459243832.9283 -97047438085.10469
4462537569582.838 -281458970996.2989 -97047444056.48457
4462537584892.68 -281458698159.66846 -97047450027.8641
4462537600202.505 -281458425323.037 -97047455999.24327
4462537615512.313 -281458152486.4045 -97047461970.62207
4462537630822.105 -281457879649.77094 -97047467942.00052
4462537646131.881 -281457606813.13635 -97047473913.3786
4462537661441.64 -281457333976.50073 -97047479884.75633
4462537676751.382 -281457061139.8641 -97047485856.1337
4462537692061.107 -281456788303.2263 -97047491827.5107
4462537707370.816 -281456515466.5875 -97047497798.88734
4462537722680.509 -281456242629.9477 -97047503770.26363
4462537737990.185 -281455969793.3068 -97047509741.63954
4462537753299.844 -281455696956.6649 -97047515713.0151
4462537768609.486 -281455424120.022 -97047521684.3903
4462537783919.112 -281455151283.378 -97047527655.76515
4462537799228.722 -281454878446.733 -97047533627.13963
4462537814538.314 -281454605610.08685 -97047539598.51375
4462537829847.892 -281454332773.4397 -97047545569.88751
4462537845157.452 -281454059936.7915 -97047551541.26091
4462537860466.996 -281453787100.1423 -97047557512.63396
4462537875776.523 -281453514263.492 -97047563484.00664
4462537891086.034 -281453241426.8407 -97047569455.37895
4462537906395.528 -281452968590.18835 -97047575426.75092
4462537921705.006 -281452695753.535 -97047581398.12251
4462537937014.467 -281452422916.8805 -97047587369.49374
4462537952323.911 -281452150080.225 -97047593340.86462
4462537967633.339 -281451877243.5684 -97047599312.23514
4462537982942.75 -281451604406.9108 -97047605283.6053
4462537998252.145 -281451331570.2522 -97047611254.9751
4462538013561.522 -281451058733.5925 -97047617226.34453
4462538028870.884 -281450785896.9318 -97047623197.71361
4462538044180.229 -281450513060.2701 -97047629169.08232
4462538059489.557 -281450240223.60724 -97047635140.45068
4462538074798.868 -281449967386.94336 -97047641111.81868
4462538090108.163 -281449694550.27844 -97047647083.18631
4462538105417.441 -281449421713.6125 -97047653054.55359
4462538120726.703 -281449148876.9455 -97047659025.9205
4462538136035.948 -281448876040.27747 -97047664997.28705
4462538151345.177 -281448603203.6084 -97047670968.65324
4462538166654.389 -281448330366.9383 -97047676940.01907
4462538181963.584 -281448057530.2671 -97047682911.38455
4462538197272.763 -281447784693.59485 -97047688882.74966
4462538212581.925 -281447511856.9216 -97047694854.11441
4462538227891.07 -281447239020.24725 -97047700825.4788
4462538243200.199 -281446966183.5719 -97047706796.84283
4462538258509.312 -281446693346.8955 -97047712768.20651
4462538273818.407 -281446420510.2181 -97047718739.56982
4462538289127.486 -281446147673.5396 -97047724710.93277
4462538304436.549 -281445874836.86005 -97047730682.29536
4462538319745.596 -281445602000.17944 -97047736653.6576
4462538335054.626 -281445329163.4978 -97047742625.01945
4462538350363.64 -281445056326.8151 -97047748596.38097
4462538365672.637 -281444783490.1314 -97047754567.74211
4462538380981.617 -281444510653.44666 -97047760539.1029
4462538396290.581 -281444237816.76086 -97047766510.46333
4462538411599.528 -281443964980.07404 -97047772481.8234
4462538426908.459 -281443692143.3861 -97047778453.1831
4462538442217.373 -281443419306.69714 -97047784424.54245
4462538457526.2705 -281443146470.00714 -97047790395.90144
4462538472835.151 -281442873633.3161 -97047796367.26007
4462538488144.016 -281442600796.624 -97047802338.61833
4462538503452.863 -281442327959.9309 -97047808309.97624
4462538518761.694 -281442055123.23676 -97047814281.33379
4462538534070.509 -281441782286.54156 -97047820252.69096
4462538549379.307 -281441509449.84534 -97047826224.04779
4462538564688.088 -281441236613.148 -97047832195.40425
4462538579996.853 -281440963776.44965 -97047838166.76036
4462538595305.601 -281440690939.75024 -97047844138.1161
4462538610614.332 -281440418103.0498 -97047850109.47148
4462538625923.047 -281440145266.3483 -97047856080.8265
4462538641231.745 -281439872429.6458 -97047862052.18117
4462538656540.427 -281439599592.94226 -97047868023.53548
4462538671849.092 -281439326756.2377 -97047873994.88942
4462538687157.74 -281439053919.532 -97047879966.243
4462538702466.372 -281438781082.82526 -97047885937.59622
4462538717774.987 -281438508246.1175 -97047891908.94908
4462538733083.586 -281438235409.4087 -97047897880.30157
4462538748392.168 -281437962572.69885 -97047903851.65372
4462538763700.733 -281437689735.988 -97047909823.0055
4462538779009.282 -281437416899.27606 -97047915794.35692
4462538794317.815 -281437144062.5631 -97047921765.70798
4462538809626.332 -281436871225.84906 -97047927737.05867
4462538824934.832 -281436598389.134 -97047933708.40901
4462538840243.315 -281436325552.41785 -97047939679.75899
4462538855551.782 -281436052715.7007 -97047945651.10861
4462538870860.232 -281435779878.9825 -97047951622.45787
4462538886168.666 -281435507042.26324 -97047957593.80676
4462538901477.083 -281435234205.54297 -97047963565.1553
4462538916785.483 -281434961368.82166 -97047969536.50348
4462538932093.867 -281434688532.09924 -97047975507.85129
4462538947402.234 -281434415695.3758 -97047981479.19875
4462538962710.585 -281434142858.6513 -97047987450.54584
4462538978018.919 -281433870021.9258 -97047993421.89258
4462538993327.236 -281433597185.1992 -97047999393.23895
4462539008635.537 -281433324348.4716 -97048005364.58496
4462539023943.821 -281433051511.743 -97048011335.93062
4462539039252.089 -281432778675.0133 -97048017307.27591
4462539054560.34 -281432505838.28253 -97048023278.62085
4462539069868.574 -281432233001.5507 -97048029249.96542
4462539085176.792 -281431960164.8179 -97048035221.30963
4462539100484.993 -281431687328.084 -97048041192.65349
4462539115793.178 -281431414491.34906 -97048047163.99698
4462539131101.346 -281431141654.6131 -97048053135.3401
4462539146409.497 -281430868817.8761 -97048059106.68288
4462539161717.632 -281430595981.13806 -97048065078.02528
4462539177025.75 -281430323144.3989 -97048071049.36734
4462539192333.852 -281430050307.65875 -97048077020.70903
4462539207641.937 -281429777470.91754 -97048082992.05035
4462539222950.005 -281429504634.1753 -97048088963.39133
4462539238258.057 -281429231797.432 -97048094934.73193
4462539253566.092 -281428958960.6877 -97048100906.07219
4462539268874.11 -281428686123.9423 -97048106877.41208
4462539284182.113 -281428413287.1959 -97048112848.7516
4462539299490.1 -281428140450.4484 -97048118820.09077
4462539314798.069 -281427867613.6999 -97048124791.42958
4462539330106.022 -281427594776.9503 -97048130762.76802
4462539345413.959 -281427321940.1997 -97048136734.10611
4462539360721.879 -281427049103.44806 -97048142705.44383
4462539376029.782 -281426776266.6954 -97048148676.7812
4462539391337.669 -281426503429.94165 -97048154648.11821
4462539406645.539 -281426230593.1869 -97048160619.45485
4462539421953.393 -281425957756.431 -97048166590.79114
4462539437261.2295 -281425684919.67413 -97048172562.12706
4462539452569.05 -281425412082.9162 -97048178533.46263
4462539467876.854 -281425139246.1572 -97048184504.79784
4462539483184.641 -281424866409.3972 -97048190476.13268
4462539498492.411 -281424593572.63617 -97048196447.46716
4462539513800.165 -281424320735.8741 -97048202418.80128
4462539529107.902 -281424047899.11096 -97048208390.13504
4462539544415.623 -281423775062.34674 -97048214361.46844
4462539559723.327 -281423502225.5815 -97048220332.80148
4462539575031.015 -281423229388.8152 -97048226304.13417
4462539590338.686 -281422956552.04785 -97048232275.46649
4462539605646.34 -281422683715.2795 -97048238246.79845
4462539620953.978 -281422410878.5101 -97048244218.13005
4462539636261.599 -281422138041.7396 -97048250189.46129
4462539651569.203 -281421865204.96814 -97048256160.79218
4462539666876.791 -281421592368.19556 -97048262132.1227
4462539682184.362 -281421319531.42194 -97048268103.45285
4462539697491.917 -281421046694.6473 -97048274074.78265
4462539712799.455 -281420773857.8716 -97048280046.11209
4462539728106.977 -281420501021.09485 -97048286017.44118
4462539743414.481 -281420228184.3171 -97048291988.7699
4462539758721.971 -281419955347.53827 -97048297960.09825
4462539774029.443 -281419682510.7584 -97048303931.42625
4462539789336.899 -281419409673.97754 -97048309902.75389
4462539804644.339 -281419136837.19556 -97048315874.08116
4462539819951.762 -281418864000.41254 -97048321845.40808
4462539835259.168 -281418591163.6285 -97048327816.73463
4462539850566.558 -281418318326.8434 -97048333788.06084
4462539865873.931 -281418045490.05725 -97048339759.38667
4462539881181.287 -281417772653.2701 -97048345730.71214
4462539896488.627 -281417499816.4819 -97048351702.03726
4462539911795.95 -281417226979.6926 -97048357673.36201
4462539927103.257 -281416954142.9023 -97048363644.68642
4462539942410.547 -281416681306.1109 -97048369616.01045
4462539957717.82 -281416408469.3185 -97048375587.33412
4462539973025.077 -281416135632.525 -97048381558.65744
4462539988332.317 -281415862795.7305 -97048387529.9804
4462540003639.541 -281415589958.935 -97048393501.30298
4462540018946.748 -281415317122.1384 -97048399472.62521
4462540034253.938 -281415044285.3408 -97048405443.94708
4462540049561.112 -281414771448.5421 -97048411415.2686
4462540064868.27 -281414498611.7424 -97048417386.58975
4462540080175.41 -281414225774.9416 -97048423357.91054
4462540095482.534 -281413952938.1398 -97048429329.23097
4462540110789.642 -281413680101.3369 -97048435300.55104
4462540126096.732 -281413407264.533 -97048441271.87076
4462540141403.807 -281413134427.7281 -97048447243.19011
4462540156710.864 -281412861590.9221 -97048453214.5091
4462540172017.905 -281412588754.11505 -97048459185.82773
4462540187324.93 -281412315917.30695 -97048465157.146
4462540202631.9375 -281412043080.4978 -97048471128.4639
4462540217938.929 -281411770243.6876 -97048477099.78145
4462540233245.903 -281411497406.8764 -97048483071.09863
4462540248552.862 -281411224570.06415 -97048489042.41547
4462540263859.805 -281410951733.25085 -97048495013.73193
4462540279166.73 -281410678896.4365 -97048500985.04803
4462540294473.64 -281410406059.6211 -97048506956.36378
4462540309780.532 -281410133222.8046 -97048512927.67917
4462540325087.408 -281409860385.9871 -97048518898.9942
4462540340394.268 -281409587549.1686 -97048524870.30887
4462540355701.11 -281409314712.349 -97048530841.62317
4462540371007.937 -281409041875.5284 -97048536812.93712
4462540386314.746 -281408769038.7067 -97048542784.2507
4462540401621.539 -281408496201.88403 -97048548755.56392
4462540416928.315 -281408223365.0603 -97048554726.87679
4462540432235.075 -281407950528.2355 -97048560698.18929
4462540447541.818 -281407677691.4096 -97048566669.50143
4462540462848.545 -281407404854.5827 -97048572640.81322
4462540478155.255 -281407132017.75476 -97048578612.12463
4462540493461.948 -281406859180.9258 -97048584583.4357
4462540508768.625 -281406586344.09576 -97048590554.7464
4462540524075.285 -281406313507.2647 -97048596526.05675
4462540539381.929 -281406040670.4326 -97048602497.36673
4462540554688.556 -281405767833.5994 -97048608468.67635
4462540569995.166 -281405494996.7652 -97048614439.98561
4462540585301.76 -281405222159.92993 -97048620411.29451
4462540600608.337 -281404949323.0936 -97048626382.60304
4462540615914.897 -281404676486.2563 -97048632353.91122
4462540631221.441 -281404403649.4179 -97048638325.21904
4462540646527.969 -281404130812.5785 -97048644296.5265
4462540661834.4795 -281403857975.73804 -97048650267.8336
4462540677140.974 -281403585138.8965 -97048656239.14034
4462540692447.451 -281403312302.0539 -97048662210.44672
4462540707753.912 -281403039465.21027 -97048668181.75273
4462540723060.357 -281402766628.3656 -97048674153.0584
4462540738366.786 -281402493791.5199 -97048680124.3637
4462540753673.198 -281402220954.67316 -97048686095.66862
4462540768979.594 -281401948117.8254 -97048692066.9732
4462540784285.973 -281401675280.97656 -97048698038.27742
4462540799592.335 -281401402444.12665 -97048704009.58127
4462540814898.681 -281401129607.2757 -97048709980.88477
4462540830205.01 -281400856770.4237 -97048715952.1879
4462540845511.322 -281400583933.5707 -97048721923.49068
4462540860817.618 -281400311096.7166 -97048727894.79309
4462540876123.897 -281400038259.8615 -97048733866.09514
4462540891430.16 -281399765423.0054 -97048739837.39684
4462540906736.406 -281399492586.1482 -97048745808.69817
4462540922042.636 -281399219749.2899 -97048751779.99915
4462540937348.849 -281398946912.4306 -97048757751.29976
4462540952655.045 -281398674075.57025 -97048763722.6
4462540967961.225 -281398401238.70886 -97048769693.8999
4462540983267.388 -281398128401.84644 -97048775665.19943
4462540998573.534 -281397855564.983 -97048781636.4986
4462541013879.664 -281397582728.11847 -97048787607.79741
4462541029185.777 -281397309891.2529 -97048793579.09586
4462541044491.874 -281397037054.38635 -97048799550.39395
4462541059797.954 -281396764217.5187 -97048805521.69168
4462541075104.018 -281396491380.64996 -97048811492.98904
4462541090410.064 -281396218543.7802 -97048817464.28606
4462541105716.095 -281395945706.9094 -97048823435.5827
4462541121022.108 -281395672870.0376 -97048829406.879
4462541136328.105 -281395400033.16473 -97048835378.17493
4462541151634.086 -281395127196.29083 -97048841349.47049
4462541166940.05 -281394854359.4159 -97048847320.7657
4462541182245.997 -281394581522.53986 -97048853292.06055
4462541197551.928 -281394308685.6628 -97048859263.35503
4462541212857.843 -281394035848.78467 -97048865234.64915
4462541228163.741 -281393763011.9055 -97048871205.94292
4462541243469.623 -281393490175.0253 -97048877177.23633
4462541258775.488 -281393217338.1441 -97048883148.52937
4462541274081.337 -281392944501.26184 -97048889119.82205
4462541289387.169 -281392671664.37854 -97048895091.11438
4462541304692.984 -281392398827.49414 -97048901062.40634
4462541319998.783 -281392125990.6087 -97048907033.69795
4462541335304.565 -281391853153.7222 -97048913004.9892
4462541350610.331 -281391580316.8347 -97048918976.28008
4462541365916.08 -281391307479.94617 -97048924947.5706
4462541381221.8125 -281391034643.0566 -97048930918.86076
4462541396527.528 -281390761806.16595 -97048936890.15056
4462541411833.228 -281390488969.2743 -97048942861.44
4462541427138.91 -281390216132.38153 -97048948832.72908
4462541442444.576 -281389943295.48773 -97048954804.0178
4462541457750.226 -281389670458.5929 -97048960775.30617
4462541473055.858 -281389397621.697 -97048966746.59416
4462541488361.475 -281389124784.8001 -97048972717.8818
4462541503667.074 -281388851947.90216 -97048978689.16908
4462541518972.657 -281388579111.0032 -97048984660.45601
4462541534278.224 -281388306274.10315 -97048990631.74257
4462541549583.773 -281388033437.2021 -97048996603.02876
4462541564889.307 -281387760600.2999 -97049002574.3146
4462541580194.823 -281387487763.3967 -97049008545.60008
4462541595500.323 -281387214926.4925 -97049014516.8852
4462541610805.807 -281386942089.5872 -97049020488.16995
4462541626111.273 -281386669252.6809 -97049026459.45435
4462541641416.724 -281386396415.77356 -97049032430.73839
4462541656722.157 -281386123578.8652 -97049038402.02206
4462541672027.574 -281385850741.95575 -97049044373.30537
4462541687332.976 -281385577905.0452 -97049050344.58833
4462541702638.36 -281385305068.13367 -97049056315.87093
4462541717943.729 -281385032231.22107 -97049062287.15317
4462541733249.08 -281384759394.30743 -97049068258.43504
4462541748554.415 -281384486557.39276 -97049074229.71655
4462541763859.733 -281384213720.47705 -97049080200.99771
4462541779165.035 -281383940883.5603 -97049086172.2785
4462541794470.32 -281383668046.6425 -97049092143.55893
4462541809775.589 -281383395209.72363 -97049098114.839
4462541825080.841 -281383122372.8037 -97049104086.11871
4462541840386.076 -281382849535.88275 -97049110057.39807
4462541855691.295 -281382576698.96075 -97049116028.67706
4462541870996.497 -281382303862.0377 -97049121999.95569
4462541886301.683 -281382031025.11365 -97049127971.23396
4462541901606.852 -281381758188.18854 -97049133942.51187
4462541916912.004 -281381485351.2624 -97049139913.78943
4462541932217.14 -281381212514.3352 -97049145885.06662
4462541947522.259 -281380939677.4069 -97049151856.34344
4462541962827.361 -281380666840.4776 -97049157827.61992
4462541978132.447 -281380394003.54724 -97049163798.89603
4462541993437.517 -281380121166.61584 -97049169770.17177
4462542008742.569 -281379848329.6834 -97049175741.44716
4462542024047.605 -281379575492.74994 -97049181712.72218
4462542039352.625 -281379302655.8154 -97049187683.99686
4462542054657.628 -281379029818.8799 -97049193655.27116
4462542069962.614 -281378756981.94324 -97049199626.5451
4462542085267.584 -281378484145.00555 -97049205597.8187
4462542100572.537 -281378211308.06683 -97049211569.09192
4462542115877.474 -281377938471.1271 -97049217540.36479
4462542131182.394 -281377665634.1863 -97049223511.6373
4462542146487.297 -281377392797.24445 -97049229482.90944
4462542161792.184 -281377119960.3016 -97049235454.18123
4462542177097.055 -281376847123.35767 -97049241425.45265
4462542192401.909 -281376574286.41266 -97049247396.72371
4462542207706.747 -281376301449.4666 -97049253367.99442
4462542223011.568 -281376028612.51953 -97049259339.26476
4462542238316.373 -281375755775.5714 -97049265310.53474
4462542253621.161 -281375482938.62225 -97049271281.80437
4462542268925.933 -281375210101.67206 -97049277253.07362
4462542284230.6875 -281374937264.7208 -97049283224.34253
4462542299535.426 -281374664427.76855 -97049289195.61107
4462542314840.147 -281374391590.81525 -97049295166.87926
4462542330144.853 -281374118753.86084 -97049301138.14708
4462542345449.541 -281373845916.9054 -97049307109.41454
4462542360754.213 -281373573079.9489 -97049313080.68164
4462542376058.868 -281373300242.9914 -97049319051.94838
4462542391363.507 -281373027406.03284 -97049325023.21475
4462542406668.129 -281372754569.07324 -97049330994.48077
4462542421972.734 -281372481732.1126 -97049336965.74643
4462542437277.323 -281372208895.15094 -97049342937.01173
4462542452581.8955 -281371936058.1882 -97049348908.27667
4462542467886.451 -281371663221.22437 -97049354879.54124
4462542483190.99 -281371390384.2595 -97049360850.80547
4462542498495.513 -281371117547.29364 -97049366822.06932
4462542513800.019 -281370844710.3267 -97049372793.33282
4462542529104.508 -281370571873.35876 -97049378764.59596
4462542544408.98 -281370299036.3898 -97049384735.85873
4462542559713.437 -281370026199.41974 -97049390707.12115
4462542575017.876 -281369753362.4486 -97049396678.38321
4462542590322.299 -281369480525.47644 -97049402649.6449
4462542605626.705 -281369207688.50323 -97049408620.90623
4462542620931.095 -281368934851.529 -97049414592.1672
4462542636235.468 -281368662014.5537 -97049420563.42783
4462542651539.825 -281368389177.5774 -97049426534.68808
4462542666844.166 -281368116340.60004 -97049432505.94797
4462542682148.49 -281367843503.62164 -97049438477.2075
4462542697452.798 -281367570666.6422 -97049444448.46667
4462542712757.089 -281367297829.6617 -97049450419.7255
4462542728061.363 -281367024992.6801 -97049456390.98395
4462542743365.621 -281366752155.6975 -97049462362.24203
4462542758669.862 -281366479318.71387 -97049468333.49977
4462542773974.087 -281366206481.7292 -97049474304.75714
4462542789278.295 -281365933644.74347 -97049480276.01414
4462542804582.486 -281365660807.7567 -97049486247.2708
4462542819886.661 -281365387970.7689 -97049492218.52708
4462542835190.819 -281365115133.78 -97049498189.78302
4462542850494.961 -281364842296.7901 -97049504161.03859
4462542865799.086 -281364569459.79913 -97049510132.2938
4462542881103.194 -281364296622.8071 -97049516103.54865
4462542896407.286 -281364023785.8141 -97049522074.80313
4462542911711.361 -281363750948.82 -97049528046.05727
4462542927015.42 -281363478111.8249 -97049534017.31104
4462542942319.462 -281363205274.82874 -97049539988.56444
4462542957623.487 -281362932437.8315 -97049545959.81749
4462542972927.496 -281362659600.8332 -97049551931.07018
4462542988231.488 -281362386763.83386 -97049557902.3225
4462543003535.464 -281362113926.8335 -97049563873.57446
4462543018839.423 -281361841089.8321 -97049569844.82607
4462543034143.365 -281361568252.82965 -97049575816.07732
4462543049447.291 -281361295415.8262 -97049581787.3282
4462543064751.2 -281361022578.82166 -97049587758.57872
4462543080055.093 -281360749741.8161 -97049593729.82889
4462543095358.969 -281360476904.80945 -97049599701.07869
4462543110662.828 -281360204067.80176 -97049605672.32814
4462543125966.671 -281359931230.793 -97049611643.57722
4462543141270.498 -281359658393.78326 -97049617614.82594
4462543156574.309 -281359385556.77246 -97049623586.07431
4462543171878.103 -281359112719.7606 -97049629557.32231
4462543187181.88 -281358839882.74774 -97049635528.56995
4462543202485.641 -281358567045.7338 -97049641499.81723
4462543217789.385 -281358294208.7188 -97049647471.06415
4462543233093.112 -281358021371.70276 -97049653442.31071
4462543248396.823 -281357748534.68567 -97049659413.55692
4462543263700.518 -281357475697.66754 -97049665384.80275
4462543279004.195 -281357202860.6484 -97049671356.04823
4462543294307.856 -281356930023.6282 -97049677327.29335
4462543309611.501 -281356657186.60693 -97049683298.53812
4462543324915.129 -281356384349.58466 -97049689269.78252
4462543340218.74 -281356111512.56134 -97049695241.02655
4462543355522.335 -281355838675.5369 -97049701212.27023
4462543370825.913 -281355565838.5115 -97049707183.51355
4462543386129.475 -281355293001.485 -97049713154.7565
4462543401433.02 -281355020164.45746 -97049719125.9991
4462543416736.548 -281354747327.4289 -97049725097.24133
4462543432040.06 -281354474490.3993 -97049731068.48322
4462543447343.555 -281354201653.36865 -97049737039.72473
4462543462647.033 -281353928816.337 -97049743010.96588
4462543477950.495 -281353655979.3042 -97049748982.20668
4462543493253.94 -281353383142.2704 -97049754953.44711
4462543508557.369 -281353110305.23553 -97049760924.6872
4462543523860.781 -281352837468.19965 -97049766895.92691
4462543539164.177 -281352564631.1627 -97049772867.16626
4462543554467.556 -281352291794.12476 -97049778838.40526
4462543569770.918 -281352018957.08575 -97049784809.64389
4462543585074.264 -281351746120.0457 -97049790780.88216
4462543600377.593 -281351473283.0046 -97049796752.12007
4462543615680.906 -281351200445.9624 -97049802723.35762
4462543630984.203 -281350927608.9192 -97049808694.59482
4462543646287.483 -281350654771.87494 -97049814665.83165
4462543661590.747 -281350381934.82965 -97049820637.06812
4462543676893.994 -281350109097.7833 -97049826608.30423
4462543692197.225 -281349836260.73596 -97049832579.53998
4462543707500.438 -281349563423.68756 -97049838550.77538
4462543722803.636 -281349290586.6381 -97049844522.0104
4462543738106.816 -281349017749.5876 -97049850493.24507
4462543753409.98 -281348744912.536 -97049856464.47939
4462543768713.128 -281348472075.4834 -97049862435.71333
4462543784016.259 -281348199238.42975 -97049868406.94691
4462543799319.373 -281347926401.37506 -97049874378.18015
4462543814622.471 -281347653564.31934 -97049880349.41301
4462543829925.552 -281347380727.2626 -97049886320.64552
4462543845228.616 -281347107890.2048 -97049892291.87767
4462543860531.664 -281346835053.1459 -97049898263.10945
4462543875834.695 -281346562216.08594 -97049904234.34088
4462543891137.71 -281346289379.02496 -97049910205.57195
4462543906440.708 -281346016541.96295 -97049916176.80266
4462543921743.689 -281345743704.8999 -97049922148.033
4462543937046.654 -281345470867.8358 -97049928119.26299
4462543952349.603 -281345198030.7707 -97049934090.49261
4462543967652.534 -281344925193.7045 -97049940061.72188
4462543982955.449 -281344652356.6373 -97049946032.95078
4462543998258.348 -281344379519.56903 -97049952004.17932
4462544013561.2295 -281344106682.4997 -97049957975.4075
4462544028864.095 -281343833845.4293 -97049963946.63533
4462544044166.943 -281343561008.3579 -97049969917.8628
4462544059469.775 -281343288171.28546 -97049975889.08989
4462544074772.591 -281343015334.212 -97049981860.31664
4462544090075.39 -281342742497.13745 -97049987831.54301
4462544105378.173 -281342469660.0619 -97049993802.76904
4462544120680.939 -281342196822.9852 -97049999773.9947
4462544135983.689 -281341923985.90753 -97050005745.22
4462544151286.423 -281341651148.8288 -97050011716.44495
4462544166589.14 -281341378311.749 -97050017687.66953
4462544181891.84 -281341105474.6682 -97050023658.89374
4462544197194.523 -281340832637.58636 -97050029630.1176
4462544212497.19 -281340559800.5035 -97050035601.3411
4462544227799.841 -281340286963.41956 -97050041572.56424
4462544243102.475 -281340014126.3346 -97050047543.78702
4462544258405.092 -281339741289.24854 -97050053515.00943
4462544273707.692 -281339468452.16144 -97050059486.23149
4462544289010.276 -281339195615.0733 -97050065457.45319
4462544304312.844 -281338922777.98413 -97050071428.67453
4462544319615.395 -281338649940.8939 -97050077399.89551
4462544334917.929 -281338377103.8027 -97050083371.11612
4462544350220.446 -281338104266.7104 -97050089342.33638
4462544365522.947 -281337831429.61707 -97050095313.55627
4462544380825.432 -281337558592.52264 -97050101284.7758
4462544396127.899 -281337285755.4272 -97050107255.99498
4462544411430.351 -281337012918.3307 -97050113227.21379
4462544426732.785 -281336740081.23315 -97050119198.43225
4462544442035.203 -281336467244.1346 -97050125169.65034
4462544457337.6045 -281336194407.035 -97050131140.86807
4462544472639.989 -281335921569.9343 -97050137112.08545
4462544487942.357 -281335648732.83264 -97050143083.30246
4462544503244.709 -281335375895.7299 -97050149054.51912
4462544518547.044 -281335103058.6261 -97050155025.73541
4462544533849.362 -281334830221.52124 -97050160996.95134
4462544549151.664 -281334557384.41534 -97050166968.16692
4462544564453.949 -281334284547.3084 -97050172939.38213
4462544579756.219 -281334011710.20044 -97050178910.59697
4462544595058.472 -281333738873.09143 -97050184881.81146
4462544610360.708 -281333466035.9814 -97050190853.02559
4462544625662.928 -281333193198.8703 -97050196824.23936
4462544640965.131 -281332920361.7581 -97050202795.45277
4462544656267.317 -281332647524.6449 -97050208766.66582
4462544671569.487 -281332374687.53064 -97050214737.87851
4462544686871.641 -281332101850.41534 -97050220709.09084
4462544702173.777 -281331829013.299 -97050226680.30281
4462544717475.897 -281331556176.18164 -97050232651.51442
4462544732778.001 -281331283339.06323 -97050238622.72566
4462544748080.088 -281331010501.9438 -97050244593.93655
4462544763382.158 -281330737664.8233 -97050250565.14708
4462544778684.212 -281330464827.7017 -97050256536.35724
4462544793986.249 -281330191990.5791 -97050262507.56705
4462544809288.27 -281329919153.45544 -97050268478.77649
4462544824590.273 -281329646316.33075 -97050274449.98558
4462544839892.261 -281329373479.205 -97050280421.1943
4462544855194.231 -281329100642.07825 -97050286392.40266
4462544870496.186 -281328827804.95044 -97050292363.61067
4462544885798.123 -281328554967.8216 -97050298334.81831
4462544901100.044 -281328282130.69165 -97050304306.0256
4462544916401.948 -281328009293.56067 -97050310277.23253
4462544931703.836 -281327736456.42865 -97050316248.43909
4462544947005.707 -281327463619.2956 -97050322219.6453
4462544962307.562 -281327190782.1615 -97050328190.85114
4462544977609.399 -281326917945.02637 -97050334162.05661
4462544992911.221 -281326645107.8902 -97050340133.26173
4462545008213.025 -281326372270.753 -97050346104.46649
4462545023514.813 -281326099433.61475 -97050352075.6709
4462545038816.585 -281325826596.4754 -97050358046.87494
4462545054118.34 -281325553759.335 -97050364018.07861
4462545069420.079 -281325280922.1936 -97050369989.28194
4462545084721.802 -281325008085.05115 -97050375960.4849
4462545100023.508 -281324735247.90765 -97050381931.6875
4462545115325.197 -281324462410.7631 -97050387902.88974
4462545130626.87 -281324189573.61755 -97050393874.09161
4462545145928.526 -281323916736.47095 -97050399845.29314
4462545161230.166 -281323643899.32324 -97050405816.4943
4462545176531.789 -281323371062.1745 -97050411787.69508
4462545191833.3955 -281323098225.0247 -97050417758.89552
4462545207134.985 -281322825387.8739 -97050423730.0956
4462545222436.559 -281322552550.72205 -97050429701.29532
4462545237738.115 -281322279713.56915 -97050435672.49467
4462545253039.655 -281322006876.4152 -97050441643.69366
4462545268341.179 -281321734039.26025 -97050447614.8923
4462545283642.686 -281321461202.10425 -97050453586.09058
4462545298944.176 -281321188364.94714 -97050459557.2885
4462545314245.649 -281320915527.789 -97050465528.48605
4462545329547.106 -281320642690.6298 -97050471499.68324
4462545344848.547 -281320369853.4696 -97050477470.88008
4462545360149.971 -281320097016.30835 -97050483442.07655
4462545375451.378 -281319824179.14606 -97050489413.27266
4462545390752.769 -281319551341.9827 -97050495384.46841
4462545406054.143 -281319278504.81836 -97050501355.6638
4462545421355.5 -281319005667.65295 -97050507326.85884
4462545436656.841 -281318732830.48645 -97050513298.05351
4462545451958.165 -281318459993.3189 -97050519269.24782
4462545467259.473 -281318187156.1503 -97050525240.44177
4462545482560.764 -281317914318.9807 -97050531211.63536
4462545497862.038 -281317641481.81006 -97050537182.8286
4462545513163.296 -281317368644.63837 -97050543154.02147
4462545528464.537 -281317095807.46564 -97050549125.21397
4462545543765.763 -281316822970.2919 -97050555096.40613
4462545559066.972 -281316550133.117 -97050561067.59792
4462545574368.164 -281316277295.9411 -97050567038.78934
4462545589669.34 -281316004458.76416 -97050573009.98041
4462545604970.499 -281315731621.5862 -97050578981.17111
4462545620271.642 -281315458784.40717 -97050584952.36147
4462545635572.768 -281315185947.2271 -97050590923.55145
4462545650873.877 -281314913110.046 -97050596894.74107
4462545666174.97 -281314640272.8639 -97050602865.93034
4462545681476.046 -281314367435.6807 -97050608837.11925
4462545696777.105 -281314094598.49646 -97050614808.3078
4462545712078.148 -281313821761.31116 -97050620779.49599
4462545727379.175 -281313548924.1248 -97050626750.6838
4462545742680.185 -281313276086.93744 -97050632721.87128
4462545757981.178 -281313003249.749 -97050638693.05838
4462545773282.154 -281312730412.5596 -97050644664.24512
4462545788583.114 -281312457575.3691 -97050650635.4315
4462545803884.058 -281312184738.17755 -97050656606.61752
4462545819184.984 -281311911900.9849 -97050662577.80319
4462545834485.895 -281311639063.79126 -97050668548.9885
4462545849786.788 -281311366226.59656 -97050674520.17343
4462545865087.665 -281311093389.4008 -97050680491.35802
4462545880388.525 -281310820552.20404 -97050686462.54224
4462545895689.369 -281310547715.0062 -97050692433.7261
4462545910990.196 -281310274877.8074 -97050698404.9096
4462545926291.007 -281310002040.6075 -97050704376.09274
4462545941591.801 -281309729203.40656 -97050710347.27553
4462545956892.578 -281309456366.2045 -97050716318.45795
4462545972193.339 -281309183529.00146 -97050722289.64
4462545987494.083 -281308910691.79736 -97050728260.8217
4462546002794.811 -281308637854.5922 -97050734232.00304
4462546018095.521 -281308365017.38605 -97050740203.18402
4462546033396.217 -281308092180.17883 -97050746174.36464
4462546048696.8955 -281307819342.9706 -97050752145.54489
4462546063997.558 -281307546505.7613 -97050758116.7248
4462546079298.203 -281307273668.55096 -97050764087.90433
4462546094598.832 -281307000831.33954 -97050770059.08351
4462546109899.444 -281306727994.1271 -97050776030.26233
4462546125200.04 -281306455156.9136 -97050782001.44078
4462546140500.619 -281306182319.69904 -97050787972.61888
4462546155801.182 -281305909482.48346 -97050793943.79662
4462546171101.728 -281305636645.26685 -97050799914.97398
4462546186402.257 -281305363808.0492 -97050805886.151
4462546201702.77 -281305090970.8305 -97050811857.32765
4462546217003.266 -281304818133.6107 -97050817828.50395
4462546232303.745 -281304545296.3899 -97050823799.67989
4462546247604.208 -281304272459.168 -97050829770.85545
4462546262904.654 -281303999621.9451 -97050835742.03067
4462546278205.084 -281303726784.7212 -97050841713.20552
4462546293505.497 -281303453947.4962 -97050847684.38002
4462546308805.894 -281303181110.2702 -97050853655.55415
4462546324106.273 -281302908273.04315 -97050859626.72792
4462546339406.637 -281302635435.81506 -97050865597.90134
4462546354706.983 -281302362598.5859 -97050871569.07439
4462546370007.313 -281302089761.35565 -97050877540.24707
4462546385307.627 -281301816924.1244 -97050883511.4194
4462546400607.924 -281301544086.8921 -97050889482.59137
4462546415908.204 -281301271249.65875 -97050895453.76299
4462546431208.468 -281300998412.4244 -97050901424.93423
4462546446508.715 -281300725575.18896 -97050907396.10512
4462546461808.945 -281300452737.9525 -97050913367.27565
4462546477109.159 -281300179900.715 -97050919338.44582
4462546492409.356 -281299907063.47644 -97050925309.61563
4462546507709.538 -281299634226.2368 -97050931280.78508
4462546523009.703 -281299361388.99615 -97050937251.95416
4462546538309.852 -281299088551.75446 -97050943223.1229
4462546553609.983 -281298815714.5117 -97050949194.29126
4462546568910.099 -281298542877.26794 -97050955165.45926
4462546584210.197 -281298270040.02313 -97050961136.6269
4462546599510.279 -281297997202.7773 -97050967107.79419
4462546614810.345 -281297724365.53033 -97050973078.96112
4462546630110.394 -281297451528.28235 -97050979050.12769
4462546645410.426 -281297178691.0333 -97050985021.29388
4462546660710.441 -281296905853.78326 -97050990992.45973
4462546676010.44 -281296633016.53217 -97050996963.62521
4462546691310.423 -281296360179.28 -97051002934.79034
4462546706610.389 -281296087342.02686 -97051008905.95511
4462546721910.338 -281295814504.77264 -97051014877.1195
4462546737210.2705 -281295541667.5174 -97051020848.28355
4462546752510.187 -281295268830.26105 -97051026819.44724
4462546767810.086 -281294995993.00366 -97051032790.61055
4462546783109.969 -281294723155.74524 -97051038761.77351
4462546798409.835 -281294450318.4858 -97051044732.93611
4462546813709.685 -281294177481.2253 -97051050704.09836
4462546829009.518 -281293904643.96375 -97051056675.26024
4462546844309.334 -281293631806.7012 -97051062646.42175
4462546859609.134 -281293358969.43756 -97051068617.58292
4462546874908.917 -281293086132.1729 -97051074588.74371
4462546890208.684 -281292813294.90717 -97051080559.90416
4462546905508.434 -281292540457.6404 -97051086531.06424
4462546920808.167 -281292267620.37256 -97051092502.22395
4462546936107.884 -281291994783.1037 -97051098473.38332
4462546951407.584 -281291721945.8338 -97051104444.54231
4462546966707.268 -281291449108.56287 -97051110415.70094
4462546982006.935 -281291176271.2909 -97051116386.85922
4462546997306.586 -281290903434.0179 -97051122358.01714
4462547012606.221 -281290630596.7438 -97051128329.1747
4462547027905.839 -281290357759.4686 -97051134300.3319
4462547043205.44 -281290084922.19244 -97051140271.48872
4462547058505.025 -281289812084.9152 -97051146242.6452
4462547073804.594 -281289539247.63696 -97051152213.80132
4462547089104.1455 -281289266410.35767 -97051158184.95708
4462547104403.681 -281288993573.07733 -97051164156.11247
4462547119703.199 -281288720735.79596 -97051170127.2675
4462547135002.701 -281288447898.51355 -97051176098.42218
4462547150302.187 -281288175061.23004 -97051182069.57649
4462547165601.655 -281287902223.9455 -97051188040.73044
4462547180901.107 -281287629386.6599 -97051194011.88403
4462547196200.543 -281287356549.3733 -97051199983.03726
4462547211499.962 -281287083712.08563 -97051205954.19014
4462547226799.364 -281286810874.79694 -97051211925.34265
4462547242098.75 -281286538037.5072 -97051217896.4948
4462547257398.119 -281286265200.21643 -97051223867.64659
4462547272697.472 -281285992362.9246 -97051229838.79802
4462547287996.808 -281285719525.6317 -97051235809.94908
4462547303296.127 -281285446688.33777 -97051241781.0998
4462547318595.43 -281285173851.0428 -97051247752.25014
4462547333894.716 -281284901013.74677 -97051253723.40013
4462547349193.985 -281284628176.4497 -97051259694.54976
4462547364493.238 -281284355339.1516 -97051265665.69902
4462547379792.475 -281284082501.8525 -97051271636.84793
4462547395091.694 -281283809664.5523 -97051277607.99648
4462547410390.897 -281283536827.2511 -97051283579.14467
4462547425690.084 -281283263989.9488 -97051289550.2925
4462547440989.254 -281282991152.64545 -97051295521.43996
4462547456288.407 -281282718315.34106 -97051301492.58707
4462547471587.545 -281282445478.03564 -97051307463.73381
4462547486886.666 -281282172640.7292 -97051313434.88019
4462547502185.7705 -281281899803.4217 -97051319406.02621
4462547517484.858 -281281626966.11316 -97051325377.17188
4462547532783.93 -281281354128.8036 -97051331348.31718
4462547548082.984 -281281081291.4929 -97051337319.46213
4462547563382.022 -281280808454.1812 -97051343290.6067
4462547578681.044 -281280535616.86847 -97051349261.75093
4462547593980.049 -281280262779.5547 -97051355232.89479
4462547609279.037 -281279989942.23987 -97051361204.0383
4462547624578.009 -281279717104.924 -97051367175.18144
4462547639876.964 -281279444267.6071 -97051373146.32422
4462547655175.902 -281279171430.2892 -97051379117.46664
4462547670474.824 -281278898592.9702 -97051385088.6087
4462547685773.7295 -281278625755.65015 -97051391059.7504
4462547701072.618 -281278352918.32904 -97051397030.89174
4462547716371.49 -281278080081.0069 -97051403002.03271
4462547731670.346 -281277807243.6837 -97051408973.17334
4462547746969.185 -281277534406.3595 -97051414944.3136
4462547762268.007 -281277261569.03424 -97051420915.45349
4462547777566.8125 -281276988731.70795 -97051426886.59303
4462547792865.602 -281276715894.3806 -97051432857.73221
4462547808164.374 -281276443057.05225 -97051438828.87103
4462547823463.13 -281276170219.7228 -97051444800.00949
4462547838761.869 -281275897382.3923 -97051450771.14758
4462547854060.592 -281275624545.0607 -97051456742.28532
4462547869359.298 -281275351707.72815 -97051462713.4227
4462547884657.987 -281275078870.39453 -97051468684.55971
4462547899956.66 -281274806033.0599 -97051474655.69637
4462547915255.316 -281274533195.7242 -97051480626.83266
4462547930553.956 -281274260358.38745 -97051486597.9686
4462547945852.579 -281273987521.0497 -97051492569.10417
4462547961151.187 -281273714683.7108 -97051498540.23938
4462547976449.777 -281273441846.3709 -97051504511.37424
4462547991748.352 -281273169009.02997 -97051510482.50873
4462548007046.909 -281272896171.688 -97051516453.64287
4462548022345.45 -281272623334.345 -97051522424.77664
4462548037643.975 -281272350497.0009 -97051528395.91005
4462548052942.482 -281272077659.6558 -97051534367.0431
4462548068240.974 -281271804822.3097 -97051540338.1758
4462548083539.448 -281271531984.96246 -97051546309.30812
4462548098837.906 -281271259147.6142 -97051552280.4401
4462548114136.348 -281270986310.2649 -97051558251.5717
4462548129434.772 -281270713472.91455 -97051564222.70296
4462548144733.181 -281270440635.5632 -97051570193.83385
4462548160031.572 -281270167798.21075 -97051576164.96437
4462548175329.947 -281269894960.8573 -97051582136.09454
4462548190628.306 -281269622123.5028 -97051588107.22435
4462548205926.647 -281269349286.1473 -97051594078.3538
4462548221224.973 -281269076448.79065 -97051600049.4829
4462548236523.281 -281268803611.433 -97051606020.61162
4462548251821.573 -281268530774.0743 -97051611991.73999
4462548267119.849 -281268257936.71454 -97051617962.868
4462548282418.107 -281267985099.35376 -97051623933.99564
4462548297716.35 -281267712261.99194 -97051629905.12292
4462548313014.575 -281267439424.6291 -97051635876.24985
4462548328312.784 -281267166587.2652 -97051641847.37642
4462548343610.977 -281266893749.90027 -97051647818.50262
4462548358909.152 -281266620912.53424 -97051653789.62846
4462548374207.312 -281266348075.1672 -97051659760.75395
4462548389505.454 -281266075237.7991 -97051665731.87907
4462548404803.58 -281265802400.42993 -97051671703.00385
4462548420101.689 -281265529563.05975 -97051677674.12825
4462548435399.782 -281265256725.68854 -97051683645.25229
4462548450697.859 -281264983888.3163 -97051689616.37598
4462548465995.92 -281264711050.943 -97051695587.4993
4462548481293.964 -281264438213.56866 -97051701558.62225
4462548496591.991 -281264165376.19324 -97051707529.74486
4462548511890.002 -281263892538.8168 -97051713500.8671
4462548527187.996 -281263619701.4393 -97051719471.98898
4462548542485.974 -281263346864.0607 -97051725443.1105
4462548557783.935 -281263074026.68115 -97051731414.23166
4462548573081.879 -281262801189.30054 -97051737385.35246
4462548588379.807 -281262528351.9189 -97051743356.4729
4462548603677.718 -281262255514.5362 -97051749327.59299
4462548618975.612 -281261982677.15247 -97051755298.7127
4462548634273.49 -281261709839.76764 -97051761269.83206
4462548649571.352 -281261437002.3818 -97051767240.95107
4462548664869.196 -281261164164.9949 -97051773212.0697
4462548680167.024 -281260891327.60693 -97051779183.18797
4462548695464.836 -281260618490.21796 -97051785154.3059
4462548710762.631 -281260345652.82794 -97051791125.42345
4462548726060.409 -281260072815.4369 -97051797096.54065
4462548741358.171 -281259799978.0448 -97051803067.65749
4462548756655.916 -281259527140.6516 -97051809038.77396
4462548771953.645 -281259254303.2574 -97051815009.89008
4462548787251.356 -281258981465.8621 -97051820981.00583
4462548802549.052 -281258708628.4658 -97051826952.12123
4462548817846.73 -281258435791.0685 -97051832923.23627
4462548833144.393 -281258162953.6701 -97051838894.35094
4462548848442.038 -281257890116.2707 -97051844865.46526
4462548863739.667 -281257617278.87024 -97051850836.57921
4462548879037.279 -281257344441.46875 -97051856807.6928
4462548894334.875 -281257071604.06616 -97051862778.80603
4462548909632.454 -281256798766.66254 -97051868749.9189
4462548924930.018 -281256525929.2579 -97051874721.03142
4462548940227.564 -281256253091.8522 -97051880692.14357
4462548955525.095 -281255980254.44543 -97051886663.25536
4462548970822.608 -281255707417.03766 -97051892634.36679
4462548986120.105 -281255434579.62885 -97051898605.47786
4462549001417.586 -281255161742.219 -97051904576.58858
4462549016715.05 -281254888904.8081 -97051910547.69893
4462549032012.497 -281254616067.3961 -97051916518.80891
4462549047309.928 -281254343229.9831 -97051922489.91855
4462549062607.342 -281254070392.56903 -97051928461.02782
4462549077904.739 -281253797555.15393 -97051934432.13672
4462549093202.12 -281253524717.7378 -97051940403.24527
4462549108499.484 -281253251880.3206 -97051946374.35345
4462549123796.832 -281252979042.9024 -97051952345.46129
4462549139094.163 -281252706205.48315 -97051958316.56876
4462549154391.478 -281252433368.06287 -97051964287.67586
4462549169688.775 -281252160530.6415 -97051970258.78261
4462549184986.057 -281251887693.21906 -97051976229.88899
4462549200283.321 -281251614855.7956 -97051982200.99503
4462549215580.569 -281251342018.3711 -97051988172.1007
4462549230877.801 -281251069180.94556 -97051994143.206
4462549246175.016 -281250796343.519 -97052000114.31094
4462549261472.214 -281250523506.0914 -97052006085.41553
4462549276769.3955 -281250250668.6627 -97052012056.51974
4462549292066.561 -281249977831.23303 -97052018027.62361
4462549307363.709 -281249704993.80225 -97052023998.72711
4462549322660.841 -281249432156.3704 -97052029969.83026
4462549337957.956 -281249159318.93756 -97052035940.93304
4462549353255.055 -281248886481.50366 -97052041912.03546
4462549368552.137 -281248613644.0687 -97052047883.13753
4462549383849.202 -281248340806.63275 -97052053854.23923
4462549399146.251 -281248067969.19574 -97052059825.34058
4462549414443.284 -281247795131.7577 -97052065796.44156
4462549429740.301 -281247522294.3186 -97052071767.54218
4462549445037.301 -281247249456.8784 -97052077738.64244
4462549460334.284 -281246976619.4372 -97052083709.74234
4462549475631.251 -281246703781.99493 -97052089680.84187
4462549490928.201 -281246430944.55164 -97052095651.94106
4462549506225.135 -281246158107.1073 -97052101623.03987
4462549521522.052 -281245885269.6619 -97052107594.13834
4462549536818.952 -281245612432.2155 -97052113565.23643
4462549552115.836 -281245339594.76807 -97052119536.33417
4462549567412.703 -281245066757.3196 -97052125507.43155
4462549582709.554 -281244793919.87 -97052131478.52856
4462549598006.388 -281244521082.4194 -97052137449.62523
4462549613303.205 -281244248244.9677 -97052143420.72153
4462549628600.006 -281243975407.515 -97052149391.81746
4462549643896.79 -281243702570.0613 -97052155362.91304
4462549659193.558 -281243429732.6065 -97052161334.00826
4462549674490.309 -281243156895.1507 -97052167305.1031
4462549689787.043 -281242884057.69385 -97052173276.1976
4462549705083.761 -281242611220.23596 -97052179247.29173
4462549720380.462 -281242338382.777 -97052185218.38551
4462549735677.146 -281242065545.31696 -97052191189.47893
4462549750973.814 -281241792707.8559 -97052197160.57198
4462549766270.466 -281241519870.3938 -97052203131.66467
4462549781567.101 -281241247032.93066 -97052209102.757
4462549796863.719 -281240974195.4665 -97052215073.84897
4462549812160.32 -281240701358.0013 -97052221044.94058
4462549827456.905 -281240428520.53503 -97052227016.03183
4462549842753.474 -281240155683.06775 -97052232987.12273
4462549858050.025 -281239882845.59937 -97052238958.21326
4462549873346.561 -281239610008.12994 -97052244929.30342
4462549888643.08 -281239337170.6595 -97052250900.39323
4462549903939.583 -281239064333.188 -97052256871.48268
4462549919236.069 -281238791495.71545 -97052262842.57178
4462549934532.539 -281238518658.2419 -97052268813.6605
4462549949828.992 -281238245820.7673 -97052274784.74887
4462549965125.429 -281237972983.2916 -97052280755.83688
4462549980421.849 -281237700145.81494 -97052286726.92453
4462549995718.252 -281237427308.33716 -97052292698.01181
4462550011014.639 -281237154470.85834 -97052298669.09874
4462550026311.009 -281236881633.3785 -97052304640.1853
4462550041607.362 -281236608795.8976 -97052310611.27151
4462550056903.699 -281236335958.41565 -97052316582.35736
4462550072200.02 -281236063120.9327 -97052322553.44284
4462550087496.323 -281235790283.44867 -97052328524.52797
4462550102792.61 -281235517445.9636 -97052334495.61273
4462550118088.881 -281235244608.47754 -97052340466.69714
4462550133385.135 -281234971770.99036 -97052346437.78119
4462550148681.372 -281234698933.50214 -97052352408.86487
4462550163977.593 -281234426096.0129 -97052358379.9482
4462550179273.797 -281234153258.5226 -97052364351.03116
4462550194569.984 -281233880421.03125 -97052370322.11375
4462550209866.155 -281233607583.5389 -97052376293.196
4462550225162.31 -281233334746.0455 -97052382264.27788
4462550240458.447 -281233061908.551 -97052388235.3594
4462550255754.568 -281232789071.05554 -97052394206.44057
4462550271050.673 -281232516233.55896 -97052400177.52136
4462550286346.761 -281232243396.06134 -97052406148.6018
4462550301642.832 -281231970558.5627 -97052412119.68188
4462550316938.887 -281231697721.063 -97052418090.76161
4462550332234.925 -281231424883.56226 -97052424061.84097
4462550347530.946 -281231152046.0605 -97052430032.91997
4462550362826.951 -281230879208.5577 -97052436003.99861
4462550378122.94 -281230606371.05383 -97052441975.07689
4462550393418.913 -281230333533.54895 -97052447946.1548
4462550408714.869 -281230060696.04297 -97052453917.23236
4462550424010.809 -281229787858.53595 -97052459888.30956
4462550439306.731 -281229515021.0279 -97052465859.3864
4462550454602.638 -281229242183.5188 -97052471830.46288
4462550469898.527 -281228969346.00867 -97052477801.53899
4462550485194.4 -281228696508.4975 -97052483772.61475
4462550500490.257 -281228423670.9853 -97052489743.69014
4462550515786.097 -281228150833.47205 -97052495714.76518
4462550531081.92 -281227877995.95776 -97052501685.83986
4462550546377.727 -281227605158.4424 -97052507656.91417
4462550561673.517 -281227332320.92596 -97052513627.98813
4462550576969.29 -281227059483.4085 -97052519599.06172
4462550592265.047 -281226786645.89 -97052525570.13495
4462550607560.787 -281226513808.3705 -97052531541.20782
4462550622856.511 -281226240970.8499 -97052537512.28033
4462550638152.218 -281225968133.3283 -97052543483.3525
4462550653447.908 -281225695295.80566 -97052549454.42429
4462550668743.582 -281225422458.282 -97052555425.49571
4462550684039.239 -281225149620.7572 -97052561396.56679
4462550699334.88 -281224876783.2314 -97052567367.6375
4462550714630.504 -281224603945.7045 -97052573338.70786
4462550729926.111 -281224331108.17664 -97052579309.77785
4462550745221.702 -281224058270.6477 -97052585280.84747
4462550760517.276 -281223785433.11774 -97052591251.91675
4462550775812.834 -281223512595.58673 -97052597222.98566
4462550791108.375 -281223239758.0547 -97052603194.0542
4462550806403.899 -281222966920.5216 -97052609165.12239
4462550821699.407 -281222694082.9874 -97052615136.19022
4462550836994.898 -281222421245.4522 -97052621107.25769
4462550852290.374 -281222148407.91595 -97052627078.3248
4462550867585.833 -281221875570.37866 -97052633049.39154
4462550882881.275 -281221602732.84033 -97052639020.45793
4462550898176.701 -281221329895.30096 -97052644991.52396
4462550913472.11 -281221057057.76056 -97052650962.58963
4462550928767.503 -281220784220.2191 -97052656933.65494
4462550944062.879 -281220511382.67664 -97052662904.71988
4462550959358.238 -281220238545.13306 -97052668875.78447
4462550974653.581 -281219965707.58844 -97052674846.8487
4462550989948.907 -281219692870.0428 -97052680817.91255
4462551005244.217 -281219420032.4961 -97052686788.97606
4462551020539.51 -281219147194.94836 -97052692760.0392
4462551035834.786 -281218874357.3996 -97052698731.10199
4462551051130.046 -281218601519.8498 -97052704702.16441
4462551066425.289 -281218328682.29895 -97052710673.22647
4462551081720.516 -281218055844.7471 -97052716644.28818
4462551097015.726 -281217783007.1941 -97052722615.34952
4462551112310.919 -281217510169.6401 -97052728586.4105
4462551127606.096 -281217237332.085 -97052734557.47113
4462551142901.256 -281216964494.52893 -97052740528.53139
4462551158196.399 -281216691656.9718 -97052746499.5913
4462551173491.526 -281216418819.41364 -97052752470.65083
4462551188786.637 -281216145981.85443 -97052758441.71
4462551204081.73 -281215873144.2942 -97052764412.76883
4462551219376.808 -281215600306.7329 -97052770383.82729
4462551234671.868 -281215327469.17053 -97052776354.88539
4462551249966.912 -281215054631.6071 -97052782325.94313
4462551265261.939 -281214781794.04266 -97052788297.0005
4462551280556.95 -281214508956.4772 -97052794268.05753
4462551295851.944 -281214236118.91064 -97052800239.11418
4462551311146.922 -281213963281.3431 -97052806210.17049
4462551326441.883 -281213690443.7745 -97052812181.22643
4462551341736.828 -281213417606.20483 -97052818152.282
4462551357031.757 -281213144768.63416 -97052824123.33722
4462551372326.669 -281212871931.0624 -97052830094.39207
4462551387621.564 -281212599093.48956 -97052836065.44656
4462551402916.443 -281212326255.9157 -97052842036.5007
4462551418211.306 -281212053418.3408 -97052848007.55447
4462551433506.151 -281211780580.7649 -97052853978.6079
4462551448800.98 -281211507743.1879 -97052859949.66095
4462551464095.793 -281211234905.6099 -97052865920.71364
4462551479390.589 -281210962068.0309 -97052871891.76598
4462551494685.368 -281210689230.4508 -97052877862.81795
4462551509980.131 -281210416392.8696 -97052883833.86955
4462551525274.877 -281210143555.2874 -97052889804.9208
4462551540569.606 -281209870717.70416 -97052895775.9717
4462551555864.319 -281209597880.1199 -97052901747.02223
4462551571159.016 -281209325042.53455 -97052907718.0724
4462551586453.695 -281209052204.9482 -97052913689.12221
4462551601748.358 -281208779367.3608 -97052919660.17166
4462551617043.005 -281208506529.77234 -97052925631.22075
4462551632337.635 -281208233692.18286 -97052931602.26949
4462551647632.248 -281207960854.5923 -97052937573.31786
4462551662926.845 -281207688017.0007 -97052943544.36586
4462551678221.425 -281207415179.408 -97052949515.41351
4462551693515.988 -281207142341.81433 -97052955486.4608
4462551708810.535 -281206869504.2196 -97052961457.50772
4462551724105.065 -281206596666.62384 -97052967428.55429
4462551739399.579 -281206323829.02704 -97052973399.6005
4462551754694.076 -281206050991.4292 -97052979370.64635
4462551769988.557 -281205778153.8303 -97052985341.69183
4462551785283.0205 -281205505316.23035 -97052991312.73695
4462551800577.468 -281205232478.62933 -97052997283.78172
4462551815871.899 -281204959641.0273 -97053003254.82613
4462551831166.314 -281204686803.4242 -97053009225.87018
4462551846460.713 -281204413965.82007 -97053015196.91386
4462551861755.095 -281204141128.2149 -97053021167.95718
4462551877049.46 -281203868290.6087 -97053027139.00015
4462551892343.809 -281203595453.00146 -97053033110.04276
4462551907638.141 -281203322615.3932 -97053039081.08499
4462551922932.456 -281203049777.7838 -97053045052.12688
4462551938226.755 -281202776940.1734 -97053051023.1684
4462551953521.037 -281202504102.56195 -97053056994.20956
4462551968815.303 -281202231264.94946 -97053062965.25037
4462551984109.552 -281201958427.33594 -97053068936.2908
4462551999403.784 -281201685589.7214 -97053074907.33089
4462552014698.0 -281201412752.1058 -97053080878.3706
4462552029992.199 -281201139914.48914 -97053086849.40997
4462552045286.382 -281200867076.87146 -97053092820.44897
4462552060580.548 -281200594239.2527 -97053098791.48761
4462552075874.697 -281200321401.6329 -97053104762.5259
4462552091168.83 -281200048564.012 -97053110733.56381
4462552106462.946 -281199775726.39014 -97053116704.60136
4462552121757.046 -281199502888.7672 -97053122675.63857
4462552137051.129 -281199230051.14325 -97053128646.6754
4462552152345.195 -281198957213.51825 -97053134617.71188
4462552167639.245 -281198684375.8922 -97053140588.748
4462552182933.278 -281198411538.26514 -97053146559.78375
4462552198227.295 -281198138700.637 -97053152530.81915
4462552213521.295 -281197865863.0078 -97053158501.85419
4462552228815.278 -281197593025.37756 -97053164472.88887
4462552244109.245 -281197320187.7463 -97053170443.92319
4462552259403.195 -281197047350.11395 -97053176414.95714
4462552274697.129 -281196774512.4806 -97053182385.99074
4462552289991.046 -281196501674.8462 -97053188357.02397
4462552305284.947 -281196228837.21075 -97053194328.05684
4462552320578.832 -281195955999.5743 -97053200299.08936
4462552335872.7 -281195683161.93677 -97053206270.1215
4462552351166.552 -281195410324.29816 -97053212241.1533
4462552366460.387 -281195137486.6585 -97053218212.18474
4462552381754.205 -281194864649.0178 -97053224183.2158
4462552397048.007 -281194591811.3761 -97053230154.24652
4462552412341.792 -281194318973.73334 -97053236125.27687
4462552427635.561 -281194046136.08954 -97053242096.30687
4462552442929.3125 -281193773298.4447 -97053248067.3365
4462552458223.048 -281193500460.7988 -97053254038.36577
4462552473516.767 -281193227623.1519 -97053260009.39468
4462552488810.469 -281192954785.5039 -97053265980.42323
4462552504104.154 -281192681947.85486 -97053271951.45142
4462552519397.823 -281192409110.2048 -97053277922.47925
4462552534691.476 -281192136272.55365 -97053283893.50671
4462552549985.111 -281191863434.9015 -97053289864.53383
4462552565278.73 -281191590597.2483 -97053295835.56058
4462552580572.333 -281191317759.59406 -97053301806.58696
4462552595865.919 -281191044921.9388 -97053307777.61299
4462552611159.488 -281190772084.2825 -97053313748.63866
4462552626453.041 -281190499246.62506 -97053319719.66397
4462552641746.577 -281190226408.9666 -97053325690.68892
4462552657040.097 -281189953571.3071 -97053331661.7135
4462552672333.6 -281189680733.6466 -97053337632.73773
4462552687627.086 -281189407895.98505 -97053343603.7616
4462552702920.556 -281189135058.32245 -97053349574.7851
4462552718214.009 -281188862220.6588 -97053355545.80824
4462552733507.445 -281188589382.99414 -97053361516.83102
4462552748800.865 -281188316545.3284 -97053367487.85345
4462552764094.269 -281188043707.6616 -97053373458.87552
4462552779387.656 -281187770869.9938 -97053379429.89722
4462552794681.027 -281187498032.3249 -97053385400.91856
4462552809974.382 -281187225194.65497 -97053391371.93954
4462552825267.72 -281186952356.984 -97053397342.96016
4462552840561.041 -281186679519.312 -97053403313.98042
4462552855854.346 -281186406681.639 -97053409285.00032
4462552871147.634 -281186133843.9649 -97053415256.01987
4462552886440.905 -281185861006.2898 -97053421227.03905
4462552901734.16 -281185588168.61365 -97053427198.05786
4462552917027.398 -281185315330.9364 -97053433169.07632
4462552932320.62 -281185042493.2581 -97053439140.09442
4462552947613.825 -281184769655.5788 -97053445111.11217
4462552962907.014 -281184496817.89844 -97053451082.12955
4462552978200.186 -281184223980.21704 -97053457053.14656
4462552993493.341 -281183951142.5346 -97053463024.16322
4462553008786.4795 -281183678304.85114 -97053468995.17952
4462553024079.602 -281183405467.1666 -97053474966.19545
4462553039372.707 -281183132629.4811 -97053480937.21103
4462553054665.796 -281182859791.79443 -97053486908.22624
4462553069958.868 -281182586954.10675 -97053492879.2411
4462553085251.924 -281182314116.418 -97053498850.2556
4462553100544.963 -281182041278.7283 -97053504821.26973
4462553115837.985 -281181768441.0375 -97053510792.28351
4462553131130.991 -281181495603.34564 -97053516763.29692
4462553146423.98 -281181222765.6528 -97053522734.30998
4462553161716.953 -281180949927.95886 -97053528705.32268
4462553177009.909 -281180677090.2639 -97053534676.335
4462553192302.849 -281180404252.5679 -97053540647.34698
4462553207595.771 -281180131414.8708 -97053546618.3586
4462553222888.678 -281179858577.17267 -97053552589.36984
4462553238181.567 -281179585739.4735 -97053558560.38074
4462553253474.44 -281179312901.7733 -97053564531.39127
4462553268767.298 -281179040064.0721 -97053570502.40144
4462553284060.139 -281178767226.3698 -97053576473.41125
4462553299352.963 -281178494388.6665 -97053582444.4207
4462553314645.7705 -281178221550.96216 -97053588415.4298
4462553329938.562 -281177948713.2567 -97053594386.43852
4462553345231.336 -281177675875.55023 -97053600357.4469
4462553360524.094 -281177403037.8427 -97053606328.45491
4462553375816.835 -281177130200.13416 -97053612299.46255
4462553391109.56 -281176857362.42456 -97053618270.46985
4462553406402.268 -281176584524.7139 -97053624241.47678
4462553421694.959 -281176311687.00226 -97053630212.48334
4462553436987.634 -281176038849.28955 -97053636183.48955
4462553452280.292 -281175766011.5758 -97053642154.49539
4462553467572.934 -281175493173.861 -97053648125.50089
4462553482865.559 -281175220336.14514 -97053654096.50601
4462553498158.167 -281174947498.4282 -97053660067.51077
4462553513450.759 -281174674660.71027 -97053666038.51518
4462553528743.334 -281174401822.9913 -97053672009.51923
4462553544035.893 -281174128985.27124 -97053677980.52292
4462553559328.435 -281173856147.5502 -97053683951.52625
4462553574620.96 -281173583309.82806 -97053689922.5292
4462553589913.469 -281173310472.1049 -97053695893.53181
4462553605205.961 -281173037634.38074 -97053701864.53406
4462553620498.437 -281172764796.65546 -97053707835.53593
4462553635790.8955 -281172491958.92914 -97053713806.53746
4462553651083.338 -281172219121.2018 -97053719777.53862
4462553666375.764 -281171946283.4734 -97053725748.53943
4462553681668.173 -281171673445.74396 -97053731719.53987
4462553696960.565 -281171400608.0135 -97053737690.53995
4462553712252.941 -281171127770.282 -97053743661.53967
4462553727545.301 -281170854932.54944 -97053749632.53903
4462553742837.644 -281170582094.81586 -97053755603.53804
4462553758129.971 -281170309257.0812 -97053761574.53668
4462553773422.281 -281170036419.34546 -97053767545.53496
4462553788714.575 -281169763581.6087 -97053773516.53288
4462553804006.853 -281169490743.8709 -97053779487.53044
4462553819299.113 -281169217906.1321 -97053785458.52763
4462553834591.357 -281168945068.3922 -97053791429.52448
4462553849883.585 -281168672230.6513 -97053797400.52095
4462553865175.796 -281168399392.90936 -97053803371.51707
4462553880467.99 -281168126555.1664 -97053809342.51283
4462553895760.168 -281167853717.4223 -97053815313.50822
4462553911052.329 -281167580879.6772 -97053821284.50327
4462553926344.474 -281167308041.931 -97053827255.49794
4462553941636.602 -281167035204.18384 -97053833226.49226
4462553956928.713 -281166762366.4356 -97053839197.48622
4462553972220.808 -281166489528.68634 -97053845168.47981
4462553987512.886 -281166216690.93604 -97053851139.47305
4462554002804.947 -281165943853.1847 -97053857110.46593
4462554018096.992 -281165671015.4323 -97053863081.45844
4462554033389.0205 -281165398177.6789 -97053869052.45059
4462554048681.032 -281165125339.9244 -97053875023.44238
4462554063973.027 -281164852502.1688 -97053880994.43382
4462554079265.006 -281164579664.41223 -97053886965.4249
4462554094556.968 -281164306826.6546 -97053892936.4156
4462554109848.913 -281164033988.89594 -97053898907.40596
4462554125140.842 -281163761151.1362 -97053904878.39595
4462554140432.754 -281163488313.3755 -97053910849.38557
4462554155724.649 -281163215475.6137 -97053916820.37485
4462554171016.528 -281162942637.8509 -97053922791.36375
4462554186308.391 -281162669800.087 -97053928762.35231
4462554201600.236 -281162396962.322 -97053934733.3405
4462554216892.065 -281162124124.556 -97053940704.32832
4462554232183.879 -281161851286.789 -97053946675.3158
4462554247475.676 -281161578449.02094 -97053952646.3029
4462554262767.456 -281161305611.25183 -97053958617.28966
4462554278059.22 -281161032773.4817 -97053964588.27605
4462554293350.967 -281160759935.7105 -97053970559.26207
4462554308642.697 -281160487097.9383 -97053976530.24774
4462554323934.411 -281160214260.165 -97053982501.23305
4462554339226.108 -281159941422.3906 -97053988472.21799
4462554354517.789 -281159668584.61523 -97053994443.20258
4462554369809.453 -281159395746.8388 -97054000414.1868
4462554385101.101 -281159122909.06134 -97054006385.17067
4462554400392.731 -281158850071.28284 -97054012356.15417
4462554415684.346 -281158577233.5033 -97054018327.13731
4462554430975.943 -281158304395.7227 -97054024298.1201
4462554446267.524 -281158031557.9411 -97054030269.10252
4462554461559.089 -281157758720.15845 -97054036240.0846
4462554476850.637 -281157485882.3747 -97054042211.0663
4462554492142.168 -281157213044.5899 -97054048182.04764
4462554507433.683 -281156940206.8041 -97054054153.02863
4462554522725.181 -281156667369.0172 -97054060124.00925
4462554538016.662 -281156394531.2293 -97054066094.9895
4462554553308.127 -281156121693.44037 -97054072065.9694
4462554568599.575 -281155848855.6504 -97054078036.94894
4462554583891.007 -281155576017.8594 -97054084007.92813
4462554599182.422 -281155303180.0673 -97054089978.90695
4462554614473.82 -281155030342.2742 -97054095949.8854
4462554629765.202 -281154757504.48 -97054101920.86351
4462554645056.567 -281154484666.68475 -97054107891.84125
4462554660347.916 -281154211828.8885 -97054113862.81863
4462554675639.248 -281153938991.0912 -97054119833.79565
4462554690930.563 -281153666153.29285 -97054125804.77231
4462554706221.862 -281153393315.49347 -97054131775.74861
4462554721513.1455 -281153120477.69305 -97054137746.72455
4462554736804.412 -281152847639.8916 -97054143717.70012
4462554752095.662 -281152574802.0891 -97054149688.67534
4462554767386.8955 -281152301964.2855 -97054155659.65019
4462554782678.112 -281152029126.4809 -97054161630.6247
4462554797969.3125 -281151756288.67523 -97054167601.59883
4462554813260.496 -281151483450.8685 -97054173572.5726
4462554828551.663 -281151210613.0608 -97054179543.54602
4462554843842.813 -281150937775.252 -97054185514.51907
4462554859133.947 -281150664937.4422 -97054191485.49178
4462554874425.064 -281150392099.63135 -97054197456.46411
4462554889716.165 -281150119261.81946 -97054203427.43608
4462554905007.249 -281149846424.0065 -97054209398.4077
4462554920298.316 -281149573586.19244 -97054215369.37895
4462554935589.367 -281149300748.3774 -97054221340.34984
4462554950880.401 -281149027910.5613 -97054227311.32037
4462554966171.419 -281148755072.74414 -97054233282.29054
4462554981462.42 -281148482234.92596 -97054239253.26036
4462554996753.404 -281148209397.10675 -97054245224.22981
4462555012044.372 -281147936559.2865 -97054251195.1989
4462555027335.323 -281147663721.4652 -97054257166.16763
4462555042626.258 -281147390883.6428 -97054263137.136
4462555057917.176 -281147118045.8194 -97054269108.10402
4462555073208.077 -281146845207.99493 -97054275079.07167
4462555088498.962 -281146572370.16943 -97054281050.03896
4462555103789.83 -281146299532.3429 -97054287021.00589
4462555119080.682 -281146026694.5153 -97054292991.97246
4462555134371.517 -281145753856.6867 -97054298962.93866
4462555149662.335 -281145481018.85706 -97054304933.90451
4462555164953.137 -281145208181.02637 -97054310904.87
4462555180243.922 -281144935343.19464 -97054316875.83513
4462555195534.691 -281144662505.3618 -97054322846.7999
4462555210825.444 -281144389667.52795 -97054328817.7643
4462555226116.181 -281144116829.69305 -97054334788.72835
4462555241406.9 -281143843991.8571 -97054340759.69203
4462555256697.604 -281143571154.02014 -97054346730.65535
4462555271988.29 -281143298316.1821 -97054352701.61832
4462555287278.96 -281143025478.3431 -97054358672.58092
4462555302569.613 -281142752640.503 -97054364643.54317
4462555317860.25 -281142479802.66187 -97054370614.50505
4462555333150.87 -281142206964.81964 -97054376585.46657
4462555348441.474 -281141934126.9764 -97054382556.42773
4462555363732.061 -281141661289.1321 -97054388527.38853
4462555379022.631 -281141388451.28674 -97054394498.34898
4462555394313.185 -281141115613.44037 -97054400469.30907
4462555409603.722 -281140842775.59296 -97054406440.26878
4462555424894.242 -281140569937.7445 -97054412411.22815
4462555440184.746 -281140297099.895 -97054418382.18715
4462555455475.233 -281140024262.0445 -97054424353.14578
4462555470765.704 -281139751424.19293 -97054430324.10406
4462555486056.158 -281139478586.3403 -97054436295.06198
4462555501346.596 -281139205748.4866 -97054442266.01955
4462555516637.017 -281138932910.63184 -97054448236.97675
4462555531927.421 -281138660072.77606 -97054454207.93358
4462555547217.809 -281138387234.91925 -97054460178.89006
4462555562508.18 -281138114397.0614 -97054466149.84618
4462555577798.534 -281137841559.2025 -97054472120.80194
4462555593088.872 -281137568721.3426 -97054478091.75734
4462555608379.193 -281137295883.4816 -97054484062.71237
4462555623669.498 -281137023045.61957 -97054490033.66705
4462555638959.786 -281136750207.7565 -97054496004.62137
4462555654250.058 -281136477369.89233 -97054501975.57532
4462555669540.3125 -281136204532.02716 -97054507946.52892
4462555684830.552 -281135931694.16095 -97054513917.48215
4462555700120.774 -281135658856.2937 -97054519888.43503
4462555715410.98 -281135386018.4254 -97054525859.38754
4462555730701.17 -281135113180.5561 -97054531830.33969
4462555745991.343 -281134840342.6857 -97054537801.29149
4462555761281.499 -281134567504.81433 -97054543772.24292
4462555776571.639 -281134294666.94183 -97054549743.194
4462555791861.762 -281134021829.0683 -97054555714.14471
4462555807151.868 -281133748991.1937 -97054561685.09506
4462555822441.958 -281133476153.3181 -97054567656.04506
4462555837732.031 -281133203315.44147 -97054573626.99469
4462555853022.088 -281132930477.5638 -97054579597.94395
4462555868312.128 -281132657639.68506 -97054585568.89287
4462555883602.151 -281132384801.8053 -97054591539.84142
4462555898892.158 -281132111963.9245 -97054597510.78961
4462555914182.148 -281131839126.0426 -97054603481.73744
4462555929472.122 -281131566288.15967 -97054609452.6849
4462555944762.079 -281131293450.2757 -97054615423.63202
4462555960052.02 -281131020612.3907 -97054621394.57877
4462555975341.943 -281130747774.50464 -97054627365.52516
4462555990631.851 -281130474936.61755 -97054633336.47119
4462556005921.741 -281130202098.72943 -97054639307.41685
4462556021211.615 -281129929260.8403 -97054645278.36217
4462556036501.473 -281129656422.9501 -97054651249.30711
4462556051791.313 -281129383585.05884 -97054657220.2517
4462556067081.138 -281129110747.1665 -97054663191.19592
4462556082370.945 -281128837909.27313 -97054669162.13979
4462556097660.736 -281128565071.3787 -97054675133.0833
4462556112950.511 -281128292233.4833 -97054681104.02644
4462556128240.269 -281128019395.5868 -97054687074.96922
4462556143530.01 -281127746557.6893 -97054693045.91165
4462556158819.735 -281127473719.7907 -97054699016.85371
4462556174109.444 -281127200881.8911 -97054704987.79541
4462556189399.137 -281126928043.9905 -97054710958.73676
4462556204688.8125 -281126655206.08875 -97054716929.67773
4462556219978.472 -281126382368.186 -97054722900.61836
4462556235268.114 -281126109530.28217 -97054728871.55862
4462556250557.74 -281125836692.3773 -97054734842.49852
4462556265847.35 -281125563854.47144 -97054740813.43806
4462556281136.942 -281125291016.5645 -97054746784.37724
4462556296426.519 -281125018178.65656 -97054752755.31607
4462556311716.078 -281124745340.74756 -97054758726.25453
4462556327005.621 -281124472502.8375 -97054764697.19263
4462556342295.147 -281124199664.92645 -97054770668.13037
4462556357584.657 -281123926827.0143 -97054776639.06775
4462556372874.15 -281123653989.1011 -97054782610.00476
4462556388163.627 -281123381151.1868 -97054788580.94142
4462556403453.087 -281123108313.27155 -97054794551.87772
4462556418742.53 -281122835475.3552 -97054800522.81366
4462556434031.957 -281122562637.43787 -97054806493.74924
4462556449321.367 -281122289799.5195 -97054812464.68445
4462556464610.761 -281122016961.60004 -97054818435.61931
4462556479900.138 -281121744123.67957 -97054824406.5538
4462556495189.498 -281121471285.758 -97054830377.48795
4462556510478.842 -281121198447.8354 -97054836348.42172
4462556525768.169 -281120925609.91174 -97054842319.35513
4462556541057.4795 -281120652771.98706 -97054848290.2882
4462556556346.773 -281120379934.06134 -97054854261.22089
4462556571636.051 -281120107096.1346 -97054860232.15321
4462556586925.312 -281119834258.2068 -97054866203.08519
4462556602214.556 -281119561420.27795 -97054872174.0168
4462556617503.783 -281119288582.3481 -97054878144.94806
4462556632792.994 -281119015744.4172 -97054884115.87895
4462556648082.189 -281118742906.48517 -97054890086.80948
4462556663371.368 -281118470068.5521 -97054896057.73965
4462556678660.53 -281118197230.61804 -97054902028.66946
4462556693949.676 -281117924392.6829 -97054907999.59892
4462556709238.805 -281117651554.74677 -97054913970.52802
4462556724527.917 -281117378716.8096 -97054919941.45674
4462556739817.013 -281117105878.87134 -97054925912.38512
4462556755106.092 -281116833040.93207 -97054931883.31313
4462556770395.154 -281116560202.99176 -97054937854.24077
4462556785684.2 -281116287365.0504 -97054943825.16806
4462556800973.2295 -281116014527.108 -97054949796.09499
4462556816262.242 -281115741689.1645 -97054955767.02156
4462556831551.238 -281115468851.22 -97054961737.94777
4462556846840.218 -281115196013.2744 -97054967708.87361
4462556862129.181 -281114923175.3278 -97054973679.7991
4462556877418.127 -281114650337.3802 -97054979650.72423
4462556892707.057 -281114377499.4315 -97054985621.649
4462556907995.97 -281114104661.4818 -97054991592.57341
4462556923284.866 -281113831823.53107 -97054997563.49745
4462556938573.746 -281113558985.5792 -97055003534.42114
4462556953862.609 -281113286147.62634 -97055009505.34447
4462556969151.456 -281113013309.6724 -97055015476.26743
4462556984440.286 -281112740471.71747 -97055021447.19003
4462556999729.1 -281112467633.7615 -97055027418.11227
4462557015017.896 -281112194795.80444 -97055033389.03416
4462557030306.677 -281111921957.8464 -97055039359.95569
4462557045595.44 -281111649119.88727 -97055045330.87685
4462557060884.1875 -281111376281.9271 -97055051301.79765
4462557076172.918 -281111103443.96594 -97055057272.7181
4462557091461.632 -281110830606.00366 -97055063243.63817
4462557106750.329 -281110557768.04034 -97055069214.55789
4462557122039.01 -281110284930.076 -97055075185.47725
4462557137327.675 -281110012092.1106 -97055081156.39626
4462557152616.323 -281109739254.14417 -97055087127.3149
4462557167904.955 -281109466416.1767 -97055093098.23317
4462557183193.57 -281109193578.2082 -97055099069.1511
4462557198482.169 -281108920740.23865 -97055105040.06865
4462557213770.751 -281108647902.26807 -97055111010.98586
4462557229059.316 -281108375064.2964 -97055116981.9027
4462557244347.865 -281108102226.32367 -97055122952.81917
4462557259636.397 -281107829388.3499 -97055128923.73529
4462557274924.913 -281107556550.3751 -97055134894.65105
4462557290213.412 -281107283712.3993 -97055140865.56644
4462557305501.895 -281107010874.4224 -97055146836.48148
4462557320790.36 -281106738036.4445 -97055152807.39615
4462557336078.81 -281106465198.4656 -97055158778.31047
4462557351367.242 -281106192360.4856 -97055164749.22443
4462557366655.658 -281105919522.5046 -97055170720.13802
4462557381944.058 -281105646684.52246 -97055176691.05125
4462557397232.44 -281105373846.5393 -97055182661.96413
4462557412520.807 -281105101008.5551 -97055188632.87665
4462557427809.156 -281104828170.5699 -97055194603.7888
4462557443097.489 -281104555332.5836 -97055200574.70059
4462557458385.806 -281104282494.5963 -97055206545.61203
4462557473674.105 -281104009656.608 -97055212516.5231
4462557488962.389 -281103736818.6186 -97055218487.4338
4462557504250.655 -281103463980.6282 -97055224458.34416
4462557519538.905 -281103191142.6367 -97055230429.25415
4462557534827.139 -281102918304.64417 -97055236400.16379
4462557550115.355 -281102645466.6506 -97055242371.07306
4462557565403.556 -281102372628.65594 -97055248341.98196
4462557580691.739 -281102099790.6603 -97055254312.89052
4462557595979.906 -281101826952.6636 -97055260283.7987
4462557611268.058 -281101554114.66583 -97055266254.70654
4462557626556.192 -281101281276.66705 -97055272225.61401
4462557641844.311 -281101008438.66724 -97055278196.52112
4462557657132.412 -281100735600.6664 -97055284167.42787
4462557672420.497 -281100462762.6644 -97055290138.33426
4462557687708.565 -281100189924.66144 -97055296109.24028
4462557702996.617 -281099917086.6574 -97055302080.14595
4462557718284.652 -281099644248.65234 -97055308051.05125
4462557733572.671 -281099371410.64624 -97055314021.9562
4462557748860.673 -281099098572.6391 -97055319992.8608
4462557764148.658 -281098825734.6309 -97055325963.76501
4462557779436.627 -281098552896.6217 -97055331934.66888
4462557794724.579 -281098280058.61145 -97055337905.57239
4462557810012.515 -281098007220.60016 -97055343876.47554
4462557825300.434 -281097734382.58777 -97055349847.37833
4462557840588.336 -281097461544.57434 -97055355818.28075
4462557855876.222 -281097188706.5599 -97055361789.18282
4462557871164.091 -281096915868.5444 -97055367760.08452
4462557886451.943 -281096643030.52783 -97055373730.98586
4462557901739.779 -281096370192.51025 -97055379701.88684
4462557917027.599 -281096097354.49164 -97055385672.78746
4462557932315.401 -281095824516.472 -97055391643.68773
4462557947603.1875 -281095551678.4513 -97055397614.58763
4462557962890.957 -281095278840.42957 -97055403585.48717
4462557978178.71 -281095006002.40674 -97055409556.38635
4462557993466.446 -281094733164.3829 -97055415527.28517
4462558008754.166 -281094460326.358 -97055421498.18362
4462558024041.869 -281094187488.33203 -97055427469.08173
4462558039329.556 -281093914650.30505 -97055433439.97946
4462558054617.226 -281093641812.27704 -97055439410.87685
4462558069904.879 -281093368974.248 -97055445381.77386
4462558085192.516 -281093096136.2179 -97055451352.67052
4462558100480.137 -281092823298.18677 -97055457323.56682
4462558115767.741 -281092550460.1546 -97055463294.46275
4462558131055.329 -281092277622.12134 -97055469265.35834
4462558146342.9 -281092004784.08704 -97055475236.25356
4462558161630.455 -281091731946.0517 -97055481207.1484
4462558176917.993 -281091459108.0153 -97055487178.04291
4462558192205.515 -281091186269.9779 -97055493148.93704
4462558207493.02 -281090913431.93945 -97055499119.83081
4462558222780.508 -281090640593.89996 -97055505090.72423
4462558238067.9795 -281090367755.85944 -97055511061.61728
4462558253355.435 -281090094917.8179 -97055517032.50998
4462558268642.873 -281089822079.7752 -97055523003.40231
4462558283930.295 -281089549241.7315 -97055528974.29428
4462558299217.7 -281089276403.68677 -97055534945.1859
4462558314505.089 -281089003565.641 -97055540916.07715
4462558329792.461 -281088730727.5942 -97055546886.96805
4462558345079.816 -281088457889.5463 -97055552857.85858
4462558360367.155 -281088185051.49744 -97055558828.74875
4462558375654.478 -281087912213.4475 -97055564799.63857
4462558390941.783 -281087639375.39655 -97055570770.52802
4462558406229.072 -281087366537.34454 -97055576741.4171
4462558421516.345 -281087093699.29144 -97055582712.30583
4462558436803.601 -281086820861.2373 -97055588683.1942
4462558452090.84 -281086548023.1821 -97055594654.08221
4462558467378.0625 -281086275185.1259 -97055600624.96986
4462558482665.269 -281086002347.06866 -97055606595.85715
4462558497952.458 -281085729509.0104 -97055612566.74408
4462558513239.631 -281085456670.95105 -97055618537.63065
4462558528526.787 -281085183832.8907 -97055624508.51686
4462558543813.927 -281084910994.8293 -97055630479.40271
4462558559101.05 -281084638156.76685 -97055636450.2882
4462558574388.157 -281084365318.7033 -97055642421.17332
4462558589675.248 -281084092480.63873 -97055648392.05809
4462558604962.322 -281083819642.5731 -97055654362.94249
4462558620249.38 -281083546804.5065 -97055660333.82654
4462558635536.421 -281083273966.4388 -97055666304.71022
4462558650823.445 -281083001128.37006 -97055672275.59355
4462558666110.453 -281082728290.3003 -97055678246.47652
4462558681397.444 -281082455452.2295 -97055684217.35912
4462558696684.419 -281082182614.15765 -97055690188.24136
4462558711971.377 -281081909776.0848 -97055696159.12325
4462558727258.318 -281081636938.0108 -97055702130.00476
4462558742545.243 -281081364099.9358 -97055708100.88593
4462558757832.151 -281081091261.85974 -97055714071.76672
4462558773119.043 -281080818423.78265 -97055720042.64717
