1336802874772.4136 -577840196755.6853 -43177340324.031006
1336803039433.642 -577839754367.0775 -43177354572.353905
1336803204094.7273 -577839311978.4077 -43177368820.67218
1336803368755.669 -577838869589.676 -43177383068.985825
1336803533416.4673 -577838427200.8823 -43177397317.29484
1336803698077.1223 -577837984812.0267 -43177411565.59922
1336803862737.634 -577837542423.1091 -43177425813.89897
1336804027398.0024 -577837100034.1295 -43177440062.1941
1336804192058.2275 -577836657645.088 -43177454310.4846
1336804356718.3093 -577836215255.9845 -43177468558.77046
1336804521378.2476 -577835772866.8191 -43177482807.0517
1336804686038.0425 -577835330477.5917 -43177497055.3283
1336804850697.694 -577834888088.3022 -43177511303.60027
1336805015357.2024 -577834445698.9509 -43177525551.86762
1336805180016.5674 -577834003309.5376 -43177539800.13034
1336805344675.789 -577833560920.0624 -43177554048.38843
1336805509334.8672 -577833118530.5251 -43177568296.641884
1336805673993.802 -577832676140.9259 -43177582544.89071
1336805838652.5935 -577832233751.2648 -43177596793.1349
1336806003311.2417 -577831791361.5416 -43177611041.37447
1336806167969.7466 -577831348971.7566 -43177625289.60941
1336806332628.1082 -577830906581.9095 -43177639537.83972
1336806497286.3264 -577830464192.0006 -43177653786.0654
1336806661944.4011 -577830021802.0297 -43177668034.286446
1336806826602.3325 -577829579411.9967 -43177682282.50287
1336806991260.1206 -577829137021.9019 -43177696530.71466
1336807155917.7654 -577828694631.745 -43177710778.92182
1336807320575.2668 -577828252241.5262 -43177725027.12435
1336807485232.625 -577827809851.2455 -43177739275.32225
1336807649889.8396 -577827367460.9027 -43177753523.51552
1336807814546.911 -577826925070.498 -43177767771.70416
1336807979203.8389 -577826482680.0314 -43177782019.888176
1336808143860.6235 -577826040289.5028 -43177796268.06756
1336808308517.265 -577825597898.9122 -43177810516.24231
1336808473173.763 -577825155508.2596 -43177824764.41243
1336808637830.1177 -577824713117.5452 -43177839012.57792
1336808802486.3289 -577824270726.7687 -43177853260.738785
1336808967142.3967 -577823828335.9303 -43177867508.89502
1336809131798.3213 -577823385945.0299 -43177881757.04662
1336809296454.1025 -577822943554.0675 -43177896005.193596
1336809461109.7405 -577822501163.0432 -43177910253.33594
1336809625765.235 -577822058771.9569 -43177924501.47365
1336809790420.5862 -577821616380.8087 -43177938749.606735
1336809955075.794 -577821173989.5985 -43177952997.73519
1336810119730.8584 -577820731598.3264 -43177967245.85902
1336810284385.7795 -577820289206.9923 -43177981493.97821
1336810449040.5574 -577819846815.5962 -43177995742.09277
1336810613695.192 -577819404424.1382 -43178009990.20271
1336810778349.6829 -577818962032.6182 -43178024238.30802
1336810943004.0305 -577818519641.0363 -43178038486.4087
1336811107658.2349 -577818077249.3923 -43178052734.504745
1336811272312.296 -577817634857.6864 -43178066982.59616
1336811436966.2136 -577817192465.9186 -43178081230.682945
1336811601619.988 -577816750074.0887 -43178095478.76511
1336811766273.6191 -577816307682.197 -43178109726.842636
1336811930927.1067 -577815865290.2433 -43178123974.915535
1336812095580.451 -577815422898.2277 -43178138222.9838
1336812260233.6519 -577814980506.15 -43178152471.04744
1336812424886.7095 -577814538114.0104 -43178166719.106445
1336812589539.6238 -577814095721.8088 -43178180967.16083
1336812754192.3948 -577813653329.5453 -43178195215.21058
1336812918845.0222 -577813210937.2198 -43178209463.2557
1336813083497.5063 -577812768544.8324 -43178223711.29619
1336813248149.8472 -577812326152.383 -43178237959.33205
1336813412802.0447 -577811883759.8717 -43178252207.36327
1336813577454.0989 -577811441367.2983 -43178266455.38988
1336813742106.0098 -577810998974.6631 -43178280703.41185
1336813906757.777 -577810556581.9658 -43178294951.42919
1336814071409.4011 -577810114189.2067 -43178309199.4419
1336814236060.8818 -577809671796.3855 -43178323447.44998
1336814400712.2192 -577809229403.5023 -43178337695.45343
1336814565363.4133 -577808787010.5573 -43178351943.452255
1336814730014.464 -577808344617.5502 -43178366191.44645
1336814894665.3716 -577807902224.4812 -43178380439.43601
1336815059316.1355 -577807459831.3502 -43178394687.420944
1336815223966.756 -577807017438.1573 -43178408935.401245
1336815388617.2334 -577806575044.9025 -43178423183.376915
1336815553267.5674 -577806132651.5856 -43178437431.34796
1336815717917.758 -577805690258.2068 -43178451679.31438
1336815882567.8054 -577805247864.766 -43178465927.27616
1336816047217.7092 -577804805471.2633 -43178480175.233315
1336816211867.4697 -577804363077.6986 -43178494423.18584
1336816376517.087 -577803920684.072 -43178508671.13373
1336816541166.5608 -577803478290.3834 -43178522919.07699
1336816705815.8914 -577803035896.6328 -43178537167.015625
1336816870465.0786 -577802593502.8203 -43178551414.94963
1336817035114.1223 -577802151108.9458 -43178565662.879005
1336817199763.0227 -577801708715.0094 -43178579910.80375
1336817364411.7798 -577801266321.011 -43178594158.72386
1336817529060.3936 -577800823926.9507 -43178608406.63934
1336817693708.864 -577800381532.8284 -43178622654.5502
1336817858357.1912 -577799939138.644 -43178636902.45643
1336818023005.3748 -577799496744.3978 -43178651150.358025
1336818187653.415 -577799054350.0896 -43178665398.25499
1336818352301.312 -577798611955.7195 -43178679646.14732
1336818516949.0657 -577798169561.2874 -43178693894.03503
1336818681596.676 -577797727166.7933 -43178708141.918106
1336818846244.143 -577797284772.2373 -43178722389.796555
1336819010891.4666 -577796842377.6193 -43178736637.67037
1336819175538.6467 -577796399982.9393 -43178750885.53956
1336819340185.6836 -577795957588.1974 -43178765133.40411
1336819504832.5771 -577795515193.3936 -43178779381.26404
1336819669479.3274 -577795072798.5277 -43178793629.11934
1336819834125.9343 -577794630403.6 -43178807876.97001
1336819998772.398 -577794188008.6102 -43178822124.81605
1336820163418.718 -577793745613.5586 -43178836372.657455
1336820328064.8948 -577793303218.445 -43178850620.49423
1336820492710.9282 -577792860823.2693 -43178864868.32638
1336820657356.8184 -577792418428.0317 -43178879116.15389
1336820822002.5652 -577791976032.7322 -43178893363.97678
1336820986648.1687 -577791533637.3707 -43178907611.795044
1336821151293.6287 -577791091241.9473 -43178921859.60867
1336821315938.9453 -577790648846.4619 -43178936107.41767
1336821480584.1187 -577790206450.9146 -43178950355.22204
1336821645229.1487 -577789764055.3052 -43178964603.021774
1336821809874.0354 -577789321659.6339 -43178978850.81689
1336821974518.7788 -577788879263.9006 -43178993098.60737
1336822139163.3787 -577788436868.1055 -43179007346.39322
1336822303807.8352 -577787994472.2483 -43179021594.17444
1336822468452.1484 -577787552076.3292 -43179035841.95103
1336822633096.3184 -577787109680.3481 -43179050089.722984
1336822797740.345 -577786667284.3052 -43179064337.49031
1336822962384.2283 -577786224888.2002 -43179078585.25301
1336823127027.968 -577785782492.0332 -43179092833.011086
1336823291671.5645 -577785340095.8043 -43179107080.76453
1336823456315.0176 -577784897699.5134 -43179121328.513336
1336823620958.3274 -577784455303.1606 -43179135576.257515
1336823785601.494 -577784012906.7458 -43179149823.99706
1336823950244.517 -577783570510.2692 -43179164071.73199
1336824114887.3967 -577783128113.7305 -43179178319.46228
1336824279530.133 -577782685717.1299 -43179192567.18794
1336824444172.726 -577782243320.4673 -43179206814.90897
1336824608815.1758 -577781800923.7427 -43179221062.625374
1336824773457.4822 -577781358526.9562 -43179235310.33714
1336824938099.6453 -577780916130.1077 -43179249558.04428
1336825102741.6648 -577780473733.1973 -43179263805.746796
1336825267383.541 -577780031336.2249 -43179278053.44468
1336825432025.274 -577779588939.1906 -43179292301.13793
1336825596666.8635 -577779146542.0942 -43179306548.82655
1336825761308.3098 -577778704144.936 -43179320796.510544
1336825925949.6128 -577778261747.7158 -43179335044.1899
1336826090590.7722 -577777819350.4337 -43179349291.86463
1336826255231.7883 -577777376953.0896 -43179363539.53474
1336826419872.6611 -577776934555.6835 -43179377787.20021
1336826584513.3906 -577776492158.2155 -43179392034.86105
1336826749153.9768 -577776049760.6854 -43179406282.517265
1336826913794.4197 -577775607363.0935 -43179420530.168846
1336827078434.719 -577775164965.4396 -43179434777.815796
1336827243074.875 -577774722567.7238 -43179449025.45812
1336827407714.8877 -577774280169.9459 -43179463273.09582
1336827572354.757 -577773837772.1062 -43179477520.72888
1336827736994.4832 -577773395374.2045 -43179491768.357315
1336827901634.066 -577772952976.2407 -43179506015.98112
1336828066273.5051 -577772510578.2151 -43179520263.60029
1336828230912.801 -577772068180.1274 -43179534511.21483
1336828395551.9536 -577771625781.9779 -43179548758.824745
1336828560190.963 -577771183383.7664 -43179563006.43003
1336828724829.8289 -577770740985.4929 -43179577254.030685
1336828889468.5515 -577770298587.1575 -43179591501.62671
1336829054107.1306 -577769856188.7601 -43179605749.2181
1336829218745.5664 -577769413790.3008 -43179619996.80486
1336829383383.859 -577768971391.7795 -43179634244.38699
1336829548022.008 -577768528993.1963 -43179648491.9645
1336829712660.014 -577768086594.5511 -43179662739.53738
1336829877297.8765 -577767644195.844 -43179676987.10562
1336830041935.5955 -577767201797.0748 -43179691234.669235
1336830206573.1711 -577766759398.2438 -43179705482.22822
1336830371210.6035 -577766316999.3507 -43179719729.78257
1336830535847.8926 -577765874600.3958 -43179733977.33229
1336830700485.0383 -577765432201.3788 -43179748224.87739
1336830865122.0408 -577764989802.2999 -43179762472.417854
1336831029758.8997 -577764547403.159 -43179776719.95369
1336831194395.6152 -577764105003.9563 -43179790967.48489
1336831359032.1875 -577763662604.6915 -43179805215.01147
1336831523668.6165 -577763220205.3649 -43179819462.53341
1336831688304.902 -577762777805.9762 -43179833710.05072
1336831852941.0444 -577762335406.5255 -43179847957.56341
1336832017577.0432 -577761893007.013 -43179862205.071465
1336832182212.8987 -577761450607.4384 -43179876452.57489
1336832346848.6108 -577761008207.8019 -43179890700.073685
1336832511484.1797 -577760565808.1034 -43179904947.56785
1336832676119.6052 -577760123408.343 -43179919195.05738
1336832840754.8872 -577759681008.5206 -43179933442.54228
1336833005390.026 -577759238608.6364 -43179947690.02256
1336833170025.0212 -577758796208.6901 -43179961937.49821
1336833334659.8733 -577758353808.6819 -43179976184.96922
1336833499294.582 -577757911408.6117 -43179990432.43561
1336833663929.1475 -577757469008.4796 -43180004679.89736
1336833828563.5693 -577757026608.2855 -43180018927.354485
1336833993197.848 -577756584208.0295 -43180033174.80698
1336834157831.9832 -577756141807.7115 -43180047422.25484
1336834322465.975 -577755699407.3315 -43180061669.698074
1336834487099.8237 -577755257006.8896 -43180075917.13668
1336834651733.529 -577754814606.3857 -43180090164.570656
1336834816367.0908 -577754372205.82 -43180104412.0
1336834981000.5093 -577753929805.1921 -43180118659.42471
1336835145633.7844 -577753487404.5024 -43180132906.844795
1336835310266.9163 -577753045003.7507 -43180147154.26025
1336835474899.9048 -577752602602.9371 -43180161401.671074
1336835639532.75 -577752160202.0615 -43180175649.07727
1336835804165.4517 -577751717801.124 -43180189896.478836
1336835968798.01 -577751275400.1245 -43180204143.87577
1336836133430.425 -577750832999.0631 -43180218391.268074
1336836298062.6968 -577750390597.9397 -43180232638.65575
1336836462694.8252 -577749948196.7544 -43180246886.03879
1336836627326.8103 -577749505795.5071 -43180261133.417206
1336836791958.6519 -577749063394.1979 -43180275380.79099
1336836956590.35 -577748620992.8267 -43180289628.16015
1336837121221.905 -577748178591.3934 -43180303875.52467
1336837285853.3167 -577747736189.8983 -43180318122.88457
1336837450484.585 -577747293788.3412 -43180332370.23983
1336837615115.7097 -577746851386.7222 -43180346617.59046
1336837779746.6912 -577746408985.0411 -43180360864.93646
1336837944377.5293 -577745966583.2982 -43180375112.27784
1336838109008.224 -577745524181.4933 -43180389359.614586
1336838273638.7756 -577745081779.6265 -43180403606.9467
1336838438269.1838 -577744639377.6976 -43180417854.274185
1336838602899.4485 -577744196975.7069 -43180432101.59704
1336838767529.5698 -577743754573.6542 -43180446348.91526
1336838932159.5479 -577743312171.5396 -43180460596.22885
1336839096789.3826 -577742869769.3629 -43180474843.53782
1336839261419.074 -577742427367.1244 -43180489090.842155
1336839426048.622 -577741984964.8239 -43180503338.14186
1336839590678.0266 -577741542562.4614 -43180517585.436935
1336839755307.2878 -577741100160.037 -43180531832.72738
1336839919936.4058 -577740657757.5507 -43180546080.01319
1336840084565.3804 -577740215355.0023 -43180560327.29437
1336840249194.2117 -577739772952.3921 -43180574574.57092
1336840413822.8997 -577739330549.7198 -43180588821.84285
1336840578451.444 -577738888146.9857 -43180603069.110146
1336840743079.8452 -577738445744.1896 -43180617316.37281
1336840907708.103 -577738003341.3315 -43180631563.630844
1336841072336.2175 -577737560938.4115 -43180645810.88425
1336841236964.1887 -577737118535.4294 -43180660058.13302
1336841401592.0164 -577736676132.3855 -43180674305.37716
1336841566219.7007 -577736233729.2795 -43180688552.61667
1336841730847.2417 -577735791326.1117 -43180702799.851555
1336841895474.6394 -577735348922.8818 -43180717047.08181
1336842060101.8938 -577734906519.5901 -43180731294.307434
1336842224729.005 -577734464116.2363 -43180745541.52843
1336842389355.9724 -577734021712.8207 -43180759788.74479
1336842553982.7966 -577733579309.343 -43180774035.95652
1336842718609.4775 -577733136905.8035 -43180788283.16362
1336842883236.0151 -577732694502.2019 -43180802530.36609
1336843047862.4094 -577732252098.5385 -43180816777.563934
1336843212488.6604 -577731809694.813 -43180831024.75715
1336843377114.7678 -577731367291.0256 -43180845271.94573
1336843541740.732 -577730924887.1763 -43180859519.129684
1336843706366.5527 -577730482483.265 -43180873766.309006
1336843870992.2302 -577730040079.2917 -43180888013.483696
1336844035617.7644 -577729597675.2566 -43180902260.653755
1336844200243.155 -577729155271.1594 -43180916507.81918
1336844364868.4023 -577728712867.0004 -43180930754.97999
1336844529493.5063 -577728270462.7793 -43180945002.13616
1336844694118.467 -577727828058.4963 -43180959249.287704
1336844858743.2844 -577727385654.1514 -43180973496.434616
1336845023367.9585 -577726943249.7445 -43180987743.5769
1336845187992.489 -577726500845.2756 -43181001990.71455
1336845352616.8762 -577726058440.7449 -43181016237.847565
1336845517241.12 -577725616036.1521 -43181030484.97595
1336845681865.2207 -577725173631.4974 -43181044732.09972
1336845846489.178 -577724731226.7808 -43181058979.21885
1336846011112.992 -577724288822.0022 -43181073226.33335
1336846175736.6624 -577723846417.1616 -43181087473.44322
1336846340360.1895 -577723404012.2592 -43181101720.54846
1336846504983.5732 -577722961607.2947 -43181115967.64907
1336846669606.8137 -577722519202.2683 -43181130214.74505
1336846834229.911 -577722076797.1799 -43181144461.836395
1336846998852.8645 -577721634392.0297 -43181158708.92311
1336847163475.6748 -577721191986.8174 -43181172956.0052
1336847328098.3418 -577720749581.5432 -43181187203.082664
1336847492720.8655 -577720307176.207 -43181201450.155495
1336847657343.2458 -577719864770.809 -43181215697.223694
1336847821965.483 -577719422365.3489 -43181229944.28726
1336847986587.5764 -577718979959.8269 -43181244191.3462
1336848151209.5266 -577718537554.2429 -43181258438.400505
1336848315831.3335 -577718095148.597 -43181272685.45018
1336848480452.997 -577717652742.8892 -43181286932.49523
1336848645074.5173 -577717210337.1194 -43181301179.53565
1336848809695.894 -577716767931.2876 -43181315426.57144
1336848974317.1274 -577716325525.3939 -43181329673.6026
1336849138938.2175 -577715883119.4382 -43181343920.62913
1336849303559.1643 -577715440713.4207 -43181358167.651024
1336849468179.9678 -577714998307.3411 -43181372414.66829
1336849632800.628 -577714555901.1996 -43181386661.68092
1336849797421.1445 -577714113494.9961 -43181400908.68893
1336849962041.5178 -577713671088.7307 -43181415155.69231
1336850126661.7478 -577713228682.4033 -43181429402.691055
1336850291281.8345 -577712786276.014 -43181443649.68517
1336850455901.7778 -577712343869.5627 -43181457896.67466
1336850620521.5776 -577711901463.0496 -43181472143.659515
1336850785141.2341 -577711459056.4744 -43181486390.63974
1336850949760.7473 -577711016649.8373 -43181500637.61533
1336851114380.1172 -577710574243.1382 -43181514884.586296
1336851278999.3438 -577710131836.3772 -43181529131.552635
1336851443618.427 -577709689429.5542 -43181543378.51434
1336851608237.3667 -577709247022.6693 -43181557625.47142
1336851772856.163 -577708804615.7224 -43181571872.42387
1336851937474.8162 -577708362208.7136 -43181586119.37168
1336852102093.326 -577707919801.6428 -43181600366.314865
1336852266711.6924 -577707477394.5101 -43181614613.25342
1336852431329.9153 -577707034987.3154 -43181628860.18734
1336852595947.9949 -577706592580.0588 -43181643107.11663
1336852760565.9312 -577706150172.7402 -43181657354.0413
1336852925183.724 -577705707765.3597 -43181671600.961334
1336853089801.3738 -577705265357.9172 -43181685847.87674
1336853254418.8801 -577704822950.4128 -43181700094.78751
1336853419036.243 -577704380542.8464 -43181714341.69366
1336853583653.4624 -577703938135.2181 -43181728588.59517
1336853748270.5386 -577703495727.5278 -43181742835.49205
1336853912887.4714 -577703053319.7756 -43181757082.3843
1336854077504.261 -577702610911.9614 -43181771329.27192
1336854242120.907 -577702168504.0853 -43181785576.154915
1336854406737.4097 -577701726096.1472 -43181799823.03328
1336854571353.769 -577701283688.1472 -43181814069.90701
1336854735969.985 -577700841280.0852 -43181828316.776115
1336854900586.0579 -577700398871.9613 -43181842563.64059
1336855065201.9873 -577699956463.7754 -43181856810.50043
1336855229817.7732 -577699514055.5276 -43181871057.35564
1336855394433.4158 -577699071647.2178 -43181885304.206215
1336855559048.915 -577698629238.8461 -43181899551.05216
1336855723664.271 -577698186830.4124 -43181913797.89348
1336855888279.4836 -577697744421.9167 -43181928044.73017
1336856052894.5527 -577697302013.3591 -43181942291.56223
1336856217509.4785 -577696859604.7396 -43181956538.38966
1336856382124.261 -577696417196.0582 -43181970785.21246
1336856546738.9001 -577695974787.3148 -43181985032.03063
1336856711353.396 -577695532378.5095 -43181999278.84417
1336856875967.7483 -577695089969.6422 -43182013525.653076
1336857040581.9573 -577694647560.713 -43182027772.45735
1336857205196.023 -577694205151.7218 -43182042019.256996
1336857369809.9453 -577693762742.6687 -43182056266.05202
1336857534423.7244 -577693320333.5536 -43182070512.84241
1336857699037.36 -577692877924.3766 -43182084759.62817
1336857863650.8523 -577692435515.1376 -43182099006.409294
1336858028264.2012 -577691993105.8367 -43182113253.18579
1336858192877.4067 -577691550696.4738 -43182127499.95766
1336858357490.469 -577691108287.049 -43182141746.72489
1336858522103.388 -577690665877.5621 -43182155993.487495
1336858686716.1633 -577690223468.0134 -43182170240.24547
1336858851328.7954 -577689781058.4027 -43182184486.99881
1336859015941.2842 -577689338648.7301 -43182198733.74753
1336859180553.6296 -577688896238.9955 -43182212980.491615
1336859345165.8318 -577688453829.199 -43182227227.23107
1336859509777.8904 -577688011419.3405 -43182241473.9659
1336859674389.8057 -577687569009.42 -43182255720.69609
1336859839001.5776 -577687126599.4376 -43182269967.42165
1336860003613.2063 -577686684189.3933 -43182284214.142586
1336860168224.6917 -577686241779.287 -43182298460.85889
1336860332836.0337 -577685799369.1188 -43182312707.57056
1336860497447.2322 -577685356958.8887 -43182326954.2776
1336860662058.2874 -577684914548.5966 -43182341200.98002
1336860826669.1992 -577684472138.2426 -43182355447.6778
1336860991279.9678 -577684029727.8265 -43182369694.37096
1336861155890.593 -577683587317.3486 -43182383941.05948
1336861320501.0747 -577683144906.8087 -43182398187.74337
1336861485111.413 -577682702496.2069 -43182412434.42263
1336861649721.6082 -577682260085.5431 -43182426681.09726
1336861814331.66 -577681817674.8174 -43182440927.76726
1336861978941.5684 -577681375264.0297 -43182455174.432625
1336862143551.3333 -577680932853.18 -43182469421.09337
1336862308160.9548 -577680490442.2684 -43182483667.74948
1336862472770.433 -577680048031.2949 -43182497914.40096
1336862637379.768 -577679605620.2594 -43182512161.04781
1336862801988.9597 -577679163209.162 -43182526407.69003
1336862966598.008 -577678720798.0026 -43182540654.32762
1336863131206.9128 -577678278386.7812 -43182554900.96058
1336863295815.6743 -577677835975.498 -43182569147.588905
1336863460424.2925 -577677393564.1528 -43182583394.2126
1336863625032.7673 -577676951152.7457 -43182597640.831665
1336863789641.0989 -577676508741.2766 -43182611887.4461
1336863954249.2869 -577676066329.7456 -43182626134.05591
1336864118857.3315 -577675623918.1526 -43182640380.66109
1336864283465.233 -577675181506.4977 -43182654627.261635
1336864448072.991 -577674739094.7808 -43182668873.85755
1336864612680.6057 -577674296683.002 -43182683120.44884
1336864777288.077 -577673854271.1611 -43182697367.03549
1336864941895.4048 -577673411859.2584 -43182711613.617516
1336865106502.5894 -577672969447.2937 -43182725860.19491
1336865271109.6306 -577672527035.2671 -43182740106.76767
1336865435716.5286 -577672084623.1785 -43182754353.3358
1336865600323.283 -577671642211.028 -43182768599.89931
1336865764929.894 -577671199798.8156 -43182782846.45818
1336865929536.3618 -577670757386.5411 -43182797093.01243
1336866094142.6863 -577670314974.2048 -43182811339.56204
1336866258748.8674 -577669872561.8065 -43182825586.107025
1336866423354.9053 -577669430149.3463 -43182839832.64738
1336866587960.7996 -577668987736.8241 -43182854079.1831
1336866752566.5505 -577668545324.24 -43182868325.71419
1336866917172.1582 -577668102911.5939 -43182882572.24065
1336867081777.6226 -577667660498.8859 -43182896818.762474
1336867246382.9436 -577667218086.1158 -43182911065.27967
1336867410988.121 -577666775673.2839 -43182925311.792244
1336867575593.1553 -577666333260.3901 -43182939558.300186
1336867740198.0461 -577665890847.4343 -43182953804.8035
1336867904802.7937 -577665448434.4166 -43182968051.30218
1336868069407.398 -577665006021.3369 -43182982297.79623
1336868234011.8586 -577664563608.1953 -43182996544.285645
1336868398616.176 -577664121194.9917 -43183010790.77043
1336868563220.35 -577663678781.7262 -43183025037.25059
1336868727824.3809 -577663236368.3987 -43183039283.72611
1336868892428.2683 -577662793955.0093 -43183053530.19701
1336869057032.0122 -577662351541.5579 -43183067776.66327
1336869221635.6128 -577661909128.0446 -43183082023.12491
1336869386239.07 -577661466714.4692 -43183096269.58192
1336869550842.384 -577661024300.832 -43183110516.034294
1336869715445.5547 -577660581887.1329 -43183124762.48204
1336869880048.5818 -577660139473.3718 -43183139008.925156
1336870044651.4656 -577659697059.5488 -43183153255.36364
1336870209254.206 -577659254645.6638 -43183167501.79749
1336870373856.8032 -577658812231.7169 -43183181748.226715
1336870538459.257 -577658369817.708 -43183195994.651306
1336870703061.5676 -577657927403.6372 -43183210241.071266
1336870867663.7346 -577657484989.5044 -43183224487.486595
1336871032265.7583 -577657042575.3097 -43183238733.89729
1336871196867.6387 -577656600161.0531 -43183252980.30337
1336871361469.3757 -577656157746.7345 -43183267226.70481
1336871526070.9695 -577655715332.354 -43183281473.10162
1336871690672.4197 -577655272917.9115 -43183295719.493805
1336871855273.7266 -577654830503.4071 -43183309965.881355
1336872019874.8901 -577654388088.8407 -43183324212.264275
1336872184475.9104 -577653945674.2124 -43183338458.64256
1336872349076.7874 -577653503259.5221 -43183352705.01622
1336872513677.5208 -577653060844.7699 -43183366951.38525
1336872678278.1108 -577652618429.9557 -43183381197.74964
1336872842878.5576 -577652176015.0796 -43183395444.109406
1336873007478.861 -577651733600.1416 -43183409690.46454
1336873172079.0212 -577651291185.1416 -43183423936.81505
1336873336679.0378 -577650848770.0797 -43183438183.16093
1336873501278.9111 -577650406354.9558 -43183452429.502174
1336873665878.641 -577649963939.77 -43183466675.83879
1336873830478.2278 -577649521524.5222 -43183480922.17078
1336873995077.6711 -577649079109.2125 -43183495168.49813
1336874159676.971 -577648636693.8408 -43183509414.820854
1336874324276.1274 -577648194278.4072 -43183523661.13895
1336874488875.1406 -577647751862.9117 -43183537907.45241
1336874653474.0105 -577647309447.3542 -43183552153.76124
1336874818072.737 -577646867031.7349 -43183566400.06544
1336874982671.32 -577646424616.0535 -43183580646.365005
1336875147269.7598 -577645982200.3102 -43183594892.65995
1336875311868.0562 -577645539784.5049 -43183609138.950264
1336875476466.2092 -577645097368.6377 -43183623385.23595
1336875641064.219 -577644654952.7086 -43183637631.517
1336875805662.0852 -577644212536.7175 -43183651877.79342
1336875970259.808 -577643770120.6646 -43183666124.06521
1336876134857.3877 -577643327704.5496 -43183680370.33237
1336876299454.824 -577642885288.3727 -43183694616.594894
1336876464052.117 -577642442872.1338 -43183708862.85279
1336876628649.2664 -577642000455.833 -43183723109.10606
1336876793246.2725 -577641558039.4702 -43183737355.35469
1336876957843.1353 -577641115623.0455 -43183751601.598694
1336877122439.8547 -577640673206.559 -43183765847.838066
1336877287036.431 -577640230790.0104 -43183780094.072815
1336877451632.8635 -577639788373.3999 -43183794340.30293
1336877616229.1528 -577639345956.7274 -43183808586.52842
1336877780825.2988 -577638903539.993 -43183822832.749275
1336877945421.3015 -577638461123.1967 -43183837078.9655
1336878110017.161 -577638018706.3384 -43183851325.17709
1336878274612.8767 -577637576289.4182 -43183865571.384056
1336878439208.4492 -577637133872.436 -43183879817.58639
1336878603803.8784 -577636691455.392 -43183894063.78409
1336878768399.1643 -577636249038.2859 -43183908309.97716
1336878932994.307 -577635806621.1179 -43183922556.165596
1336879097589.306 -577635364203.888 -43183936802.3494
1336879262184.1616 -577634921786.5961 -43183951048.52858
1336879426778.874 -577634479369.2422 -43183965294.70313
1336879591373.443 -577634036951.8264 -43183979540.873055
1336879755967.869 -577633594534.3488 -43183993787.038345
1336879920562.1511 -577633152116.8091 -43184008033.199005
1336880085156.29 -577632709699.2075 -43184022279.355034
1336880249750.2856 -577632267281.544 -43184036525.50643
1336880414344.138 -577631824863.8185 -43184050771.6532
1336880578937.847 -577631382446.031 -43184065017.795334
1336880743531.4124 -577630940028.1816 -43184079263.93284
1336880908124.8345 -577630497610.2704 -43184093510.06571
1336881072718.1133 -577630055192.2971 -43184107756.193954
1336881237311.2488 -577629612774.262 -43184122002.317566
1336881401904.241 -577629170356.1648 -43184136248.43655
1336881566497.0896 -577628727938.0057 -43184150494.550896
1336881731089.795 -577628285519.7847 -43184164740.66062
1336881895682.357 -577627843101.5017 -43184178986.76572
1336882060274.7756 -577627400683.1569 -43184193232.86618
1336882224867.051 -577626958264.75 -43184207478.96201
1336882389459.1829 -577626515846.2812 -43184221725.053215
1336882554051.1714 -577626073427.7505 -43184235971.139786
1336882718643.0166 -577625631009.1578 -43184250217.221725
1336882883234.7185 -577625188590.5032 -43184264463.299034
1336883047826.277 -577624746171.7866 -43184278709.37171
1336883212417.6921 -577624303753.0082 -43184292955.43976
1336883377008.9639 -577623861334.1677 -43184307201.503174
1336883541600.0923 -577623418915.2654 -43184321447.56196
1336883706191.0774 -577622976496.301 -43184335693.61611
1336883870781.9192 -577622534077.2748 -43184349939.665634
1336884035372.6174 -577622091658.1866 -43184364185.71053
1336884199963.1724 -577621649239.0365 -43184378431.7508
1336884364553.584 -577621206819.8245 -43184392677.78644
1336884529143.8523 -577620764400.5504 -43184406923.817444
1336884693733.9773 -577620321981.2145 -43184421169.84382
1336884858323.9587 -577619879561.8165 -43184435415.86556
1336885022913.7969 -577619437142.3567 -43184449661.882675
1336885187503.4917 -577618994722.835 -43184463907.89516
1336885352093.0432 -577618552303.2512 -43184478153.90301
1336885516682.4514 -577618109883.6056 -43184492399.90623
1336885681271.716 -577617667463.898 -43184506645.904816
1336885845860.8374 -577617225044.1284 -43184520891.89877
1336886010449.8154 -577616782624.2969 -43184535137.8881
1336886175038.6501 -577616340204.4034 -43184549383.872795
1336886339627.3416 -577615897784.4481 -43184563629.85286
1336886504215.8894 -577615455364.4308 -43184577875.8283
1336886668804.294 -577615012944.3516 -43184592121.79911
1336886833392.5552 -577614570524.2103 -43184606367.76529
1336886997980.673 -577614128104.0072 -43184620613.72684
1336887162568.6477 -577613685683.7422 -43184634859.683754
1336887327156.4788 -577613243263.4152 -43184649105.63604
1336887491744.1665 -577612800843.0262 -43184663351.583694
1336887656331.711 -577612358422.5753 -43184677597.52672
1336887820919.112 -577611916002.0625 -43184691843.46511
1336887985506.3699 -577611473581.4878 -43184706089.39887
1336888150093.4841 -577611031160.8511 -43184720335.328
1336888314680.455 -577610588740.1525 -43184734581.2525
1336888479267.2827 -577610146319.3918 -43184748827.17237
1336888643853.967 -577609703898.5693 -43184763073.08761
1336888808440.508 -577609261477.6848 -43184777318.998215
1336888973026.9055 -577608819056.7384 -43184791564.90419
1336889137613.1597 -577608376635.7301 -43184805810.80554
1336889302199.2705 -577607934214.6598 -43184820056.70226
1336889466785.238 -577607491793.5276 -43184834302.59435
1336889631371.0623 -577607049372.3334 -43184848548.48181
1336889795956.743 -577606606951.0773 -43184862794.36464
1336889960542.2803 -577606164529.7593 -43184877040.242836
1336890125127.6743 -577605722108.3793 -43184891286.1164
1336890289712.925 -577605279686.9374 -43184905531.98534
1336890454298.0322 -577604837265.4335 -43184919777.84964
1336890618882.996 -577604394843.8677 -43184934023.70931
1336890783467.8167 -577603952422.24 -43184948269.564354
1336890948052.494 -577603510000.5503 -43184962515.414764
1336891112637.0278 -577603067578.7987 -43184976761.260544
1336891277221.4182 -577602625156.9851 -43184991007.10169
1336891441805.6653 -577602182735.1096 -43185005252.93821
1336891606389.769 -577601740313.1722 -43185019498.770096
1336891770973.7295 -577601297891.1729 -43185033744.59735
1336891935557.5466 -577600855469.1116 -43185047990.41998
1336892100141.2202 -577600413046.9883 -43185062236.23798
1336892264724.7505 -577599970624.8031 -43185076482.05135
1336892429308.1375 -577599528202.5559 -43185090727.86009
1336892593891.381 -577599085780.2468 -43185104973.6642
1336892758474.4814 -577598643357.8759 -43185119219.46368
1336892923057.4382 -577598200935.4429 -43185133465.25852
1336893087640.2517 -577597758512.948 -43185147711.04874
1336893252222.9219 -577597316090.3911 -43185161956.83432
1336893416805.4487 -577596873667.7723 -43185176202.61527
1336893581387.8323 -577596431245.0917 -43185190448.391594
1336893745970.0723 -577595988822.349 -43185204694.163284
1336893910552.169 -577595546399.5444 -43185218939.93034
1336894075134.1223 -577595103976.6779 -43185233185.69277
1336894239715.9324 -577594661553.7494 -43185247431.45057
1336894404297.599 -577594219130.759 -43185261677.203735
1336894568879.1223 -577593776707.7067 -43185275922.95227
1336894733460.5022 -577593334284.5924 -43185290168.696175
1336894898041.7388 -577592891861.4161 -43185304414.43545
1336895062622.832 -577592449438.178 -43185318660.1701
1336895227203.7817 -577592007014.8779 -43185332905.900116
1336895391784.5881 -577591564591.5159 -43185347151.6255
1336895556365.2512 -577591122168.0919 -43185361397.34626
1336895720945.771 -577590679744.6061 -43185375643.062386
1336895885526.1475 -577590237321.0582 -43185389888.77388
1336896050106.3804 -577589794897.4485 -43185404134.48074
1336896214686.47 -577589352473.7767 -43185418380.182976
1336896379266.4163 -577588910050.0431 -43185432625.88058
1336896543846.2192 -577588467626.2476 -43185446871.57355
1336896708425.879 -577588025202.39 -43185461117.26189
1336896873005.395 -577587582778.4706 -43185475362.945595
1336897037584.7678 -577587140354.4891 -43185489608.62467
1336897202163.9973 -577586697930.4458 -43185503854.29912
1336897366743.0835 -577586255506.3406 -43185518099.96893
1336897531322.0264 -577585813082.1733 -43185532345.63412
1336897695900.8257 -577585370657.9442 -43185546591.29467
1336897860479.4817 -577584928233.6531 -43185560836.95059
1336898025057.9944 -577584485809.3 -43185575082.60188
1336898189636.3638 -577584043384.8851 -43185589328.24854
1336898354214.5896 -577583600960.4082 -43185603573.89058
1336898518792.672 -577583158535.8694 -43185617819.527985
1336898683370.6113 -577582716111.2686 -43185632065.16076
1336898847948.4072 -577582273686.6058 -43185646310.7889
1336899012526.0598 -577581831261.8812 -43185660556.412415
1336899177103.5688 -577581388837.0946 -43185674802.031296
1336899341680.9346 -577580946412.2461 -43185689047.645546
1336899506258.157 -577580503987.3357 -43185703293.255165
1336899670835.236 -577580061562.3633 -43185717538.86015
1336899835412.1719 -577579619137.329 -43185731784.46051
1336899999988.964 -577579176712.2327 -43185746030.05624
1336900164565.613 -577578734287.0745 -43185760275.64733
1336900329142.1187 -577578291861.8544 -43185774521.233795
1336900493718.481 -577577849436.5723 -43185788766.81563
1336900658294.7 -577577407011.2283 -43185803012.39283
1336900822870.7754 -577576964585.8223 -43185817257.9654
1336900987446.7075 -577576522160.3544 -43185831503.53334
1336901152022.4963 -577576079734.8246 -43185845749.09665
1336901316598.1418 -577575637309.2328 -43185859994.65533
1336901481173.6438 -577575194883.5791 -43185874240.20937
1336901645749.0024 -577574752457.8634 -43185888485.75879
1336901810324.2178 -577574310032.0858 -43185902731.30357
1336901974899.2898 -577573867606.2463 -43185916976.843735
1336902139474.2185 -577573425180.3448 -43185931222.379265
1336902304049.0037 -577572982754.3815 -43185945467.910164
1336902468623.6455 -577572540328.3562 -43185959713.43643
1336902633198.144 -577572097902.2689 -43185973958.95807
1336902797772.4993 -577571655476.1198 -43185988204.475075
1336902962346.7112 -577571213049.9086 -43186002449.98745
1336903126920.7795 -577570770623.6355 -43186016695.49519
1336903291494.7046 -577570328197.3005 -43186030940.99831
1336903456068.4863 -577569885770.9036 -43186045186.49679
1336903620642.1248 -577569443344.4447 -43186059431.99064
1336903785215.6196 -577569000917.924 -43186073677.47986
1336903949788.9712 -577568558491.3412 -43186087922.96445
1336904114362.1794 -577568116064.6965 -43186102168.444405
1336904278935.2444 -577567673637.9899 -43186116413.91973
1336904443508.166 -577567231211.2213 -43186130659.39043
1336904608080.944 -577566788784.3909 -43186144904.85649
1336904772653.5789 -577566346357.4984 -43186159150.317924
1336904937226.0703 -577565903930.5441 -43186173395.77473
1336905101798.4185 -577565461503.5278 -43186187641.2269
1336905266370.6233 -577565019076.4496 -43186201886.67444
1336905430942.6846 -577564576649.3094 -43186216132.11735
1336905595514.6025 -577564134222.1073 -43186230377.555626
1336905760086.3772 -577563691794.8433 -43186244622.98927
1336905924658.0085 -577563249367.5173 -43186258868.41829
1336906089229.4963 -577562806940.1294 -43186273113.84268
1336906253800.8408 -577562364512.6796 -43186287359.26244
1336906418372.042 -577561922085.1678 -43186301604.677574
1336906582943.0999 -577561479657.5941 -43186315850.08807
1336906747514.0144 -577561037229.9585 -43186330095.49394
1336906912084.7854 -577560594802.2609 -43186344340.89518
1336907076655.413 -577560152374.5013 -43186358586.29179
1336907241225.8975 -577559709946.6799 -43186372831.68376
1336907405796.2385 -577559267518.7965 -43186387077.071106
1336907570366.436 -577558825090.8512 -43186401322.45382
1336907734936.4902 -577558382662.844 -43186415567.8319
1336907899506.4011 -577557940234.7748 -43186429813.20535
1336908064076.1687 -577557497806.6437 -43186444058.57417
1336908228645.793 -577557055378.4506 -43186458303.93836
1336908393215.2737 -577556612950.1956 -43186472549.29792
1336908557784.611 -577556170521.8787 -43186486794.65285
1336908722353.8052 -577555728093.4998 -43186501040.00314
1336908886922.856 -577555285665.059 -43186515285.34881
1336909051491.7634 -577554843236.5563 -43186529530.68984
1336909216060.5273 -577554400807.9916 -43186543776.026245
1336909380629.148 -577553958379.365 -43186558021.35802
1336909545197.6252 -577553515950.6765 -43186572266.68516
1336909709765.9592 -577553073521.926 -43186586512.00767
1336909874334.1497 -577552631093.1136 -43186600757.32555
1336910038902.1968 -577552188664.2393 -43186615002.638794
1336910203470.1006 -577551746235.303 -43186629247.94741
1336910368037.861 -577551303806.3048 -43186643493.251396
1336910532605.4783 -577550861377.2446 -43186657738.55075
1336910697172.952 -577550418948.1226 -43186671983.845474
1336910861740.2822 -577549976518.9386 -43186686229.13557
1336911026307.4692 -577549534089.6926 -43186700474.421036
1336911190874.513 -577549091660.3848 -43186714719.70187
1336911355441.413 -577548649231.015 -43186728964.97808
1336911520008.17 -577548206801.5833 -43186743210.24966
1336911684574.7834 -577547764372.0896 -43186757455.5166
1336911849141.2537 -577547321942.5339 -43186771700.778915
1336912013707.5806 -577546879512.9164 -43186785946.0366
1336912178273.764 -577546437083.2369 -43186800191.28965
1336912342839.804 -577545994653.4955 -43186814436.53807
1336912507405.7007 -577545552223.6921 -43186828681.78186
1336912671971.454 -577545109793.8269 -43186842927.02102
1336912836537.064 -577544667363.8997 -43186857172.25555
1336913001102.5305 -577544224933.9105 -43186871417.48544
1336913165667.8538 -577543782503.8595 -43186885662.71071
1336913330233.0337 -577543340073.7465 -43186899907.93134
1336913494798.0703 -577542897643.5715 -43186914153.14735
1336913659362.9634 -577542455213.3347 -43186928398.35872
1336913823927.7131 -577542012783.0359 -43186942643.56546
1336913988492.3196 -577541570352.6752 -43186956888.76757
1336914153056.7827 -577541127922.2524 -43186971133.96505
1336914317621.1025 -577540685491.7678 -43186985379.1579
1336914482185.2788 -577540243061.2213 -43186999624.346115
1336914646749.3118 -577539800630.6128 -43187013869.5297
1336914811313.2014 -577539358199.9424 -43187028114.70866
1336914975876.9478 -577538915769.2101 -43187042359.88298
1336915140440.5505 -577538473338.4158 -43187056605.05267
1336915305004.01 -577538030907.5596 -43187070850.217735
1336915469567.3262 -577537588476.6415 -43187085095.37817
1336915634130.499 -577537146045.6614 -43187099340.533966
1336915798693.5286 -577536703614.6194 -43187113585.685135
1336915963256.4146 -577536261183.5155 -43187127830.83167
1336916127819.1572 -577535818752.3496 -43187142075.97358
1336916292381.7566 -577535376321.1218 -43187156321.110855
1336916456944.2126 -577534933889.8322 -43187170566.2435
1336916621506.5251 -577534491458.4805 -43187184811.37151
1336916786068.6943 -577534049027.0669 -43187199056.494896
1336916950630.7202 -577533606595.5913 -43187213301.61365
1336917115192.6028 -577533164164.0538 -43187227546.72777
1336917279754.342 -577532721732.4545 -43187241791.83726
1336917444315.9377 -577532279300.7931 -43187256036.942116
1336917608877.3901 -577531836869.0698 -43187270282.04235
1336917773438.6992 -577531394437.2847 -43187284527.137955
1336917937999.865 -577530952005.4375 -43187298772.22893
1336918102560.8872 -577530509573.5284 -43187313017.31527
1336918267121.766 -577530067141.5575 -43187327262.39698
1336918431682.5017 -577529624709.5245 -43187341507.47406
1336918596243.094 -577529182277.4297 -43187355752.54651
1336918760803.543 -577528739845.273 -43187369997.61433
1336918925363.8484 -577528297413.0542 -43187384242.67751
1336919089924.0105 -577527854980.7736 -43187398487.73607
1336919254484.0293 -577527412548.431 -43187412732.78999
1336919419043.9048 -577526970116.0265 -43187426977.83929
1336919583603.6367 -577526527683.56 -43187441222.88395
1336919748163.2253 -577526085251.0317 -43187455467.92398
1336919912722.6707 -577525642818.4414 -43187469712.95938
1336920077281.9727 -577525200385.7892 -43187483957.99015
1336920241841.131 -577524757953.0751 -43187498203.01629
1336920406400.1462 -577524315520.299 -43187512448.037796
1336920570959.018 -577523873087.4609 -43187526693.05467
1336920735517.7466 -577523430654.561 -43187540938.06692
1336920900076.3318 -577522988221.5991 -43187555183.07453
1336921064634.7734 -577522545788.5753 -43187569428.077515
1336921229193.0718 -577522103355.4896 -43187583673.07587
1336921393751.2268 -577521660922.3419 -43187597918.06959
1336921558309.2385 -577521218489.1323 -43187612163.05868
1336921722867.1067 -577520776055.8608 -43187626408.04314
1336921887424.8315 -577520333622.5273 -43187640653.022964
1336922051982.413 -577519891189.132 -43187654897.99816
1336922216539.8513 -577519448755.6747 -43187669142.96873
1336922381097.1462 -577519006322.1554 -43187683387.93466
1336922545654.2976 -577518563888.5742 -43187697632.895966
1336922710211.3057 -577518121454.931 -43187711877.85264
1336922874768.1704 -577517679021.226 -43187726122.80468
1336923039324.8918 -577517236587.459 -43187740367.75209
1336923203881.4697 -577516794153.63 -43187754612.69487
1336923368437.9043 -577516351719.7391 -43187768857.63302
1336923532994.1956 -577515909285.7864 -43187783102.566536
1336923697550.3435 -577515466851.7716 -43187797347.49542
1336923862106.3481 -577515024417.695 -43187811592.41968
1336924026662.2092 -577514581983.5564 -43187825837.3393
1336924191217.927 -577514139549.3558 -43187840082.254295
1336924355773.5015 -577513697115.0934 -43187854327.16466
1336924520328.9326 -577513254680.769 -43187868572.07039
1336924684884.2202 -577512812246.3827 -43187882816.97149
1336924849439.3645 -577512369811.9344 -43187897061.86796
1336925013994.3655 -577511927377.4243 -43187911306.759796
1336925178549.2231 -577511484942.8522 -43187925551.647
1336925343103.9373 -577511042508.2181 -43187939796.52958
1336925507658.508 -577510600073.5222 -43187954041.407524
1336925672212.9355 -577510157638.7644 -43187968286.28084
1336925836767.2197 -577509715203.9446 -43187982531.14952
1336926001321.3606 -577509272769.0629 -43187996776.01357
1336926165875.358 -577508830334.1193 -43188011020.87299
1336926330429.212 -577508387899.1136 -43188025265.72778
1336926494982.9226 -577507945464.0461 -43188039510.57794
1336926659536.49 -577507503028.9167 -43188053755.42347
1336926824089.9138 -577507060593.7253 -43188068000.264366
1336926988643.1943 -577506618158.472 -43188082245.10063
1336927153196.3315 -577506175723.1569 -43188096489.93227
1336927317749.3254 -577505733287.7797 -43188110734.75927
1336927482302.176 -577505290852.3406 -43188124979.58164
1336927646854.883 -577504848416.8396 -43188139224.39938
1336927811407.4468 -577504405981.2766 -43188153469.212494
1336927975959.8672 -577503963545.6517 -43188167714.02097
1336928140512.1443 -577503521109.965 -43188181958.82482
1336928305064.2778 -577503078674.2162 -43188196203.62404
1336928469616.268 -577502636238.4055 -43188210448.418625
1336928634168.115 -577502193802.533 -43188224693.20858
1336928798719.8186 -577501751366.5984 -43188238937.993904
1336928963271.3787 -577501308930.6019 -43188253182.7746
1336929127822.7954 -577500866494.5436 -43188267427.55066
1336929292374.0688 -577500424058.4232 -43188281672.32209
1336929456925.199 -577499981622.241 -43188295917.08889
1336929621476.1858 -577499539185.9968 -43188310161.85106
1336929786027.029 -577499096749.6907 -43188324406.6086
1336929950577.729 -577498654313.3226 -43188338651.3615
1336930115128.2856 -577498211876.8927 -43188352896.10978
1336930279678.699 -577497769440.4008 -43188367140.853424
1336930444228.9688 -577497327003.8469 -43188381385.59244
1336930608779.0952 -577496884567.2312 -43188395630.32682
1336930773329.0784 -577496442130.5535 -43188409875.05657
1336930937878.9182 -577495999693.8138 -43188424119.78169
1336931102428.6145 -577495557257.0123 -43188438364.50218
1336931266978.1675 -577495114820.1489 -43188452609.21804
1336931431527.5771 -577494672383.2235 -43188466853.92927
1336931596076.8435 -577494229946.2362 -43188481098.635864
1336931760625.9666 -577493787509.187 -43188495343.33783
1336931925174.946 -577493345072.0758 -43188509588.035164
1336932089723.7822 -577492902634.9027 -43188523832.72787
1336932254272.475 -577492460197.6677 -43188538077.41594
1336932418821.0247 -577492017760.3707 -43188552322.09938
1336932583369.4307 -577491575323.0118 -43188566566.77819
1336932747917.6934 -577491132885.5911 -43188580811.45237
1336932912465.8127 -577490690448.1083 -43188595056.12192
1336933077013.7888 -577490248010.5636 -43188609300.786835
1336933241561.6213 -577489805572.957 -43188623545.44712
1336933406109.3105 -577489363135.2885 -43188637790.102776
1336933570656.8564 -577488920697.558 -43188652034.7538
1336933735204.259 -577488478259.7656 -43188666279.40019
1336933899751.518 -577488035821.9113 -43188680524.041954
1336934064298.6338 -577487593383.995 -43188694768.679085
1336934228845.6062 -577487150946.0168 -43188709013.311584
1336934393392.4353 -577486708507.9768 -43188723257.93945
1336934557939.121 -577486266069.8748 -43188737502.56269
1336934722485.6633 -577485823631.7108 -43188751747.1813
1336934887032.0623 -577485381193.485 -43188765991.79527
1336935051578.3179 -577484938755.1971 -43188780236.40462
1336935216124.4302 -577484496316.8474 -43188794481.00933
1336935380670.399 -577484053878.4358 -43188808725.60941
1336935545216.2244 -577483611439.9622 -43188822970.204865
1336935709761.9065 -577483169001.4266 -43188837214.795685
1336935874307.4453 -577482726562.8292 -43188851459.381874
1336936038852.8406 -577482284124.1698 -43188865703.96343
1336936203398.0925 -577481841685.4485 -43188879948.54036
1336936367943.2012 -577481399246.6653 -43188894193.112656
1336936532488.1665 -577480956807.8202 -43188908437.68032
1336936697032.9885 -577480514368.9131 -43188922682.243355
1336936861577.667 -577480071929.9441 -43188936926.80176
1336937026122.2021 -577479629490.9132 -43188951171.35553
1336937190666.594 -577479187051.8203 -43188965415.90467
1336937355210.8425 -577478744612.6655 -43188979660.44918
1336937519754.9475 -577478302173.4489 -43188993904.98906
1336937684298.9092 -577477859734.1702 -43189008149.52431
1336937848842.7275 -577477417294.8296 -43189022394.054924
1336938013386.4026 -577476974855.4271 -43189036638.58091
1336938177929.934 -577476532415.9628 -43189050883.102264
1336938342473.3223 -577476089976.4364 -43189065127.61899
1336938507016.5671 -577475647536.8481 -43189079372.13108
1336938671559.6687 -577475205097.198 -43189093616.63854
1336938836102.6267 -577474762657.4858 -43189107861.14137
1336939000645.4414 -577474320217.7118 -43189122105.63957
1336939165188.1128 -577473877777.8759 -43189136350.13314
1336939329730.6409 -577473435337.9779 -43189150594.62208
1336939494273.0256 -577472992898.0181 -43189164839.106384
1336939658815.2668 -577472550457.9963 -43189179083.58606
1336939823357.3647 -577472108017.9127 -43189193328.061104
1336939987899.3193 -577471665577.7671 -43189207572.53152
1336940152441.1306 -577471223137.5596 -43189221816.9973
1336940316982.7983 -577470780697.2902 -43189236061.45845
1336940481524.3228 -577470338256.9587 -43189250305.91497
1336940646065.7039 -577469895816.5654 -43189264550.36686
1336940810606.9417 -577469453376.1102 -43189278794.81412
1336940975148.036 -577469010935.593 -43189293039.256744
1336941139688.9868 -577468568495.0139 -43189307283.69474
1336941304229.7944 -577468126054.3729 -43189321528.128105
1336941468770.4587 -577467683613.67 -43189335772.55684
1336941633310.9795 -577467241172.9052 -43189350016.98094
1336941797851.357 -577466798732.0784 -43189364261.40041
1336941962391.591 -577466356291.1897 -43189378505.815254
1336942126931.682 -577465913850.239 -43189392750.225464
1336942291471.6292 -577465471409.2264 -43189406994.63104
1336942456011.433 -577465028968.152 -43189421239.03199
1336942620551.0938 -577464586527.0156 -43189435483.42831
1336942785090.611 -577464144085.8173 -43189449727.81999
1336942949629.985 -577463701644.557 -43189463972.20705
1336943114169.2156 -577463259203.2349 -43189478216.58947
1336943278708.3027 -577462816761.8507 -43189492460.96726
1336943443247.2466 -577462374320.4047 -43189506705.34042
1336943607786.047 -577461931878.8967 -43189520949.708954
1336943772324.704 -577461489437.3268 -43189535194.07285
1336943936863.2178 -577461046995.695 -43189549438.43212
1336944101401.5881 -577460604554.0012 -43189563682.78676
1336944265939.8152 -577460162112.2456 -43189577927.136765
1336944430477.8987 -577459719670.428 -43189592171.48214
1336944595015.8389 -577459277228.5485 -43189606415.82288
1336944759553.6357 -577458834786.607 -43189620660.159
1336944924091.2893 -577458392344.6036 -43189634904.49048
1336945088628.7993 -577457949902.5383 -43189649148.81733
1336945253166.166 -577457507460.4111 -43189663393.13955
1336945417703.3894 -577457065018.222 -43189677637.45714
1336945582240.4695 -577456622575.971 -43189691881.770096
1336945746777.406 -577456180133.658 -43189706126.07842
1336945911314.1992 -577455737691.2831 -43189720370.38212
1336946075850.849 -577455295248.8462 -43189734614.68118
1336946240387.3557 -577454852806.3474 -43189748858.97562
1336946404923.7188 -577454410363.7867 -43189763103.26542
1336946569459.9385 -577453967921.1642 -43189777347.55059
1336946733996.015 -577453525478.4796 -43189791591.83113
1336946898531.948 -577453083035.7332 -43189805836.10704
1336947063067.7378 -577452640592.9248 -43189820080.37832
1336947227603.384 -577452198150.0544 -43189834324.644966
1336947392138.887 -577451755707.1222 -43189848568.906975
1336947556674.2466 -577451313264.128 -43189862813.16435
1336947721209.463 -577450870821.072 -43189877057.4171
1336947885744.5356 -577450428377.954 -43189891301.665215
1336948050279.465 -577449985934.774 -43189905545.9087
1336948214814.2512 -577449543491.5322 -43189919790.14755
1336948379348.894 -577449101048.2285 -43189934034.381775
1336948543883.3933 -577448658604.8628 -43189948278.61137
1336948708417.7493 -577448216161.4352 -43189962522.83633
1336948872951.962 -577447773717.9457 -43189976767.056656
1336949037486.0312 -577447331274.3942 -43189991011.272354
1336949202019.957 -577446888830.7808 -43190005255.48342
1336949366553.7395 -577446446387.1055 -43190019499.68986
1336949531087.3787 -577446003943.3683 -43190033743.89166
1336949695620.8745 -577445561499.5691 -43190047988.08884
1336949860154.2268 -577445119055.708 -43190062232.28138
1336950024687.4358 -577444676611.785 -43190076476.46929
1336950189220.5015 -577444234167.8 -43190090720.65257
1336950353753.4238 -577443791723.7532 -43190104964.83122
1336950518286.2026 -577443349279.6444 -43190119209.00524
1336950682818.8381 -577442906835.4738 -43190133453.17463
1336950847351.3303 -577442464391.2411 -43190147697.339386
1336951011883.6792 -577442021946.9465 -43190161941.49951
1336951176415.8845 -577441579502.5901 -43190176185.65501
1336951340947.9465 -577441137058.1718 -43190190429.80587
1336951505479.8652 -577440694613.6914 -43190204673.9521
1336951670011.6406 -577440252169.1492 -43190218918.093704
1336951834543.2725 -577439809724.545 -43190233162.230675
1336951999074.761 -577439367279.8789 -43190247406.363014
1336952163606.1062 -577438924835.1509 -43190261650.49072
1336952328137.308 -577438482390.361 -43190275894.6138
1336952492668.3667 -577438039945.5092 -43190290138.73225
1336952657199.2817 -577437597500.5953 -43190304382.84606
1336952821730.0535 -577437155055.6196 -43190318626.955246
1336952986260.682 -577436712610.582 -43190332871.0598
1336953150791.167 -577436270165.4825 -43190347115.15972
1336953315321.5085 -577435827720.321 -43190361359.25501
1336953479851.7068 -577435385275.0977 -43190375603.34567
1336953644381.7617 -577434942829.8124 -43190389847.4317
1336953808911.6733 -577434500384.4651 -43190404091.51309
1336953973441.4414 -577434057939.0559 -43190418335.58985
1336954137971.0662 -577433615493.5848 -43190432579.66198
1336954302500.5476 -577433173048.0519 -43190446823.72948
1336954467029.8857 -577432730602.4569 -43190461067.79234
1336954631559.0803 -577432288156.8 -43190475311.85058
1336954796088.1316 -577431845711.0813 -43190489555.90418
1336954960617.0396 -577431403265.3007 -43190503799.953156
1336955125145.8042 -577430960819.458 -43190518043.9975
1336955289674.4253 -577430518373.5535 -43190532288.03721
1336955454202.903 -577430075927.587 -43190546532.07229
1336955618731.2375 -577429633481.5587 -43190560776.10274
1336955783259.4287 -577429191035.4684 -43190575020.128555
1336955947787.4763 -577428748589.3162 -43190589264.14974
1336956112315.3806 -577428306143.102 -43190603508.1663
1336956276843.1416 -577427863696.826 -43190617752.17822
1336956441370.7593 -577427421250.488 -43190631996.18552
1336956605898.2334 -577426978804.0881 -43190646240.18818
1336956770425.5642 -577426536357.6263 -43190660484.18621
1336956934952.7517 -577426093911.1025 -43190674728.17961
1336957099479.796 -577425651464.5168 -43190688972.16838
1336957264006.6965 -577425209017.8693 -43190703216.15252
1336957428533.4539 -577424766571.1598 -43190717460.13203
1336957593060.0679 -577424324124.3883 -43190731704.1069
1336957757586.5386 -577423881677.5549 -43190745948.07715
1336957922112.8657 -577423439230.6597 -43190760192.04276
1336958086639.0496 -577422996783.7025 -43190774436.003746
1336958251165.09 -577422554336.6833 -43190788679.9601
1336958415690.9873 -577422111889.6023 -43190802923.91182
1336958580216.741 -577421669442.4594 -43190817167.85891
1336958744742.3513 -577421226995.2545 -43190831411.80136
1336958909267.8184 -577420784547.9877 -43190845655.73918
1336959073793.142 -577420342100.6589 -43190859899.67237
1336959238318.3223 -577419899653.2683 -43190874143.60093
1336959402843.3591 -577419457205.8158 -43190888387.52486
1336959567368.2527 -577419014758.3013 -43190902631.44415
1336959731893.003 -577418572310.7249 -43190916875.35882
1336959896417.6096 -577418129863.0865 -43190931119.26885
1336960060942.073 -577417687415.3864 -43190945363.174255
1336960225466.393 -577417244967.6241 -43190959607.07503
1336960389990.5698 -577416802519.8 -43190973850.97117
1336960554514.603 -577416360071.9141 -43190988094.86268
1336960719038.493 -577415917623.9662 -43191002338.74956
1336960883562.2395 -577415475175.9563 -43191016582.631805
1336961048085.8428 -577415032727.8845 -43191030826.50942
1336961212609.3025 -577414590279.7509 -43191045070.38241
1336961377132.619 -577414147831.5553 -43191059314.25076
1336961541655.792 -577413705383.2977 -43191073558.11449
1336961706178.8218 -577413262934.9783 -43191087801.97358
1336961870701.708 -577412820486.5969 -43191102045.82804
1336962035224.451 -577412378038.1537 -43191116289.67787
1336962199747.0505 -577411935589.6484 -43191130533.52307
1336962364269.5068 -577411493141.0813 -43191144777.36364
1336962528791.8196 -577411050692.4523 -43191159021.19958
1336962693313.989 -577410608243.7614 -43191173265.03088
1336962857836.0151 -577410165795.0084 -43191187508.85755
1336963022357.898 -577409723346.1936 -43191201752.67959
1336963186879.6372 -577409280897.3169 -43191215996.496994
1336963351401.2332 -577408838448.3783 -43191230240.30977
1336963515922.6858 -577408395999.3777 -43191244484.11791
1336963680443.995 -577407953550.3152 -43191258727.921425
1336963844965.161 -577407511101.1908 -43191272971.72031
1336964009486.1833 -577407068652.0045 -43191287215.51456
1336964174007.0625 -577406626202.7562 -43191301459.30418
1336964338527.7983 -577406183753.446 -43191315703.089165
1336964503048.3906 -577405741304.074 -43191329946.86952
1336964667568.8396 -577405298854.64 -43191344190.64525
1336964832089.1453 -577404856405.144 -43191358434.41634
1336964996609.3076 -577404413955.5862 -43191372678.18281
1336965161129.3264 -577403971505.9664 -43191386921.94464
1336965325649.202 -577403529056.2848 -43191401165.70184
1336965490168.934 -577403086606.5411 -43191415409.454414
1336965654688.523 -577402644156.7356 -43191429653.202354
1336965819207.9683 -577402201706.8682 -43191443896.94566
1336965983727.2703 -577401759256.9388 -43191458140.68434
1336966148246.429 -577401316806.9475 -43191472384.41839
1336966312765.4443 -577400874356.8943 -43191486628.147804
1336966477284.3162 -577400431906.7792 -43191500871.87258
1336966641803.0447 -577399989456.6022 -43191515115.59273
1336966806321.63 -577399547006.3633 -43191529359.30824
1336966970840.0718 -577399104556.0624 -43191543603.01913
1336967135358.37 -577398662105.6996 -43191557846.72538
1336967299876.5251 -577398219655.2749 -43191572090.427
1336967464394.5369 -577397777204.7883 -43191586334.12399
1336967628912.4053 -577397334754.2397 -43191600577.81635
1336967793430.1301 -577396892303.6293 -43191614821.50408
1336967957947.7117 -577396449852.9569 -43191629065.18718
1336968122465.15 -577396007402.2227 -43191643308.86565
1336968286982.4448 -577395564951.4264 -43191657552.53948
1336968451499.5962 -577395122500.5682 -43191671796.20869
1336968616016.6042 -577394680049.6482 -43191686039.87326
1336968780533.469 -577394237598.6663 -43191700283.5332
1336968945050.1904 -577393795147.6223 -43191714527.188515
1336969109566.7683 -577393352696.5165 -43191728770.839195
1336969274083.203 -577392910245.3488 -43191743014.485245
1336969438599.4941 -577392467794.1191 -43191757258.12666
1336969603115.642 -577392025342.8276 -43191771501.76345
1336969767631.6465 -577391582891.4741 -43191785745.3956
1336969932147.5076 -577391140440.0587 -43191799989.02312
1336970096663.2253 -577390697988.5814 -43191814232.646
1336970261178.7998 -577390255537.0422 -43191828476.26426
1336970425694.2307 -577389813085.441 -43191842719.877884
1336970590209.5183 -577389370633.778 -43191856963.48688
1336970754724.6626 -577388928182.053 -43191871207.09124
1336970919239.6633 -577388485730.2661 -43191885450.69097
1336971083754.5208 -577388043278.4172 -43191899694.28607
1336971248269.2349 -577387600826.5065 -43191913937.87654
1336971412783.8057 -577387158374.5338 -43191928181.46238
1336971577298.233 -577386715922.4993 -43191942425.04359
1336971741812.5168 -577386273470.4028 -43191956668.62016
1336971906326.6575 -577385831018.2444 -43191970912.19211
1336972070840.6548 -577385388566.024 -43191985155.75942
1336972235354.5085 -577384946113.7418 -43191999399.322105
1336972399868.219 -577384503661.3977 -43192013642.88016
1336972564381.7861 -577384061208.9916 -43192027886.43358
1336972728895.21 -577383618756.5236 -43192042129.98237
1336972893408.4902 -577383176303.9937 -43192056373.52652
1336973057921.6272 -577382733851.4019 -43192070617.06604
1336973222434.6208 -577382291398.7482 -43192084860.60093
1336973386947.4712 -577381848946.0325 -43192099104.13119
1336973551460.178 -577381406493.2549 -43192113347.656815
1336973715972.7415 -577380964040.4154 -43192127591.17781
1336973880485.1616 -577380521587.514 -43192141834.694176
1336974044997.4385 -577380079134.5507 -43192156078.20591
1336974209509.5718 -577379636681.5254 -43192170321.71301
1336974374021.5618 -577379194228.4382 -43192184565.215485
1336974538533.4084 -577378751775.2892 -43192198808.713326
1336974703045.1118 -577378309322.0782 -43192213052.206535
1336974867556.6716 -577377866868.8053 -43192227295.695114
1336975032068.0881 -577377424415.4705 -43192241539.17906
1336975196579.3613 -577376981962.0737 -43192255782.65838
1336975361090.4912 -577376539508.6151 -43192270026.133064
1336975525601.4775 -577376097055.0945 -43192284269.60312
1336975690112.3206 -577375654601.512 -43192298513.068535
1336975854623.0203 -577375212147.8676 -43192312756.52932
1336976019133.5767 -577374769694.1613 -43192326999.98547
1336976183643.9895 -577374327240.3931 -43192341243.437
1336976348154.259 -577373884786.5629 -43192355486.88389
1336976512664.3853 -577373442332.6708 -43192369730.32615
1336976677174.368 -577372999878.7168 -43192383973.76378
1336976841684.2073 -577372557424.7009 -43192398217.19678
1336977006193.9033 -577372114970.623 -43192412460.625145
1336977170703.456 -577371672516.4833 -43192426704.04888
1336977335212.8652 -577371230062.2816 -43192440947.46799
1336977499722.131 -577370787608.0181 -43192455190.88246
1336977664231.2537 -577370345153.6926 -43192469434.292305
1336977828740.233 -577369902699.3052 -43192483677.69752
1336977993249.0686 -577369460244.8558 -43192497921.0981
1336978157757.761 -577369017790.3446 -43192512164.49405
1336978322266.31 -577368575335.7715 -43192526407.88536
1336978486774.7158 -577368132881.1365 -43192540651.27204
1336978651282.978 -577367690426.4395 -43192554894.65409
1336978815791.097 -577367247971.6805 -43192569138.03151
1336978980299.0725 -577366805516.8597 -43192583381.4043
1336979144806.9048 -577366363061.977 -43192597624.77245
1336979309314.5935 -577365920607.0323 -43192611868.13598
1336979473822.139 -577365478152.0258 -43192626111.49487
1336979638329.541 -577365035696.9573 -43192640354.84914
1336979802836.7998 -577364593241.8269 -43192654598.19877
1336979967343.915 -577364150786.6346 -43192668841.54377
1336980131850.887 -577363708331.3804 -43192683084.88414
1336980296357.7156 -577363265876.0642 -43192697328.21988
1336980460864.4006 -577362823420.6862 -43192711571.55099
1336980625370.9424 -577362380965.2462 -43192725814.877464
1336980789877.3408 -577361938509.7444 -43192740058.1993
1336980954383.596 -577361496054.1805 -43192754301.51651
1336981118889.7075 -577361053598.5548 -43192768544.82909
1336981283395.6758 -577360611142.8672 -43192782788.13703
1336981447901.5007 -577360168687.1177 -43192797031.440346
1336981612407.1824 -577359726231.3063 -43192811274.73903
1336981776912.7205 -577359283775.4329 -43192825518.03308
1336981941418.1152 -577358841319.4976 -43192839761.3225
1336982105923.3667 -577358398863.5004 -43192854004.60729
1336982270428.4749 -577357956407.4413 -43192868247.88745
1336982434933.4395 -577357513951.3203 -43192882491.16298
1336982599438.2607 -577357071495.1373 -43192896734.433876
1336982763942.9387 -577356629038.8925 -43192910977.70014
1336982928447.4734 -577356186582.5857 -43192925220.96178
1336983092951.8645 -577355744126.217 -43192939464.21878
1336983257456.1123 -577355301669.7865 -43192953707.471146
1336983421960.2168 -577354859213.294 -43192967950.71888
1336983586464.178 -577354416756.7395 -43192982193.96198
1336983750967.9956 -577353974300.1232 -43192996437.200455
1336983915471.67 -577353531843.445 -43193010680.434296
1336984079975.201 -577353089386.7048 -43193024923.663506
1336984244478.5884 -577352646929.9027 -43193039166.888084
1336984408981.8325 -577352204473.0387 -43193053410.10803
1336984573484.9333 -577351762016.1128 -43193067653.32335
1336984737987.8909 -577351319559.125 -43193081896.534035
1336984902490.7048 -577350877102.0753 -43193096139.74009
1336985066993.3755 -577350434644.9636 -43193110382.94151
1336985231495.9028 -577349992187.79 -43193124626.138306
1336985395998.2869 -577349549730.5546 -43193138869.33046
1336985560500.5273 -577349107273.2572 -43193153112.51798
1336985725002.6245 -577348664815.898 -43193167355.700874
1336985889504.5784 -577348222358.4767 -43193181598.879135
1336986054006.389 -577347779900.9935 -43193195842.052765
1336986218508.056 -577347337443.4485 -43193210085.22176
1336986383009.5796 -577346894985.8416 -43193224328.38613
1336986547510.96 -577346452528.1727 -43193238571.54587
1336986712012.1968 -577346010070.4419 -43193252814.70097
1336986876513.2903 -577345567612.6492 -43193267057.85145
1336987041014.2405 -577345125154.7946 -43193281300.99729
1336987205515.0474 -577344682696.878 -43193295544.138504
1336987370015.7107 -577344240238.8997 -43193309787.275085
1336987534516.2307 -577343797780.8593 -43193324030.407036
1336987699016.6074 -577343355322.757 -43193338273.53435
1336987863516.8408 -577342912864.5928 -43193352516.65703
1336988028016.9307 -577342470406.3667 -43193366759.77508
1336988192516.8772 -577342027948.0787 -43193381002.8885
1336988357016.6804 -577341585489.7288 -43193395245.997284
1336988521516.3403 -577341143031.3169 -43193409489.10144
1336988686015.8567 -577340700572.8431 -43193423732.200966
1336988850515.2297 -577340258114.3075 -43193437975.29586
1336989015014.4595 -577339815655.71 -43193452218.38612
1336989179513.5457 -577339373197.0504 -43193466461.471756
1336989344012.4885 -577338930738.329 -43193480704.55276
1336989508511.288 -577338488279.5457 -43193494947.62913
1336989673009.9443 -577338045820.7004 -43193509190.70086
1336989837508.457 -577337603361.7933 -43193523433.76796
1336990002006.8264 -577337160902.8243 -43193537676.83043
1336990166505.0525 -577336718443.7933 -43193551919.88827
1336990331003.1353 -577336275984.7004 -43193566162.941475
1336990495501.0745 -577335833525.5457 -43193580405.99005
1336990659998.8704 -577335391066.329 -43193594649.034
1336990824496.523 -577334948607.0504 -43193608892.07331
1336990988994.0322 -577334506147.7098 -43193623135.107994
1336991153491.398 -577334063688.3074 -43193637378.13805
1336991317988.6204 -577333621228.843 -43193651621.16347
1336991482485.6995 -577333178769.3168 -43193665864.18426
1336991646982.635 -577332736309.7286 -43193680107.20042
1336991811479.4272 -577332293850.0785 -43193694350.21194
1336991975976.0762 -577331851390.3665 -43193708593.21883
1336992140472.5818 -577331408930.5925 -43193722836.221085
1336992304968.9438 -577330966470.7567 -43193737079.21871
1336992469465.1626 -577330524010.859 -43193751322.21171
1336992633961.238 -577330081550.8994 -43193765565.20007
1336992798457.1702 -577329639090.8778 -43193779808.18381
1336992962952.9587 -577329196630.7943 -43193794051.16291
1336993127448.604 -577328754170.6489 -43193808294.13738
1336993291944.106 -577328311710.4417 -43193822537.10722
1336993456439.4646 -577327869250.1725 -43193836780.07243
1336993620934.6797 -577327426789.8414 -43193851023.033005
1336993785429.7515 -577326984329.4484 -43193865265.988945
1336993949924.68 -577326541868.9934 -43193879508.940254
1336994114419.4648 -577326099408.4766 -43193893751.88693
1336994278914.1064 -577325656947.8978 -43193907994.82898
1336994443408.6047 -577325214487.2572 -43193922237.766396
1336994607902.9597 -577324772026.5546 -43193936480.69918
1336994772397.1711 -577324329565.79 -43193950723.627335
1336994936891.2393 -577323887104.9636 -43193964966.55086
1336995101385.164 -577323444644.0753 -43193979209.46975
1336995265878.9456 -577323002183.1251 -43193993452.38401
1336995430372.5835 -577322559722.113 -43194007695.29364
1336995594866.0781 -577322117261.039 -43194021938.19863
1336995759359.4294 -577321674799.903 -43194036181.09899
1336995923852.6372 -577321232338.7051 -43194050423.99472
1336996088345.7017 -577320789877.4453 -43194064666.88582
1336996252838.6228 -577320347416.1237 -43194078909.772285
1336996417331.4006 -577319904954.7401 -43194093152.65412
1336996581824.035 -577319462493.2946 -43194107395.53133
1336996746316.526 -577319020031.7871 -43194121638.4039
1336996910808.8735 -577318577570.2178 -43194135881.27184
1336997075301.078 -577318135108.5865 -43194150124.135155
1336997239793.1387 -577317692646.8934 -43194164366.993835
1336997404285.0562 -577317250185.1383 -43194178609.84788
1336997568776.8303 -577316807723.3213 -43194192852.69729
1336997733268.461 -577316365261.4424 -43194207095.54207
1336997897759.9482 -577315922799.5016 -43194221338.38222
1336998062251.2922 -577315480337.4989 -43194235581.217735
1336998226742.493 -577315037875.4343 -43194249824.04862
1336998391233.55 -577314595413.3077 -43194264066.87488
1336998555724.4639 -577314152951.1193 -43194278309.6965
1336998720215.2344 -577313710488.8689 -43194292552.5135
1336998884705.8616 -577313268026.5566 -43194306795.32586
1336999049196.3452 -577312825564.1825 -43194321038.13359
1336999213686.6855 -577312383101.7465 -43194335280.93668
1336999378176.8826 -577311940639.2484 -43194349523.735146
1336999542666.936 -577311498176.6885 -43194363766.52898
1336999707156.8462 -577311055714.0667 -43194378009.31818
1336999871646.613 -577310613251.3829 -43194392252.102745
1337000036136.2366 -577310170788.6373 -43194406494.88268
1337000200625.7166 -577309728325.8298 -43194420737.65799
1337000365115.0532 -577309285862.9603 -43194434980.428665
1337000529604.2466 -577308843400.0289 -43194449223.19471
1337000694093.2966 -577308400937.0356 -43194463465.95612
1337000858582.2031 -577307958473.9805 -43194477708.712906
1337001023070.9663 -577307516010.8634 -43194491951.46505
1337001187559.5862 -577307073547.6844 -43194506194.21256
1337001352048.0625 -577306631084.4435 -43194520436.955444
1337001516536.3955 -577306188621.1406 -43194534679.693695
1337001681024.5852 -577305746157.7759 -43194548922.427315
1337001845512.6316 -577305303694.3492 -43194563165.1563
1337002010000.5344 -577304861230.8607 -43194577407.88066
1337002174488.294 -577304418767.3103 -43194591650.60039
1337002338975.9102 -577303976303.698 -43194605893.31548
1337002503463.383 -577303533840.0237 -43194620136.02595
1337002667950.7124 -577303091376.2875 -43194634378.73177
1337002832437.8984 -577302648912.4894 -43194648621.43297
1337002996924.9412 -577302206448.6294 -43194662864.12953
1337003161411.8403 -577301763984.7075 -43194677106.821465
1337003325898.5962 -577301321520.7238 -43194691349.508766
1337003490385.2087 -577300879056.678 -43194705592.19144
1337003654871.678 -577300436592.5703 -43194719834.86948
1337003819358.0037 -577299994128.4008 -43194734077.542885
1337003983844.186 -577299551664.1693 -43194748320.21166
1337004148330.225 -577299109199.876 -43194762562.87581
1337004312816.1206 -577298666735.5208 -43194776805.53532
1337004477301.8728 -577298224271.1035 -43194791048.19019
1337004641787.4817 -577297781806.6244 -43194805290.84044
1337004806272.9473 -577297339342.0834 -43194819533.48605
1337004970758.2693 -577296896877.4805 -43194833776.12704
1337005135243.448 -577296454412.8157 -43194848018.76339
1337005299728.4834 -577296011948.089 -43194862261.39511
1337005464213.3755 -577295569483.3004 -43194876504.0222
1337005628698.124 -577295127018.4498 -43194890746.64466
1337005793182.7292 -577294684553.5374 -43194904989.26249
1337005957667.1912 -577294242088.563 -43194919231.87568
1337006122151.5095 -577293799623.5267 -43194933474.48424
1337006286635.6846 -577293357158.4286 -43194947717.088165
1337006451119.7163 -577292914693.2686 -43194961959.68746
1337006615603.6047 -577292472228.0466 -43194976202.28213
1337006780087.3496 -577292029762.7627 -43194990444.87216
1337006944570.9512 -577291587297.4169 -43195004687.457565
1337007109054.4094 -577291144832.0092 -43195018930.03834
1337007273537.724 -577290702366.5396 -43195033172.61448
1337007438020.8955 -577290259901.008 -43195047415.18598
1337007602503.9236 -577289817435.4147 -43195061657.75285
1337007766986.8083 -577289374969.7593 -43195075900.315094
1337007931469.5496 -577288932504.042 -43195090142.8727
1337008095952.1475 -577288490038.2628 -43195104385.42568
1337008260434.602 -577288047572.4218 -43195118627.97403
1337008424916.9133 -577287605106.5188 -43195132870.517746
1337008589399.081 -577287162640.554 -43195147113.05683
1337008753881.1055 -577286720174.5272 -43195161355.591286
1337008918362.9866 -577286277708.4385 -43195175598.12111
1337009082844.724 -577285835242.2878 -43195189840.64629
1337009247326.3184 -577285392776.0753 -43195204083.16685
1337009411807.7693 -577284950309.8009 -43195218325.68277
1337009576289.077 -577284507843.4646 -43195232568.19406
1337009740770.241 -577284065377.0664 -43195246810.70072
1337009905251.2617 -577283622910.6063 -43195261053.20275
1337010069732.1392 -577283180444.0842 -43195275295.70015
1337010234212.873 -577282737977.5002 -43195289538.19292
1337010398693.4636 -577282295510.8544 -43195303780.68105
1337010563173.911 -577281853044.1466 -43195318023.16455
1337010727654.2148 -577281410577.377 -43195332265.64342
1337010892134.3752 -577280968110.5454 -43195346508.11765
1337011056614.3923 -577280525643.652 -43195360750.58726
1337011221094.266 -577280083176.6965 -43195374993.05223
1337011385573.9966 -577279640709.6792 -43195389235.51257
1337011550053.5835 -577279198242.6 -43195403477.968285
1337011714533.027 -577278755775.4589 -43195417720.419365
1337011879012.3274 -577278313308.2559 -43195431962.865814
1337012043491.4841 -577277870840.991 -43195446205.307625
1337012207970.4976 -577277428373.6642 -43195460447.744804
1337012372449.3677 -577276985906.2754 -43195474690.17735
1337012536928.0945 -577276543438.8247 -43195488932.60527
1337012701406.6777 -577276100971.3121 -43195503175.02856
1337012865885.1177 -577275658503.7377 -43195517417.44721
1337013030363.4143 -577275216036.1013 -43195531659.86124
1337013194841.5674 -577274773568.4031 -43195545902.27063
1337013359319.5771 -577274331100.643 -43195560144.67539
1337013523797.4436 -577273888632.8209 -43195574387.075516
1337013688275.1667 -577273446164.9369 -43195588629.47101
1337013852752.7463 -577273003696.991 -43195602871.86187
1337014017230.1826 -577272561228.9832 -43195617114.2481
1337014181707.4756 -577272118760.9135 -43195631356.6297
1337014346184.625 -577271676292.7819 -43195645599.00667
1337014510661.631 -577271233824.5884 -43195659841.379005
1337014675138.494 -577270791356.333 -43195674083.74671
1337014839615.2134 -577270348888.0156 -43195688326.10979
1337015004091.7893 -577269906419.6364 -43195702568.46822
1337015168568.222 -577269463951.1952 -43195716810.82203
1337015333044.5112 -577269021482.6921 -43195731053.1712
1337015497520.657 -577268579014.1272 -43195745295.51575
1337015661996.6594 -577268136545.5004 -43195759537.85566
1337015826472.5186 -577267694076.8116 -43195773780.19094
1337015990948.2344 -577267251608.061 -43195788022.52159
1337016155423.8066 -577266809139.2484 -43195802264.84761
1337016319899.2356 -577266366670.3739 -43195816507.16899
1337016484374.5212 -577265924201.4375 -43195830749.48574
1337016648849.6633 -577265481732.4392 -43195844991.79786
1337016813324.662 -577265039263.379 -43195859234.10535
1337016977799.5176 -577264596794.257 -43195873476.4082
1337017142274.2297 -577264154325.073 -43195887718.70643
1337017306748.7983 -577263711855.8271 -43195901961.00002
1337017471223.2236 -577263269386.5193 -43195916203.28899
1337017635697.5056 -577262826917.1495 -43195930445.57332
1337017800171.644 -577262384447.7179 -43195944687.85301
1337017964645.6392 -577261941978.2244 -43195958930.128075
1337018129119.491 -577261499508.669 -43195973172.398506
1337018293593.1995 -577261057039.0516 -43195987414.66431
1337018458066.7644 -577260614569.3724 -43196001656.925476
1337018622540.186 -577260172099.6313 -43196015899.182014
1337018787013.4644 -577259729629.8282 -43196030141.43392
1337018951486.599 -577259287159.9633 -43196044383.6812
1337019115959.5906 -577258844690.0364 -43196058625.923836
1337019280432.4387 -577258402220.0476 -43196072868.16184
1337019444905.1436 -577257959749.997 -43196087110.39522
1337019609377.7048 -577257517279.8844 -43196101352.62396
1337019773850.1228 -577257074809.71 -43196115594.848076
1337019938322.3975 -577256632339.4736 -43196129837.06756
1337020102794.5286 -577256189869.1753 -43196144079.28241
1337020267266.5164 -577255747398.8151 -43196158321.49263
1337020431738.3608 -577255304928.393 -43196172563.69821
1337020596210.062 -577254862457.9089 -43196186805.89916
1337020760681.6196 -577254419987.363 -43196201048.09548
1337020925153.034 -577253977516.7552 -43196215290.28717
1337021089624.305 -577253535046.0856 -43196229532.47423
1337021254095.4324 -577253092575.354 -43196243774.656654
1337021418566.4165 -577252650104.5604 -43196258016.83445
1337021583037.2573 -577252207633.705 -43196272259.007614
1337021747507.9548 -577251765162.7876 -43196286501.17614
1337021911978.5088 -577251322691.8083 -43196300743.340034
1337022076448.9194 -577250880220.7672 -43196314985.4993
1337022240919.1868 -577250437749.6642 -43196329227.65393
1337022405389.3105 -577249995278.4993 -43196343469.80393
1337022569859.291 -577249552807.2725 -43196357711.9493
1337022734329.1282 -577249110335.9838 -43196371954.09004
1337022898798.822 -577248667864.633 -43196386196.22615
1337023063268.3723 -577248225393.2205 -43196400438.35762
1337023227737.7793 -577247782921.746 -43196414680.48446
1337023392207.043 -577247340450.2096 -43196428922.60667
1337023556676.163 -577246897978.6113 -43196443164.72424
1337023721145.14 -577246455506.9512 -43196457406.83719
1337023885613.9734 -577246013035.2291 -43196471648.9455
1337024050082.6636 -577245570563.4452 -43196485891.04919
1337024214551.2102 -577245128091.5994 -43196500133.14824
1337024379019.6135 -577244685619.6915 -43196514375.24265
1337024543487.8735 -577244243147.7218 -43196528617.332436
1337024707955.99 -577243800675.6902 -43196542859.41759
1337024872423.9631 -577243358203.5967 -43196557101.49811
1337025036891.793 -577242915731.4413 -43196571343.574
1337025201359.4795 -577242473259.224 -43196585585.645256
1337025365827.0225 -577242030786.9448 -43196599827.71188
1337025530294.422 -577241588314.6038 -43196614069.77388
1337025694761.6785 -577241145842.2008 -43196628311.83124
1337025859228.7913 -577240703369.7358 -43196642553.883965
1337026023695.7607 -577240260897.209 -43196656795.93206
1337026188162.587 -577239818424.6202 -43196671037.975525
1337026352629.2698 -577239375951.9696 -43196685280.01436
1337026517095.809 -577238933479.2571 -43196699522.04856
1337026681562.205 -577238491006.4827 -43196713764.07813
1337026846028.4578 -577238048533.6464 -43196728006.103065
1337027010494.567 -577237606060.7482 -43196742248.12337
1337027174960.5327 -577237163587.7881 -43196756490.13904
1337027339426.3552 -577236721114.766 -43196770732.15008
1337027503892.0344 -577236278641.682 -43196784974.15649
1337027668357.57 -577235836168.5361 -43196799216.158264
1337027832822.9624 -577235393695.3284 -43196813458.15541
1337027997288.2114 -577234951222.0587 -43196827700.14793
1337028161753.317 -577234508748.7272 -43196841942.1358
1337028326218.279 -577234066275.3337 -43196856184.11905
1337028490683.098 -577233623801.8784 -43196870426.097664
1337028655147.7732 -577233181328.3612 -43196884668.07165
1337028819612.3052 -577232738854.7821 -43196898910.041
1337028984076.6938 -577232296381.141 -43196913152.00572
1337029148540.9392 -577231853907.438 -43196927393.96581
1337029313005.041 -577231411433.6731 -43196941635.921265
1337029477468.9995 -577230968959.8463 -43196955877.872086
1337029641932.8147 -577230526485.9576 -43196970119.818275
1337029806396.4863 -577230084012.0071 -43196984361.759834
1337029970860.0146 -577229641537.9946 -43196998603.69676
1337030135323.3997 -577229199063.9203 -43197012845.62906
1337030299786.6414 -577228756589.784 -43197027087.556725
1337030464249.7395 -577228314115.5859 -43197041329.47976
1337030628712.6943 -577227871641.3258 -43197055571.398155
1337030793175.5059 -577227429167.0038 -43197069813.31192
1337030957638.1738 -577226986692.6199 -43197084055.221054
1337031122100.6985 -577226544218.1741 -43197098297.12556
1337031286563.0798 -577226101743.6664 -43197112539.02543
1337031451025.3179 -577225659269.0968 -43197126780.92067
1337031615487.4124 -577225216794.4653 -43197141022.81128
1337031779949.3635 -577224774319.772 -43197155264.69725
1337031944411.1714 -577224331845.0167 -43197169506.57859
1337032108872.8357 -577223889370.1996 -43197183748.4553
1337032273334.3567 -577223446895.3204 -43197197990.32738
1337032437795.7344 -577223004420.3794 -43197212232.194824
1337032602256.9685 -577222561945.3765 -43197226474.05764
1337032766718.0593 -577222119470.3116 -43197240715.915825
1337032931179.0068 -577221676995.1849 -43197254957.76937
1337033095639.811 -577221234519.9963 -43197269199.618286
1337033260100.4717 -577220792044.7458 -43197283441.46257
1337033424560.989 -577220349569.4335 -43197297683.30222
1337033589021.363 -577219907094.0592 -43197311925.137245
1337033753481.5935 -577219464618.623 -43197326166.967636
1337033917941.6807 -577219022143.125 -43197340408.793396
1337034082401.6245 -577218579667.565 -43197354650.61452
1337034246861.425 -577218137191.943 -43197368892.43101
1337034411321.082 -577217694716.2592 -43197383134.24287
1337034575780.5957 -577217252240.5134 -43197397376.050095
1337034740239.966 -577216809764.7058 -43197411617.85269
1337034904699.1929 -577216367288.8363 -43197425859.65066
1337035069158.2764 -577215924812.9049 -43197440101.44399
1337035233617.2166 -577215482336.9116 -43197454343.23269
1337035398076.0132 -577215039860.8564 -43197468585.016754
1337035562534.6665 -577214597384.7394 -43197482826.79619
1337035726993.1765 -577214154908.5604 -43197497068.57099
1337035891451.5432 -577213712432.3196 -43197511310.34116
1337036055909.7664 -577213269956.0167 -43197525552.106705
1337036220367.8462 -577212827479.652 -43197539793.867615
1337036384825.7827 -577212385003.2253 -43197554035.623886
1337036549283.5757 -577211942526.7368 -43197568277.37553
1337036713741.2253 -577211500050.1864 -43197582519.122536
1337036878198.7317 -577211057573.5741 -43197596760.864914
1337037042656.0945 -577210615096.8999 -43197611002.60266
1337037207113.314 -577210172620.1638 -43197625244.33578
1337037371570.3901 -577209730143.3658 -43197639486.06426
1337037536027.323 -577209287666.506 -43197653727.78811
1337037700484.1123 -577208845189.5842 -43197667969.507324
1337037864940.7583 -577208402712.6006 -43197682211.22191
1337038029397.261 -577207960235.5549 -43197696452.93186
1337038193853.62 -577207517758.4474 -43197710694.637184
1337038358309.836 -577207075281.278 -43197724936.337875
1337038522765.9084 -577206632804.0466 -43197739178.033936
1337038687221.8376 -577206190326.7534 -43197753419.72536
1337038851677.6233 -577205747849.3983 -43197767661.41215
1337039016133.2656 -577205305371.9813 -43197781903.09431
1337039180588.7646 -577204862894.5024 -43197796144.771835
1337039345044.12 -577204420416.9617 -43197810386.44473
1337039509499.3323 -577203977939.359 -43197824628.113
1337039673954.4011 -577203535461.6945 -43197838869.77663
1337039838409.3264 -577203092983.968 -43197853111.43562
1337040002864.1084 -577202650506.1797 -43197867353.08999
1337040167318.747 -577202208028.3293 -43197881594.73972
1337040331773.2424 -577201765550.4171 -43197895836.38483
1337040496227.5942 -577201323072.443 -43197910078.0253
1337040660681.8027 -577200880594.407 -43197924319.66114
1337040825135.868 -577200438116.3091 -43197938561.29234
1337040989589.7896 -577199995638.1493 -43197952802.918915
1337041154043.5679 -577199553159.9276 -43197967044.540855
1337041318497.203 -577199110681.644 -43197981286.158165
1337041482950.6943 -577198668203.2986 -43197995527.77084
1337041647404.0425 -577198225724.8912 -43198009769.37889
1337041811857.2473 -577197783246.422 -43198024010.98231
1337041976310.3088 -577197340767.8909 -43198038252.581085
1337042140763.2268 -577196898289.2979 -43198052494.17523
1337042305216.0015 -577196455810.6428 -43198066735.76475
1337042469668.6328 -577196013331.9259 -43198080977.34963
1337042634121.1206 -577195570853.1471 -43198095218.929886
1337042798573.465 -577195128374.3064 -43198109460.50551
1337042963025.6663 -577194685895.4038 -43198123702.07649
1337043127477.7239 -577194243416.4393 -43198137943.642845
1337043291929.6382 -577193800937.413 -43198152185.20457
1337043456381.4092 -577193358458.3247 -43198166426.76166
1337043620833.0369 -577192915979.1746 -43198180668.31412
1337043785284.521 -577192473499.9625 -43198194909.861946
1337043949735.8618 -577192031020.6886 -43198209151.40514
1337044114187.0593 -577191588541.3528 -43198223392.9437
1337044278638.1133 -577191146061.9551 -43198237634.47763
1337044443089.024 -577190703582.4955 -43198251876.00693
1337044607539.7913 -577190261102.974 -43198266117.53159
1337044771990.415 -577189818623.3905 -43198280359.05163
1337044936440.8955 -577189376143.7451 -43198294600.56703
1337045100891.2327 -577188933664.0378 -43198308842.0778
1337045265341.4265 -577188491184.2687 -43198323083.58393
1337045429791.4768 -577188048704.4376 -43198337325.085434
1337045594241.3838 -577187606224.5447 -43198351566.582306
1337045758691.1475 -577187163744.5898 -43198365808.07455
1337045923140.7676 -577186721264.5731 -43198380049.56216
1337046087590.2444 -577186278784.4945 -43198394291.04513
1337046252039.578 -577185836304.354 -43198408532.52347
1337046416488.7678 -577185393824.1516 -43198422773.99718
1337046580937.8145 -577184951343.8873 -43198437015.466255
1337046745386.7178 -577184508863.5612 -43198451256.9307
1337046909835.4778 -577184066383.1731 -43198465498.39052
1337047074284.0942 -577183623902.7231 -43198479739.8457
1337047238732.5674 -577183181422.2113 -43198493981.29625
1337047403180.8972 -577182738941.6375 -43198508222.742165
1337047567629.0835 -577182296461.0017 -43198522464.18345
1337047732077.1265 -577181853980.3041 -43198536705.6201
1337047896525.0261 -577181411499.5446 -43198550947.052124
1337048060972.7822 -577180969018.7231 -43198565188.479515
1337048225420.395 -577180526537.8398 -43198579429.90227
1337048389867.8645 -577180084056.8947 -43198593671.32039
1337048554315.1904 -577179641575.8876 -43198607912.73388
1337048718762.373 -577179199094.8186 -43198622154.14274
1337048883209.4124 -577178756613.6877 -43198636395.54697
1337049047656.3083 -577178314132.495 -43198650636.94656
1337049212103.0608 -577177871651.2404 -43198664878.34152
1337049376549.67 -577177429169.9238 -43198679119.73185
1337049540996.1357 -577176986688.5454 -43198693361.117546
1337049705442.458 -577176544207.1051 -43198707602.49861
1337049869888.637 -577176101725.6029 -43198721843.875046
1337050034334.6726 -577175659244.0388 -43198736085.24685
1337050198780.5647 -577175216762.4127 -43198750326.61401
1337050363226.3135 -577174774280.7247 -43198764567.97655
1337050527671.919 -577174331798.9749 -43198778809.33445
1337050692117.381 -577173889317.1631 -43198793050.68772
1337050856562.6997 -577173446835.2894 -43198807292.03636
1337051021007.875 -577173004353.3539 -43198821533.38037
1337051185452.907 -577172561871.3564 -43198835774.71974
1337051349897.7954 -577172119389.2971 -43198850016.05448
1337051514342.5405 -577171676907.1759 -43198864257.38459
1337051678787.1423 -577171234424.9928 -43198878498.71007
1337051843231.6006 -577170791942.7478 -43198892740.030914
1337052007675.9155 -577170349460.4409 -43198906981.34713
1337052172120.0872 -577169906978.0721 -43198921222.65871
1337052336564.1152 -577169464495.6415 -43198935463.96565
1337052501008.0 -577169022013.1489 -43198949705.26797
1337052665451.7415 -577168579530.5945 -43198963946.56565
1337052829895.3396 -577168137047.9781 -43198978187.8587
1337052994338.7942 -577167694565.2999 -43198992429.147125
1337053158782.1055 -577167252082.5598 -43199006670.43091
1337053323225.2734 -577166809599.7578 -43199020911.71006
1337053487668.2979 -577166367116.8938 -43199035152.98458
1337053652111.179 -577165924633.9679 -43199049394.25447
1337053816553.9167 -577165482150.9801 -43199063635.51973
1337053980996.511 -577165039667.9304 -43199077876.78036
1337054145438.962 -577164597184.8188 -43199092118.03635
1337054309881.2695 -577164154701.6454 -43199106359.287704
1337054474323.4336 -577163712218.41 -43199120600.53443
1337054638765.4543 -577163269735.1128 -43199134841.77653
1337054803207.3318 -577162827251.7537 -43199149083.01399
1337054967649.066 -577162384768.3326 -43199163324.246826
1337055132090.6565 -577161942284.8497 -43199177565.47502
1337055296532.1038 -577161499801.3049 -43199191806.698586
1337055460973.4077 -577161057317.6982 -43199206047.91752
1337055625414.568 -577160614834.0297 -43199220289.13182
1337055789855.5852 -577160172350.2992 -43199234530.34149
1337055954296.459 -577159729866.5068 -43199248771.54653
1337056118737.1892 -577159287382.6526 -43199263012.74693
1337056283177.7761 -577158844898.7365 -43199277253.9427
1337056447618.2197 -577158402414.7584 -43199291495.13384
1337056612058.5198 -577157959930.7185 -43199305736.32035
1337056776498.6765 -577157517446.6167 -43199319977.50223
1337056940938.69 -577157074962.453 -43199334218.67947
1337057105378.56 -577156632478.2274 -43199348459.85207
1337057269818.2866 -577156189993.94 -43199362701.02005
1337057434257.8699 -577155747509.5905 -43199376942.183395
1337057598697.3098 -577155305025.1791 -43199391183.34211
1337057763136.6062 -577154862540.7058 -43199405424.49619
1337057927575.7593 -577154420056.1707 -43199419665.64564
1337058092014.769 -577153977571.5736 -43199433906.79045
1337058256453.6353 -577153535086.9147 -43199448147.93063
1337058420892.3582 -577153092602.1938 -43199462389.066185
1337058585330.9377 -577152650117.4111 -43199476630.197105
1337058749769.3738 -577152207632.5665 -43199490871.323395
1337058914207.6665 -577151765147.66 -43199505112.445045
1337059078645.816 -577151322662.6917 -43199519353.562065
1337059243083.822 -577150880177.6614 -43199533594.67445
1337059407521.6846 -577150437692.5692 -43199547835.78221
1337059571959.4038 -577149995207.4152 -43199562076.88534
1337059736396.9797 -577149552722.1992 -43199576317.983826
1337059900834.412 -577149110236.9214 -43199590559.07768
1337060065271.7012 -577148667751.5817 -43199604800.16691
1337060229708.847 -577148225266.18 -43199619041.2515
1337060394145.849 -577147782780.7166 -43199633282.33147
1337060558582.708 -577147340295.1912 -43199647523.4068
1337060723019.4236 -577146897809.6039 -43199661764.47749
1337060887455.9956 -577146455323.9547 -43199676005.54356
1337061051892.4243 -577146012838.2437 -43199690246.60499
1337061216328.7097 -577145570352.4707 -43199704487.66179
1337061380764.8516 -577145127866.6359 -43199718728.71396
1337061545200.85 -577144685380.7391 -43199732969.76149
1337061709636.7053 -577144242894.7805 -43199747210.80439
1337061874072.4172 -577143800408.76 -43199761451.84266
1337062038507.9856 -577143357922.6776 -43199775692.8763
1337062202943.4106 -577142915436.5333 -43199789933.905304
1337062367378.6924 -577142472950.3271 -43199804174.92968
1337062531813.8306 -577142030464.059 -43199818415.94942
1337062696248.8254 -577141587977.7289 -43199832656.96452
1337062860683.677 -577141145491.3369 -43199846897.975
1337063025118.385 -577140703004.883 -43199861138.98084
1337063189552.9497 -577140260518.3673 -43199875379.982056
1337063353987.371 -577139818031.7897 -43199889620.97863
1337063518421.649 -577139375545.1501 -43199903861.97057
1337063682855.7834 -577138933058.4487 -43199918102.957886
1337063847289.7747 -577138490571.6854 -43199932343.94057
1337064011723.6223 -577138048084.8602 -43199946584.91862
1337064176157.3267 -577137605597.9731 -43199960825.89204
1337064340590.8877 -577137163111.0242 -43199975066.86082
1337064505024.3054 -577136720624.0133 -43199989307.82497
1337064669457.5796 -577136278136.9406 -43200003548.784485
1337064833890.7104 -577135835649.8059 -43200017789.73937
1337064998323.698 -577135393162.6094 -43200032030.68963
1337065162756.542 -577134950675.351 -43200046271.63525
1337065327189.2427 -577134508188.0306 -43200060512.57623
1337065491621.8 -577134065700.6484 -43200074753.51259
1337065656054.2139 -577133623213.2043 -43200088994.44431
1337065820486.4844 -577133180725.6984 -43200103235.37141
1337065984918.6116 -577132738238.1305 -43200117476.29387
1337066149350.5952 -577132295750.5007 -43200131717.21169
1337066313782.4355 -577131853262.8091 -43200145958.124886
1337066478214.1326 -577131410775.0555 -43200160199.03345
1337066642645.686 -577130968287.2401 -43200174439.93738
1337066807077.0962 -577130525799.3628 -43200188680.83668
1337066971508.363 -577130083311.4236 -43200202921.73134
1337067135939.4866 -577129640823.4225 -43200217162.62137
1337067300370.4666 -577129198335.3595 -43200231403.50677
1337067464801.3032 -577128755847.2346 -43200245644.387535
1337067629231.9966 -577128313359.0479 -43200259885.26367
1337067793662.5464 -577127870870.7992 -43200274126.13517
1337067958092.953 -577127428382.4886 -43200288367.00204
1337068122523.216 -577126985894.1162 -43200302607.86427
1337068286953.3357 -577126543405.6819 -43200316848.72188
1337068451383.312 -577126100917.1857 -43200331089.57485
1337068615813.145 -577125658428.6276 -43200345330.423195
1337068780242.8345 -577125215940.0076 -43200359571.2669
1337068944672.3806 -577124773451.3257 -43200373812.10597
1337069109101.7834 -577124330962.5819 -43200388052.940414
1337069273531.0427 -577123888473.7762 -43200402293.770226
1337069437960.1587 -577123445984.9087 -43200416534.595406
1337069602389.1313 -577123003495.9792 -43200430775.41595
1337069766817.9604 -577122561006.9879 -43200445016.23186
1337069931246.6462 -577122118517.9347 -43200459257.04314
1337070095675.1887 -577121676028.8196 -43200473497.849785
1337070260103.588 -577121233539.6426 -43200487738.6518
1337070424531.8435 -577120791050.4037 -43200501979.44918
1337070588959.9558 -577120348561.1029 -43200516220.24193
1337070753387.9248 -577119906071.7402 -43200530461.030045
1337070917815.7502 -577119463582.3157 -43200544701.81353
1337071082243.4324 -577119021092.8292 -43200558942.592384
1337071246670.9712 -577118578603.2809 -43200573183.3666
1337071411098.3665 -577118136113.6707 -43200587424.136185
1337071575525.6184 -577117693623.9985 -43200601664.90114
1337071739952.727 -577117251134.2645 -43200615905.66146
1337071904379.6921 -577116808644.4686 -43200630146.41715
1337072068806.514 -577116366154.6108 -43200644387.168205
1337072233233.1924 -577115923664.6912 -43200658627.91463
1337072397659.7273 -577115481174.7096 -43200672868.65642
1337072562086.119 -577115038684.6661 -43200687109.39358
1337072726512.3672 -577114596194.5608 -43200701350.12611
1337072890938.472 -577114153704.3936 -43200715590.854
1337073055364.4333 -577113711214.1644 -43200729831.577255
1337073219790.2515 -577113268723.8734 -43200744072.29588
1337073384215.926 -577112826233.5205 -43200758313.00988
1337073548641.4573 -577112383743.1057 -43200772553.719246
1337073713066.8452 -577111941252.629 -43200786794.42397
1337073877492.0898 -577111498762.0905 -43200801035.12407
1337074041917.191 -577111056271.49 -43200815275.819534
1337074206342.1487 -577110613780.8276 -43200829516.51037
1337074370766.9631 -577110171290.1034 -43200843757.19657
1337074535191.634 -577109728799.3173 -43200857997.87814
1337074699616.1616 -577109286308.4692 -43200872238.55508
1337074864040.546 -577108843817.5593 -43200886479.22738
1337075028464.7866 -577108401326.5875 -43200900719.89505
1337075192888.884 -577107958835.5538 -43200914960.55809
1337075357312.8381 -577107516344.4583 -43200929201.2165
1337075521736.6487 -577107073853.3008 -43200943441.87027
1337075686160.316 -577106631362.0814 -43200957682.51941
1337075850583.8398 -577106188870.8002 -43200971923.16392
1337076015007.2202 -577105746379.457 -43200986163.803795
1337076179430.4573 -577105303888.052 -43201000404.43904
1337076343853.551 -577104861396.5851 -43201014645.06965
1337076508276.5012 -577104418905.0563 -43201028885.695625
1337076672699.308 -577103976413.4656 -43201043126.31697
1337076837121.9717 -577103533921.813 -43201057366.933685
1337077001544.4917 -577103091430.0985 -43201071607.54576
1337077165966.8684 -577102648938.3221 -43201085848.153206
1337077330389.1018 -577102206446.4839 -43201100088.75602
1337077494811.1917 -577101763954.5837 -43201114329.3542
1337077659233.1382 -577101321462.6217 -43201128569.947754
1337077823654.9414 -577100878970.5978 -43201142810.53667
1337077988076.6013 -577100436478.512 -43201157051.12095
1337078152498.1177 -577099993986.3643 -43201171291.7006
1337078316919.4907 -577099551494.1547 -43201185532.27562
1337078481340.7205 -577099109001.8832 -43201199772.84601
1337078645761.8066 -577098666509.5498 -43201214013.41176
1337078810182.7495 -577098224017.1545 -43201228253.97288
1337078974603.549 -577097781524.6974 -43201242494.529366
1337079139024.205 -577097339032.1783 -43201256735.08122
1337079303444.7178 -577096896539.5974 -43201270975.62845
1337079467865.0872 -577096454046.9546 -43201285216.171036
1337079632285.313 -577096011554.2499 -43201299456.70899
1337079796705.3955 -577095569061.4833 -43201313697.24232
1337079961125.3347 -577095126568.6548 -43201327937.77101
1337080125545.1304 -577094684075.7644 -43201342178.295074
1337080289964.7827 -577094241582.8121 -43201356418.8145
1337080454384.2917 -577093799089.798 -43201370659.32929
1337080618803.6572 -577093356596.7219 -43201384899.839455
1337080783222.8794 -577092914103.584 -43201399140.344986
1337080947641.9583 -577092471610.3842 -43201413380.84589
1337081112060.8936 -577092029117.1224 -43201427621.34215
1337081276479.6855 -577091586623.7988 -43201441861.83378
1337081440898.3342 -577091144130.4133 -43201456102.32078
1337081605316.8394 -577090701636.966 -43201470342.80315
1337081769735.2012 -577090259143.4567 -43201484583.28088
1337081934153.4197 -577089816649.8855 -43201498823.75398
1337082098571.4946 -577089374156.2524 -43201513064.22245
1337082262989.4263 -577088931662.5575 -43201527304.68629
1337082427407.2146 -577088489168.8007 -43201541545.14549
1337082591824.8594 -577088046674.9819 -43201555785.60006
1337082756242.3608 -577087604181.1013 -43201570026.049995
1337082920659.719 -577087161687.1588 -43201584266.4953
1337083085076.9336 -577086719193.1544 -43201598506.935974
1337083249494.005 -577086276699.0881 -43201612747.37202
1337083413910.9329 -577085834204.96 -43201626987.80342
1337083578327.7175 -577085391710.7699 -43201641228.230194
1337083742744.3586 -577084949216.518 -43201655468.652336
1337083907160.8564 -577084506722.2041 -43201669709.06985
1337084071577.211 -577084064227.8284 -43201683949.48273
1337084235993.4219 -577083621733.3907 -43201698189.89097
1337084400409.4895 -577083179238.8912 -43201712430.29458
1337084564825.4138 -577082736744.3298 -43201726670.69356
1337084729241.1946 -577082294249.7065 -43201740911.087906
1337084893656.832 -577081851755.0214 -43201755151.47762
1337085058072.3262 -577081409260.2743 -43201769391.8627
1337085222487.6768 -577080966765.4653 -43201783632.24315
1337085386902.884 -577080524270.5945 -43201797872.618965
1337085551317.948 -577080081775.6617 -43201812112.99015
1337085715732.8684 -577079639280.6671 -43201826353.3567
1337085880147.6455 -577079196785.6106 -43201840593.71861
1337086044562.2793 -577078754290.4922 -43201854834.0759
1337086208976.7695 -577078311795.3119 -43201869074.42855
1337086373391.1165 -577077869300.0697 -43201883314.77657
1337086537805.32 -577077426804.7657 -43201897555.11996
1337086702219.3801 -577076984309.3999 -43201911795.45871
1337086866633.2969 -577076541813.9722 -43201926035.79283
1337087031047.0703 -577076099318.4825 -43201940276.12232
1337087195460.7002 -577075656822.931 -43201954516.44718
