-84239602955.75063 67617949721.6817 5756581940.825306
-84240718823.22276 67616585592.593704 5756627621.5602865
-84241834668.51248 67615221445.33354 5756673300.765767
-84242950491.61948 67613857279.90159 5756718978.441734
-84244066292.54346 67612493096.2982 5756764654.588177
-84245182071.28412 67611128894.52376 5756810329.205083
-84246297827.84117 67609764674.57861 5756856002.292439
-84247413562.21432 67608400436.463135 5756901673.850235
-84248529274.40327 67607036180.17769 5756947343.878457
-84249644964.40773 67605671905.72263 5756993012.377094
-84250760632.22739 67604307613.09834 5757038679.346133
-84251876277.86194 67602943302.30518 5757084344.7855625
-84252991901.31111 67601578973.34351 5757130008.69537
-84254107502.57458 67600214626.2137 5757175671.075543
-84255223081.65208 67598850260.91611 5757221331.926071
-84256338638.54329 67597485877.4511 5757266991.246941
-84257454173.24792 67596121475.81905 5757312649.038139
-84258569685.76569 67594757056.020325 5757358305.299656
-84259685176.09627 67593392618.05528 5757403960.031478
-84260800644.23938 67592028161.924286 5757449613.233593
-84261916090.19472 67590663687.62771 5757495264.90599
-84263031513.96199 67589299195.16591 5757540915.0486555
-84264146915.54091 67587934684.53925 5757586563.661578
-84265262294.93117 67586570155.74811 5757632210.744745
-84266377652.13248 67585205608.79284 5757677856.298145
-84267492987.14453 67583841043.67381 5757723500.321766
-84268608299.96704 67582476460.39139 5757769142.815595
-84269723590.5997 67581111858.94594 5757814783.77962
-84270838859.04222 67579747239.33782 5757860423.21383
-84271954105.2943 67578382601.56741 5757906061.118212
-84273069329.35564 67577017945.63507 5757951697.492754
-84274184531.22594 67575653271.54116 5757997332.337444
-84275299710.9049 67574288579.28605 5758042965.65227
-84276414868.39226 67572923868.8701 5758088597.43722
-84277530003.68768 67571559140.293686 5758134227.692281
-84278645116.79088 67570194393.55716 5758179856.417441
-84279760207.70155 67568829628.6609 5758225483.612689
-84280875276.41942 67567464845.605255 5758271109.278012
-84281990322.94417 67566100044.39061 5758316733.413399
-84283105347.27551 67564735225.01732 5758362356.018836
-84284220349.41315 67563370387.48575 5758407977.094312
-84285335329.35678 67562005531.796265 5758453596.639814
-84286450287.10612 67560640657.949234 5758499214.655332
-84287565222.66086 67559275765.945015 5758544831.140852
-84288680136.0207 67557910855.78398 5758590446.096362
-84289795027.18536 67556545927.4665 5758636059.521851
-84290909896.15454 67555180980.99293 5758681671.417306
-84292024742.92793 67553816016.36363 5758727281.782715
-84293139567.50523 67552451033.57899 5758772890.618066
-84294254369.88617 67551086032.63935 5758818497.9233465
-84295369150.07042 67549721013.54509 5758864103.698545
-84296483908.05771 67548355976.29657 5758909707.94365
-84297598643.84773 67546990920.89416 5758955310.6586485
-84298713357.44019 67545625847.33821 5759000911.843528
-84299828048.83478 67544260755.629105 5759046511.498277
-84300942718.03122 67542895645.767204 5759092109.622883
-84302057365.0292 67541530517.75287 5759137706.217335
-84303171989.82843 67540165371.586464 5759183301.281619
-84304286592.4286 67538800207.268364 5759228894.815724
-84305401172.82944 67537435024.79893 5759274486.819639
-84306515731.03062 67536069824.17852 5759320077.29335
-84307630267.03188 67534704605.40751 5759365666.236846
-84308744780.8329 67533339368.48626 5759411253.650114
-84309859272.4334 67531974113.41513 5759456839.533143
-84310973741.83305 67530608840.194496 5759502423.885921
-84312088189.03159 67529243548.82472 5759548006.708434
-84313202614.0287 67527878239.30617 5759593588.000671
-84314317016.8241 67526512911.639206 5759639167.762621
-84315431397.41748 67525147565.824196 5759684745.99427
-84316545755.80855 67523782201.8615 5759730322.695608
-84317660091.99701 67522416819.751495 5759775897.866621
-84318774405.98256 67521051419.49454 5759821471.5072975
-84319888697.76491 67519686001.090996 5759867043.617626
-84321002967.34377 67518320564.54124 5759912614.197594
-84322117214.71883 67516955109.84563 5759958183.247189
-84323231439.88979 67515589637.00453 5760003750.766399
-84324345642.85637 67514224146.01831 5760049316.755213
-84325459823.61826 67512858636.88734 5760094881.213617
-84326573982.17517 67511493109.61197 5760140444.141602
-84327688118.5268 67510127564.19258 5760186005.539152
-84328802232.67285 67508762000.62953 5760231565.406258
-84329916324.61304 67507396418.92319 5760277123.742906
-84331030394.34705 67506030819.07391 5760322680.549085
-84332144441.8746 67504665201.08208 5760368235.824782
-84333258467.19539 67503299564.948044 5760413789.569986
-84334372470.30911 67501933910.67218 5760459341.784684
-84335486451.21548 67500568238.25485 5760504892.468864
-84336600409.91422 67499202547.69642 5760550441.622515
-84337714346.405 67497836838.99725 5760595989.245624
-84338828260.68753 67496471112.15772 5760641535.338178
-84339942152.76152 67495105367.178185 5760687079.900166
-84341056022.62668 67493739604.05901 5760732622.931576
-84342169870.2827 67492373822.80057 5760778164.432396
-84343283695.7293 67491008023.40321 5760823704.402614
-84344397498.96616 67489642205.86732 5760869242.8422165
-84345511279.993 67488276370.193245 5760914779.751193
-84346625038.80951 67486910516.38136 5760960315.129531
-84347738775.4154 67485544644.43204 5761005848.977218
-84348852489.8104 67484178754.345634 5761051381.294242
-84349966181.99417 67482812846.12252 5761096912.080591
-84351079851.96645 67481446919.76306 5761142441.336253
-84352193499.72691 67480080975.267624 5761187969.061216
-84353307125.27528 67478715012.636566 5761233495.255468
-84354420728.61127 67477349031.87026 5761279019.918997
-84355534309.73456 67475983032.96907 5761324543.05179
-84356647868.64485 67474617015.933365 5761370064.653836
-84357761405.34186 67473250980.763504 5761415584.725122
-84358874919.82529 67471884927.459854 5761461103.265637
-84359988412.09483 67470518856.02278 5761506620.275369
-84361101882.1502 67469152766.45266 5761552135.754304
-84362215329.99112 67467786658.74985 5761597649.702432
-84363328755.61726 67466420532.91471 5761643162.11974
-84364442159.02834 67465054388.94762 5761688673.006215
-84365555540.22404 67463688226.84892 5761734182.361846
-84366668899.2041 67462322046.619 5761779690.186621
-84367782235.96822 67460955848.258224 5761825196.480528
-84368895550.51607 67459589631.76695 5761870701.243554
-84370008842.84738 67458223397.145546 5761916204.475688
-84371122112.96185 67456857144.39438 5761961706.176918
-84372235360.85919 67455490873.51382 5762007206.347231
-84373348586.5391 67454124584.50422 5762052704.986615
-84374461790.00127 67452758277.36595 5762098202.095058
-84375574971.2454 67451391952.09939 5762143697.672549
-84376688130.27122 67450025608.70489 5762189191.719075
-84377801267.07841 67448659247.182816 5762234684.234624
-84378914381.66669 67447292867.53355 5762280175.219184
-84380027474.03575 67445926469.75744 5762325664.672743
-84381140544.1853 67444560053.85486 5762371152.595288
-84382253592.11505 67443193619.82617 5762416638.986809
-84383366617.8247 67441827167.671745 5762462123.847292
-84384479621.31396 67440460697.391945 5762507607.176725
-84385592602.58252 67439094208.98714 5762553088.975098
-84386705561.63008 67437727702.45769 5762598569.242396
-84387818498.45636 67436361177.803955 5762644047.978609
-84388931413.06105 67434994635.02631 5762689525.183724
-84390044305.44386 67433628074.12513 5762735000.85773
-84391157175.6045 67432261495.10076 5762780475.000614
-84392270023.54268 67430894897.95358 5762825947.612364
-84393382849.25807 67429528282.68396 5762871418.692967
-84394495652.75041 67428161649.29225 5762916888.2424135
-84395608434.01938 67426794997.77883 5762962356.26069
-84396721193.0647 67425428328.14406 5763007822.747784
-84397833929.88606 67424061640.3883 5763053287.703683
-84398946644.48317 67422694934.511925 5763098751.128376
-84400059336.85574 67421328210.5153 5763144213.021851
-84401172007.00346 67419961468.39878 5763189673.384095
-84402284654.92606 67418594708.16275 5763235132.215097
-84403397280.62321 67417227929.80756 5763280589.514845
-84404509884.09464 67415861133.33359 5763326045.283325
-84405622465.34003 67414494318.74119 5763371499.520527
-84406735024.3591 67413127486.03073 5763416952.226438
-84407847561.15155 67411760635.20258 5763462403.401046
-84408960075.71709 67410393766.25711 5763507853.044339
-84410072568.05542 67409026879.19468 5763553301.156305
-84411185038.16624 67407659974.015656 5763598747.736933
-84412297486.04926 67406293050.720406 5763644192.786209
-84413409911.70416 67404926109.309296 5763689636.304122
-84414522315.13068 67403559149.782684 5763735078.29066
-84415634696.3285 67402192172.140945 5763780518.7458105
-84416747055.29735 67400825176.384445 5763825957.669561
-84417859392.0369 67399458162.51355 5763871395.061901
-84418971706.54688 67398091130.52862 5763916830.922817
-84420083998.82697 67396724080.43002 5763962265.252298
-84421196268.87689 67395357012.21813 5764007698.050331
-84422308516.69635 67393989925.8933 5764053129.316905
-84423420742.28503 67392622821.45591 5764098559.052007
-84424532945.64265 67391255698.90631 5764143987.255625
-84425645126.76892 67389888558.24488 5764189413.927747
-84426757285.66354 67388521399.47198 5764234839.068361
-84427869422.3262 67387154222.587975 5764280262.677456
-84428981536.75662 67385787027.59323 5764325684.755018
-84430093628.9545 67384419814.48812 5764371105.301037
-84431205698.91954 67383052583.273 5764416524.315499
-84432317746.65144 67381685333.94824 5764461941.798393
-84433429772.14992 67380318066.51421 5764507357.749707
-84434541775.41467 67378950780.971275 5764552772.169429
-84435653756.4454 67377583477.31979 5764598185.057546
-84436765715.24182 67376216155.56014 5764643596.414046
-84437877651.80362 67374848815.69268 5764689006.238918
-84438989566.13051 67373481457.71777 5764734414.53215
-84440101458.22218 67372114081.63579 5764779821.29373
-84441213328.07837 67370746687.4471 5764825226.523644
-84442325175.69875 67369379275.15206 5764870630.221883
-84443437001.08304 67368011844.751045 5764916032.3884325
-84444548804.23094 67366644396.244415 5764961433.023281
-84445660585.14215 67365276929.63254 5765006832.126417
-84446772343.81638 67363909444.91578 5765052229.697828
-84447884080.25333 67362541942.094505 5765097625.737502
-84448995794.45271 67361174421.16909 5765143020.245427
-84450107486.41423 67359806882.13989 5765188413.221591
-84451219156.13757 67358439325.00728 5765233804.665982
-84452330803.62245 67357071749.771614 5765279194.5785885
-84453442428.86858 67355704156.433266 5765324582.959397
-84454554031.87564 67354336544.9926 5765369969.808397
-84455665612.64336 67352968915.44998 5765415355.125576
-84456777171.17143 67351601267.80578 5765460738.910921
-84457888707.45956 67350233602.060356 5765506121.164421
-84459000221.50746 67348865918.21408 5765551501.886064
-84460111713.31483 67347498216.26732 5765596881.075837
-84461223182.88138 67346130496.220436 5765642258.733728
-84462334630.20679 67344762758.0738 5765687634.859727
-84463446055.29077 67343395001.827774 5765733009.453819
-84464557458.13304 67342027227.48273 5765778382.515994
-84465668838.7333 67340659435.039024 5765823754.04624
-84466780197.09126 67339291624.49703 5765869124.044543
-84467891533.20662 67337923795.85712 5765914492.510893
-84469002847.07907 67336555949.119644 5765959859.445277
-84470114138.70833 67335188084.28498 5766005224.847684
-84471225408.09409 67333820201.35349 5766050588.718101
-84472336655.23605 67332452300.32554 5766095951.056516
-84473447880.13394 67331084381.20149 5766141311.862917
-84474559082.78746 67329716443.98172 5766186671.137292
-84475670263.1963 67328348488.66659 5766232028.879629
-84476781421.36017 67326980515.25646 5766277385.089916
-84477892557.27876 67325612523.75171 5766322739.768141
-84479003670.9518 67324244514.152695 5766368092.914291
-84480114762.37898 67322876486.459785 5766413444.528356
-84481225831.56001 67321508440.67335 5766458794.610322
-84482336878.49458 67320140376.79375 5766504143.160178
-84483447903.18242 67318772294.82135 5766549490.177912
-84484558905.62321 67317404194.75652 5766594835.663511
-84485669885.81667 67316036076.59963 5766640179.616964
-84486780843.76248 67314667940.35104 5766685522.0382595
-84487891779.46037 67313299786.01112 5766730862.927383
-84489002692.91003 67311931613.58024 5766776202.284326
-84490113584.11118 67310563423.058754 5766821540.109073
-84491224453.0635 67309195214.44704 5766866876.401613
-84492335299.76672 67307826987.74545 5766912211.161936
-84493446124.22054 67306458742.95437 5766957544.390028
-84494556926.42465 67305090480.07416 5767002876.085877
-84495667706.37877 67303722199.10518 5767048206.249472
-84496778464.08258 67302353900.0478 5767093534.880799
-84497889199.53581 67300985582.90238 5767138861.979849
-84498999912.73816 67299617247.6693 5767184187.546607
-84500110603.68932 67298248894.34891 5767229511.581062
-84501221272.38899 67296880522.94158 5767274834.083203
-84502331918.8369 67295512133.44769 5767320155.053018
-84503442543.03275 67294143725.8676 5767365474.490493
-84504553144.97623 67292775300.20167 5767410792.3956175
-84505663724.66705 67291406856.450264 5767456108.768379
-84506774282.10492 67290038394.61376 5767501423.608766
-84507884817.28954 67288669914.69252 5767546736.916765
-84508995330.2206 67287301416.686905 5767592048.692366
-84510105820.89783 67285932900.59728 5767637358.935555
-84511216289.3209 67284564366.42403 5767682667.646322
-84512326735.48956 67283195814.167496 5767727974.824654
-84513437159.40349 67281827243.828064 5767773280.470538
-84514547561.0624 67280458655.40609 5767818584.583963
-84515657940.46597 67279090048.90194 5767863887.164918
-84516768297.61394 67277721424.31599 5767909188.213388
-84517878632.506 67276352781.64859 5767954487.729364
-84518988945.14185 67274984120.90012 5767999785.712833
-84520099235.5212 67273615442.07095 5768045082.163783
-84521209503.64374 67272246745.16144 5768090377.082201
-84522319749.50919 67270878030.17195 5768135670.468076
-84523429973.11725 67269509297.10285 5768180962.321395
-84524540174.46762 67268140545.95451 5768226252.642147
-84525650353.56001 67266771776.7273 5768271541.43032
-84526760510.39413 67265402989.421585 5768316828.685902
-84527870644.96968 67264034184.03772 5768362114.40888
-84528980757.28636 67262665360.57608 5768407398.599243
-84530090847.34389 67261296519.03703 5768452681.256979
-84531200915.14195 67259927659.420944 5768497962.382075
-84532310960.68027 67258558781.72818 5768543241.97452
-84533420983.95853 67257189885.95911 5768588520.034301
-84534530984.97644 67255820972.11409 5768633796.561406
-84535640963.73372 67254452040.1935 5768679071.555824
-84536750920.23006 67253083090.19769 5768724345.017543
-84537860854.46516 67251714122.127045 5768769616.946549
-84538970766.43875 67250345135.98192 5768814887.342833
-84540080656.15051 67248976131.76268 5768860156.206381
-84541190523.60016 67247607109.469696 5768905423.537181
-84542300368.7874 67246238069.10333 5768950689.335221
-84543410191.71193 67244869010.66396 5768995953.600491
-84544519992.37346 67243499934.15195 5769041216.332976
-84545629770.77168 67242130839.56765 5769086477.532666
-84546739526.90631 67240761726.911446 5769131737.199549
-84547849260.77705 67239392596.18369 5769176995.3336115
-84548958972.3836 67238023447.384766 5769222251.934842
-84550068661.72568 67236654280.51502 5769267507.003229
-84551178328.80298 67235285095.57484 5769312760.538761
-84552287973.6152 67233915892.564575 5769358012.541425
-84553397596.16206 67232546671.4846 5769403263.011209
-84554507196.44327 67231177432.33527 5769448511.948101
-84555616774.45851 67229808175.116974 5769493759.35209
-84556726330.2075 67228438899.83006 5769539005.223163
-84557835863.68994 67227069606.4749 5769584249.561308
-84558945374.90553 67225700295.05186 5769629492.366513
-84560054863.85399 67224330965.5613 5769674733.638767
-84561164330.53502 67222961618.0036 5769719973.3780575
-84562273774.94832 67221592252.37912 5769765211.584372
-84563383197.09358 67220222868.68823 5769810448.257698
-84564492596.97054 67218853466.9313 5769855683.398025
-84565601974.57887 67217484047.10868 5769900917.00534
-84566711329.91829 67216114609.22075 5769946149.079631
-84567820662.98851 67214745153.267876 5769991379.620886
-84568929973.78923 67213375679.25042 5770036608.629093
-84570039262.32014 67212006187.16875 5770081836.10424
-84571148528.58098 67210636677.02323 5770127062.046316
-84572257772.57143 67209267148.81423 5770172286.455308
-84573366994.29118 67207897602.54212 5770217509.331204
-84574476193.73996 67206528038.20727 5770262730.673993
-84575585370.91747 67205158455.810036 5770307950.483662
-84576694525.82341 67203788855.350784 5770353168.760199
-84577803658.45749 67202419236.82989 5770398385.503592
-84578912768.81941 67201049600.24771 5770443600.713829
-84580021856.90887 67199679945.60462 5770488814.390899
-84581130922.72559 67198310272.900986 5770534026.534788
-84582239966.26926 67196940582.13717 5770579237.145486
-84583348987.53958 67195570873.31354 5770624446.22298
-84584457986.53627 67194201146.430466 5770669653.767258
-84585566963.25903 67192831401.48831 5770714859.778308
-84586675917.70757 67191461638.48744 5770760064.256119
-84587784849.88158 67190091857.42823 5770805267.200678
-84588893759.78078 67188722058.311035 5770850468.611973
-84590002647.40486 67187352241.13623 5770895668.489992
-84591111512.75354 67185982405.90418 5770940866.834723
-84592220355.82652 67184612552.61525 5770986063.646155
-84593329176.6235 67183242681.269806 5771031258.924275
-84594437975.1442 67181872791.86822 5771076452.669071
-84595546751.3883 67180502884.41085 5771121644.880531
-84596655505.35553 67179132958.89807 5771166835.558643
-84597764237.04558 67177763015.330246 5771212024.703396
-84598872946.45816 67176393053.70774 5771257212.314776
-84599981633.59297 67175023074.03092 5771302398.392774
-84601090298.44972 67173653076.30016 5771347582.937375
-84602198941.0281 67172283060.51582 5771392765.948568
-84603307561.32785 67170913026.67827 5771437947.426342
-84604416159.34863 67169542974.78787 5771483127.370685
-84605524735.09018 67168172904.84499 5771528305.781583
-84606633288.55219 67166802816.850006 5771573482.659025
-84607741819.73436 67165432710.803276 5771618658.003
-84608850328.63641 67164062586.70517 5771663831.813496
-84609958815.25804 67162692444.55605 5771709004.0905
-84611067279.59895 67161322284.35629 5771754174.834
-84612175721.65884 67159952106.106255 5771799344.043984
-84613284141.43742 67158581909.806305 5771844511.720442
-84614392538.9344 67157211695.45681 5771889677.863359
-84615500914.14949 67155841463.058136 5771934842.472725
-84616609267.08238 67154471212.61066 5771980005.548527
-84617717597.73279 67153100944.11473 5772025167.090754
-84618825906.1004 67151730657.57073 5772070327.099393
-84619934192.18494 67150360352.97902 5772115485.574432
-84621042455.9861 67148990030.339966 5772160642.515861
-84622150697.5036 67147619689.65394 5772205797.923665
-84623258916.73714 67146249330.9213 5772250951.797834
-84624367113.68642 67144878954.142426 5772296104.138356
-84625475288.35114 67143508559.31767 5772341254.945218
-84626583440.731 67142138146.44741 5772386404.218409
-84627691570.82573 67140767715.532005 5772431551.957916
-84628799678.63503 67139397266.57183 5772476698.163728
-84629907764.15858 67138026799.567245 5772521842.835833
-84631015827.39612 67136656314.51862 5772566985.974217
-84632123868.34732 67135285811.42632 5772612127.578871
-84633231887.0119 67133915290.29072 5772657267.649781
-84634339883.38957 67132544751.112175 5772702406.186936
-84635447857.48004 67131174193.89106 5772747543.190324
-84636555809.283 67129803618.62774 5772792678.659932
-84637663738.79817 67128433025.32258 5772837812.59575
-84638771646.02524 67127062413.975945 5772882944.997764
-84639879530.96391 67125691784.5882 5772928075.865963
-84640987393.6139 67124321137.15973 5772973205.200335
-84642095233.97493 67122950471.69088 5773018333.000867
-84643203052.04668 67121579788.18203 5773063459.267549
-84644310847.82886 67120209086.633545 5773108584.000367
-84645418621.32118 67118838367.045784 5773153707.19931
-84646526372.52335 67117467629.41912 5773198828.864367
-84647634101.43506 67116096873.75392 5773243948.995524
-84648741808.05602 67114726100.05055 5773289067.592771
-84649849492.38594 67113355308.30938 5773334184.656094
-84650957154.42453 67111984498.53078 5773379300.185482
-84652064794.17148 67110613670.7151 5773424414.180923
-84653172411.62651 67109242824.86273 5773469526.642406
-84654280006.78932 67107871960.97402 5773514637.569919
-84655387579.6596 67106501079.04935 5773559746.963448
-84656495130.23709 67105130179.08907 5773604854.822982
-84657602658.52147 67103759261.09357 5773649961.148509
-84658710164.51244 67102388325.063194 5773695065.940018
-84659817648.20972 67101017370.99832 5773740169.197495
-84660925109.613 67099646398.899315 5773785270.920931
-84662032548.72202 67098275408.76654 5773830371.1103115
-84663139965.53644 67096904400.60037 5773875469.765626
-84664247360.05598 67095533374.40118 5773920566.886862
-84665354732.28036 67094162330.16931 5773965662.474007
-84666462082.20927 67092791267.90515 5774010756.527049
-84667569409.84244 67091420187.60906 5774055849.045977
-84668676715.17953 67090049089.28141 5774100940.030778
-84669783998.22029 67088677972.92256 5774146029.4814415
-84670891258.9644 67087306838.53288 5774191117.397954
-84671998497.41158 67085935686.11275 5774236203.780305
-84673105713.56152 67084564515.66251 5774281288.628481
-84674212907.41394 67083193327.182556 5774326371.942471
-84675320078.96854 67081822120.67324 5774371453.722262
-84676427228.225 67080450896.134926 5774416533.967844
-84677534355.18307 67079079653.567986 5774461612.679203
-84678641459.84244 67077708392.972786 5774506689.856328
-84679748542.20279 67076337114.3497 5774551765.4992075
-84680855602.26385 67074965817.69909 5774596839.607828
-84681962640.02533 67073594503.02132 5774641912.182179
-84683069655.48692 67072223170.31676 5774686983.222248
-84684176648.64833 67070851819.58578 5774732052.728024
-84685283619.50926 67069480450.828735 5774777120.699492
-84686390568.06943 67068109064.046005 5774822187.136643
-84687497494.32854 67066737659.23795 5774867252.039465
-84688604398.28629 67065366236.404945 5774912315.407945
-84689711279.94238 67063994795.547356 5774957377.242071
-84690818139.29652 67062623336.66554 5775002437.541832
-84691924976.34843 67061251859.75988 5775047496.307215
-84693031791.09781 67059880364.83073 5775092553.538208
-84694138583.54434 67058508851.878456 5775137609.234799
-84695245353.68776 67057137320.903435 5775182663.396977
-84696352101.52776 67055765771.90603 5775227716.02473
-84697458827.06403 67054394204.886604 5775272767.118045
-84698565530.2963 67053022619.845535 5775317816.67691
-84699672211.22426 67051651016.78318 5775362864.701315
-84700778869.84763 67050279395.69991 5775407911.191246
-84701885506.16609 67048907756.59609 5775452956.146692
-84702992120.17938 67047536099.47209 5775497999.567641
-84704098711.88718 67046164424.32828 5775543041.454081
-84705205281.2892 67044792731.165016 5775588081.805999
-84706311828.38515 67043421019.98268 5775633120.623384
-84707418353.17473 67042049290.78163 5775678157.906225
-84708524855.65765 67040677543.56224 5775723193.654509
-84709631335.83362 67039305778.32487 5775768227.868223
-84710737793.70235 67037933995.069885 5775813260.547357
-84711844229.26352 67036562193.79766 5775858291.691897
-84712950642.51686 67035190374.50856 5775903321.301833
-84714057033.46207 67033818537.20295 5775948349.377152
-84715163402.09885 67032446681.8812 5775993375.917843
-84716269748.42691 67031074808.54368 5776038400.923893
-84717376072.44595 67029702917.19075 5776083424.39529
-84718482374.15569 67028331007.822784 5776128446.332024
-84719588653.55582 67026959080.44014 5776173466.73408
-84720694910.64604 67025587135.0432 5776218485.601449
-84721801145.42607 67024215171.63232 5776263502.934117
-84722907357.89561 67022843190.20786 5776308518.732073
-84724013548.05437 67021471190.77021 5776353532.995304
-84725119715.90205 67020099173.31972 5776398545.7238
-84726225861.43837 67018727137.85676 5776443556.917547
-84727331984.66301 67017355084.3817 5776488566.576534
-84728438085.5757 67015983012.894905 5776533574.700749
-84729544164.17613 67014610923.39674 5776578581.29018
-84730650220.464 67013238815.88759 5776623586.344815
-84731756254.43904 67011866690.3678 5776668589.864643
-84732862266.10094 67010494546.837746 5776713591.84965
-84733968255.4494 67009122385.2978 5776758592.299827
-84735074222.48413 67007750205.74832 5776803591.215159
-84736180167.20485 67006378008.18968 5776848588.595636
-84737286089.61125 67005005792.622246 5776893584.441246
-84738391989.70303 67003633559.04639 5776938578.751976
-84739497867.47992 67002261307.46246 5776983571.527814
-84740603722.9416 67000889037.87085 5777028562.768749
-84741709556.0878 66999516750.27191 5777073552.474769
-84742815366.9182 66998144444.666016 5777118540.645861
-84743921155.43251 66996772121.05353 5777163527.282014
-84745026921.63045 66995399779.434814 5777208512.383216
-84746132665.51172 66994027419.81025 5777253495.949455
-84747238387.07602 66992655042.1802 5777298477.98072
-84748344086.32306 66991282646.54503 5777343458.476996
-84749449763.25255 66989910232.905106 5777388437.438274
-84750555417.8642 66988537801.260796 5777433414.864542
-84751661050.1577 66987165351.612465 5777478390.755787
-84752766660.13277 66985792883.96049 5777523365.111998
-84753872247.78911 66984420398.30522 5777568337.933162
-84754977813.12642 66983047894.64704 5777613309.219267
-84756083356.14441 66981675372.98631 5777658278.970302
-84757188876.84279 66980302833.3234 5777703247.186254
-84758294375.22125 66978930275.65868 5777748213.867111
-84759399851.27953 66977557699.992516 5777793179.012863
-84760505305.01729 66976185106.32527 5777838142.623497
-84761610736.43427 66974812494.65731 5777883104.699
-84762716145.53017 66973439864.989006 5777928065.239362
-84763821532.30469 66972067217.32073 5777973024.244569
-84764926896.75752 66970694551.65285 5778017981.71461
-84766032238.8884 66969321867.98572 5778062937.649474
-84767137558.697 66967949166.31972 5778107892.049148
-84768242856.18306 66966576446.65521 5778152844.91362
-84769348131.34627 66965203708.99257 5778197796.242879
-84770453384.18633 66963830953.33215 5778242746.036912
-84771558614.70294 66962458179.67433 5778287694.295708
-84772663822.89583 66961085388.01948 5778332641.019254
-84773769008.7647 66959712578.36796 5778377586.207539
-84774874172.30923 66958339750.72013 5778422529.86055
-84775979313.52916 66956966905.07637 5778467471.978276
-84777084432.42418 66955594041.43705 5778512412.560705
-84778189528.99399 66954221159.80253 5778557351.607825
-84779294603.23831 66952848260.17318 5778602289.119624
-84780399655.15683 66951475342.54936 5778647225.09609
-84781504684.74927 66950102406.93145 5778692159.537212
-84782609692.01532 66948729453.31981 5778737092.442977
-84783714676.95471 66947356481.71481 5778782023.813374
-84784819639.56712 66945983492.11682 5778826953.648389
-84785924579.85228 66944610484.52621 5778871881.948012
-84787029497.80988 66943237458.94334 5778916808.712231
-84788134393.43962 66941864415.368576 5778961733.941033
-84789239266.74123 66940491353.80229 5779006657.634407
-84790344117.71439 66939118274.24485 5779051579.792341
-84791448946.35881 66937745176.696625 5779096500.414824
-84792553752.67421 66936372061.15798 5779141419.501842
-84793658536.6603 66934998927.62928 5779186337.053384
-84794763298.31676 66933625776.1109 5779231253.069438
-84795868037.64331 66932252606.6032 5779276167.549993
-84796972754.63966 66930879419.10655 5779321080.495035
-84798077449.30553 66929506213.62132 5779365991.904554
-84799182121.6406 66928132990.14788 5779410901.778538
-84800286771.64458 66926759748.68659 5779455810.116974
-84801391399.31718 66925386489.23782 5779500716.91985
-84802496004.65811 66924013211.80195 5779545622.187156
-84803600587.66707 66922639916.379326 5779590525.918878
-84804705148.34377 66921266602.97033 5779635428.115005
-84805809686.68791 66919893271.575325 5779680328.775525
-84806914202.6992 66918519922.19468 5779725227.900426
-84808018696.37737 66917146554.828766 5779770125.4896965
-84809123167.72208 66915773169.47794 5779815021.543324
-84810227616.73306 66914399766.142586 5779859916.061297
-84811332043.41002 66913026344.82306 5779904809.043604
-84812436447.75266 66911652905.51973 5779949700.4902315
-84813540829.76068 66910279448.23297 5779994590.401169
-84814645189.4338 66908905972.96314 5780039478.776404
-84815749526.77173 66907532479.71062 5780084365.615925
-84816853841.77415 66906158968.47576 5780129250.91972
-84817958134.4408 66904785439.25894 5780174134.687777
-84819062404.77135 66903411892.060524 5780219016.920083
-84820166652.76553 66902038326.88088 5780263897.616628
-84821270878.42305 66900664743.72038 5780308776.777399
-84822375081.74359 66899291142.57939 5780353654.402385
-84823479262.72688 66897917523.458275 5780398530.491572
-84824583421.37262 66896543886.3574 5780443405.0449505
-84825687557.68051 66895170231.27714 5780488278.062508
-84826791671.65025 66893796558.21786 5780533149.544231
-84827895763.28157 66892422867.179924 5780578019.490109
-84828999832.57416 66891049158.163704 5780622887.900131
-84830103879.52773 66889675431.16956 5780667754.774283
-84831207904.14198 66888301686.197876 5780712620.112555
-84832311906.41663 66886927923.24901 5780757483.914933
-84833415886.35136 66885554142.323326 5780802346.181407
-84834519843.9459 66884180343.421196 5780847206.911964
-84835623779.19995 66882806526.542984 5780892066.106593
-84836727692.11322 66881432691.689064 5780936923.765282
-84837831582.68541 66880058838.8598 5780981779.888018
-84838935450.91623 66878684968.055565 5781026634.47479
-84840039296.80537 66877311079.27672 5781071487.525585
-84841143120.35257 66875937172.523636 5781116339.040393
-84842246921.55751 66874563247.79668 5781161189.0192
-84843350700.4199 66873189305.096214 5781206037.461996
-84844454456.93945 66871815344.422615 5781250884.368768
-84845558191.11586 66870441365.77625 5781295729.739504
-84846661902.94884 66869067369.157486 5781340573.574193
-84847765592.4381 66867693354.56669 5781385415.872822
-84848869259.58334 66866319322.00423 5781430256.63538
-84849972904.38428 66864945271.47047 5781475095.861855
-84851076526.8406 66863571202.96578 5781519933.552234
-84852180126.95204 66862197116.49053 5781564769.706506
-84853283704.71829 66860823012.04509 5781609604.324659
-84854387260.13905 66859448889.62982 5781654437.406682
-84855490793.21404 66858074749.2451 5781699268.952562
-84856594303.94295 66856700590.89129 5781744098.962288
-84857697792.32549 66855326414.568756 5781788927.435846
-84858801258.36137 66853952220.27787 5781833754.373227
-84859904702.05031 66852578008.019 5781878579.774417
-84861008123.392 66851203777.79251 5781923403.639405
-84862111522.38614 66849829529.59877 5781968225.968179
-84863214899.03244 66848455263.43815 5782013046.760727
-84864318253.33063 66847080979.31101 5782057866.017037
-84865421585.28038 66845706677.217735 5782102683.737098
-84866524894.88142 66844332357.158676 5782147499.920897
-84867628182.13345 66842958019.13421 5782192314.568421
-84868731447.03618 66841583663.1447 5782237127.679661
-84869834689.58931 66840209289.19051 5782281939.254603
-84870937909.79256 66838834897.272026 5782326749.293237
-84872041107.64561 66837460487.3896 5782371557.795548
-84873144283.1482 66836086059.5436 5782416364.761527
-84874247436.3 66834711613.734406 5782461170.191161
-84875350567.10075 66833337149.96237 5782505974.084438
-84876453675.55014 66831962668.227875 5782550776.441347
-84877556761.64787 66830588168.53128 5782595577.261875
-84878659825.39366 66829213650.872955 5782640376.546011
-84879762866.78722 66827839115.253265 5782685174.293742
-84880865885.82823 66826464561.672585 5782729970.505057
-84881968882.51643 66825089990.13127 5782774765.179944
-84883071856.85152 66823715400.6297 5782819558.318391
-84884174808.83318 66822340793.16824 5782864349.920386
-84885277738.46114 66820966167.74726 5782909139.985918
-84886380645.73509 66819591524.36713 5782953928.514974
-84887483530.65475 66818216863.028206 5782998715.507542
-84888586393.21983 66816842183.730865 5783043500.963611
-84889689233.43002 66815467486.47548 5783088284.883168
-84890792051.28505 66814092771.26241 5783133067.266203
-84891894846.7846 66812718038.092026 5783177848.112702
-84892997619.9284 66811343286.9647 5783222627.422655
-84894100370.71614 66809968517.88079 5783267405.196049
-84895203099.14754 66808593730.840675 5783312181.432872
-84896305805.22229 66807218925.84472 5783356956.133113
-84897408488.94011 66805844102.89329 5783401729.29676
-84898511150.30069 66804469261.98675 5783446500.9237995
-84899613789.30376 66803094403.12547 5783491271.014221
-84900716405.949 66801719526.30983 5783536039.568013
-84901819000.23615 66800344631.540184 5783580806.585163
-84902921572.16489 66798969718.81691 5783625572.065659
-84904024121.73492 66797594788.140366 5783670336.009489
-84905126648.94597 66796219839.510925 5783715098.416641
-84906229153.79773 66794844872.928955 5783759859.287105
-84907331636.28992 66793469888.39483 5783804618.620867
-84908434096.42224 66792094885.90891 5783849376.417915
-84909536534.1944 66790719865.471565 5783894132.678239
-84910638949.6061 66789344827.08317 5783938887.401826
-84911741342.65704 66787969770.74408 5783983640.588664
-84912843713.34695 66786594696.45467 5784028392.238741
-84913946061.67552 66785219604.21532 5784073142.352045
-84915048387.64246 66783844494.026375 5784117890.928565
-84916150691.24747 66782469365.888214 5784162637.968288
-84917252972.49026 66781094219.80121 5784207383.471204
-84918355231.37056 66779719055.765724 5784252127.437299
-84919457467.88805 66778343873.78213 5784296869.866562
-84920559682.04243 66776968673.85079 5784341610.758982
-84921661873.83344 66775593455.972084 5784386350.114546
-84922764043.26074 66774218220.14637 5784431087.933242
-84923866190.32408 66772842966.374016 5784475824.215059
-84924968315.02315 66771467694.65539 5784520558.959985
-84926070417.35765 66770092404.99086 5784565292.168008
-84927172497.3273 66768717097.3808 5784610023.839115
-84928274554.9318 66767341771.82557 5784654753.973296
-84929376590.17085 66765966428.32555 5784699482.5705385
-84930478603.04417 66764591066.881096 5784744209.63083
-84931580593.55145 66763215687.492584 5784788935.154159
-84932682561.69241 66761840290.16038 5784833659.140513
-84933784507.46675 66760464874.88485 5784878381.589882
-84934886430.87419 66759089441.66637 5784923102.502252
-84935988331.91443 66757713990.505295 5784967821.877612
-84937090210.58716 66756338521.402 5785012539.715951
-84938192066.8921 66754963034.35686 5785057256.017256
-84939293900.82896 66753587529.37023 5785101970.781515
-84940395712.39745 66752212006.44249 5785146684.008717
-84941497501.59726 66750836465.574005 5785191395.698849
-84942599268.42812 66749460906.765144 5785236105.8519
-84943701012.88971 66748085330.01627 5785280814.467858
-84944802734.98175 66746709735.32776 5785325521.546712
-84945904434.70395 66745334122.699974 5785370227.088449
-84947006112.05602 66743958492.133286 5785414931.093057
-84948107767.03766 66742582843.62806 5785459633.560525
-84949209399.64857 66741207177.18466 5785504334.490841
-84950311009.88847 66739831492.80347 5785549033.883992
-84951412597.75706 66738455790.48484 5785593731.739967
-84952514163.25406 66737080070.22915 5785638428.058755
-84953615706.37915 66735704332.036766 5785683122.8403425
-84954717227.13206 66734328575.90805 5785727816.084719
-84955818725.5125 66732952801.84338 5785772507.791871
-84956920201.52016 66731577009.843124 5785817197.961788
-84958021655.15474 66730201199.907646 5785861886.594459
-84959123086.41597 66728825372.037315 5785906573.68987
-84960224495.30354 66727449526.2325 5785951259.248011
-84961325881.81717 66726073662.49356 5785995943.268868
-84962427245.95656 66724697780.82088 5786040625.752432
-84963528587.7214 66723321881.21481 5786085306.6986885
-84964629907.11143 66721945963.675735 5786129986.107627
-84965731204.12634 66720570028.20402 5786174663.979235
-84966832478.76584 66719194074.800026 5786219340.313501
-84967933731.02963 66717818103.46413 5786264015.110414
-84969034960.91742 66716442114.19669 5786308688.36996
-84970136168.42892 66715066106.998085 5786353360.092129
-84971237353.56384 66713690081.86868 5786398030.276909
-84972338516.32188 66712314038.808846 5786442698.924288
-84973439656.70274 66710937977.81895 5786487366.034253
-84974540774.70615 66709561898.899345 5786532031.606793
-84975641870.33179 66708185802.05042 5786576695.641897
-84976742943.57938 66706809687.27254 5786621358.139552
-84977843994.44862 66705433554.56606 5786666019.099747
-84978945022.93924 66704057403.931366 5786710678.522469
-84980046029.05092 66702681235.36881 5786755336.407706
-84981147012.78339 66701305048.87878 5786799992.755448
-84982247974.13634 66699928844.461624 5786844647.565682
-84983348913.10948 66698552622.11772 5786889300.838397
-84984449829.70251 66697176381.84744 5786933952.57358
-84985550723.91516 66695800123.65115 5786978602.771219
-84986651595.74712 66694423847.52922 5787023251.431303
-84987752445.19809 66693047553.48201 5787067898.55382
-84988853272.26779 66691671241.509895 5787112544.138758
-84989954076.95593 66690294911.61324 5787157188.186105
-84991054859.2622 66688918563.79243 5787201830.695849
-84992155619.18634 66687542198.047806 5787246471.667979
-84993256356.72803 66686165814.37975 5787291111.102483
-84994357071.88698 66684789412.788635 5787335748.999349
-84995457764.66289 66683412993.274826 5787380385.358564
-84996558435.05548 66682036555.83869 5787425020.180118
-84997659083.06445 66680660100.4806 5787469653.463998
-84998759708.68951 66679283627.20092 5787514285.210193
-84999860311.93037 66677907136.000015 5787558915.41869
-85000960892.78674 66676530626.87826 5787603544.089478
-85002061451.25832 66675154099.83602 5787648171.222545
-85003161987.34482 66673777554.873665 5787692796.817879
-85004262501.04594 66672400991.99156 5787737420.875467
-85005362992.3614 66671024411.19009 5787782043.3953
-85006463461.2909 66669647812.4696 5787826664.377364
-85007563907.83414 66668271195.83047 5787871283.821648
-85008664331.99083 66666894561.27306 5787915901.728139
-85009764733.76068 66665517908.79776 5787960518.096827
-85010865113.1434 66664141238.40492 5788005132.927698
-85011965470.1387 66662764550.09492 5788049746.220742
-85013065804.74629 66661387843.86811 5788094357.975947
-85014166116.96587 66660011119.72488 5788138968.193301
-85015266406.79713 66658634377.66558 5788183576.872792
-85016366674.2398 66657257617.6906 5788228184.014408
-85017466919.2936 66655880839.80029 5788272789.618137
-85018567141.9582 66654504043.99503 5788317393.683968
-85019667342.23334 66653127230.275185 5788361996.211887
-85020767520.1187 66651750398.64112 5788406597.201885
-85021867675.614 66650373549.09321 5788451196.653949
-85022967808.71895 66648996681.63181 5788495794.568067
-85024067919.43326 66647619796.2573 5788540390.944226
-85025168007.75662 66646242892.97005 5788584985.782416
-85026268073.68877 66644865971.770424 5788629579.082625
-85027368117.22939 66643489032.65879 5788674170.844841
-85028468138.37819 66642112075.63552 5788718761.069052
-85029568137.13487 66640735100.70098 5788763349.755245
-85030668113.49916 66639358107.855545 5788807936.90341
-85031768067.47075 66637981097.09958 5788852522.513535
-85032867999.04936 66636604068.43345 5788897106.585607
-85033967908.2347 66635227021.85753 5788941689.119614
-85035067795.02644 66633849957.37218 5788986270.115545
-85036167659.42433 66632472874.977776 5789030849.573389
-85037267501.42807 66631095774.67468 5789075427.493133
-85038367321.03735 66629718656.46327 5789120003.874765
-85039467118.25189 66628341520.34391 5789164578.718274
-85040566893.0714 66626964366.31696 5789209152.023648
-85041666645.49557 66625587194.382805 5789253723.790875
-85042766375.52412 66624210004.5418 5789298294.019943
-85043866083.15675 66622832796.79433 5789342862.71084
-85044965768.39319 66621455571.14075 5789387429.863555
-85046065431.23312 66620078327.58143 5789431995.478076
-85047165071.67627 66618701066.11674 5789476559.554391
-85048264689.72232 66617323786.74705 5789521122.092487
-85049364285.371 66615946489.472725 5789565683.092354
-85050463858.62201 66614569174.29414 5789610242.553979
-85051563409.47505 66613191841.21166 5789654800.47735
-85052662937.92984 66611814490.225655 5789699356.862456
-85053762443.98608 66610437121.336494 5789743911.709286
-85054861927.64348 66609059734.54455 5789788465.017826
-85055961388.90175 66607682329.85018 5789833016.788066
-85057060827.76059 66606304907.25376 5789877567.019994
-85058160244.21971 66604927466.75566 5789922115.713597
-85059259638.27882 66603550008.35625 5789966662.868864
-85060359009.93764 66602172532.05589 5790011208.485783
-85061458359.19585 66600795037.854965 5790055752.564342
-85062557686.05318 66599417525.75383 5790100295.104529
-85063656990.50932 66598039995.75285 5790144836.106334
-85064756272.564 66596662447.85241 5790189375.569743
-85065855532.2169 66595284882.052864 5790233913.494745
-85066954769.46774 66593907298.35459 5790278449.881329
-85068053984.31624 66592529696.75796 5790322984.729481
-85069153176.76208 66591152077.26333 5790367518.03919
-85070252346.805 66589774439.87107 5790412049.810446
-85071351494.44467 66588396784.58156 5790456580.043236
-85072450619.68083 66587019111.395164 5790501108.737548
-85073549722.51318 66585641420.31225 5790545635.89337
-85074648802.94142 66584263711.33318 5790590161.51069
-85075747860.96527 66582885984.458336 5790634685.589497
-85076846896.58443 66581508239.68808 5790679208.129779
-85077945909.7986 66580130477.02278 5790723729.131524
-85079044900.60748 66578752696.46281 5790768248.59472
-85080143869.0108 66577374898.00853 5790812766.519356
-85081242815.00827 66575997081.66032 5790857282.905419
-85082341738.59958 66574619247.41854 5790901797.752898
-85083440639.78444 66573241395.28356 5790946311.061781
-85084539518.56256 66571863525.25575 5790990822.832056
-85085638374.93365 66570485637.33549 5791035333.063711
-85086737208.89743 66569107731.52313 5791079841.756735
-85087836020.45358 66567729807.81905 5791124348.911116
-85088934809.60182 66566351866.22362 5791168854.526841
-85090033576.34186 66564973906.7372 5791213358.6039
-85091132320.6734 66563595929.36016 5791257861.142281
-85092231042.59616 66562217934.09288 5791302362.141971
-85093329742.10985 66560839920.93572 5791346861.602958
-85094428419.21416 66559461889.88905 5791391359.525231
-85095527073.90881 66558083840.95325 5791435855.908779
-85096625706.19351 66556705774.12867 5791480350.753589
-85097724316.06796 66555327689.41569 5791524844.0596485
-85098822903.53188 66553949586.814674 5791569335.826947
-85099921468.58496 66552571466.326 5791613826.055473
-85101020011.22691 66551193327.95003 5791658314.745214
-85102118531.45746 66549815171.68713 5791702801.896159
-85103217029.27629 66548436997.53768 5791747287.508295
-85104315504.68312 66547058805.50204 5791791771.581611
-85105413957.67766 66545680595.580574 5791836254.116094
-85106512388.2596 66544302367.77367 5791880735.111733
-85107610796.42867 66542924122.08167 5791925214.568518
-85108709182.18457 66541545858.50497 5791969692.486434
-85109807545.52701 66540167577.04392 5792014168.865471
-85110905886.45569 66538789277.6989 5792058643.705617
-85112004204.97032 66537410960.470276 5792103117.00686
-85113102501.07062 66536032625.35841 5792147588.769188
-85114200774.75627 66534654272.363686 5792192058.99259
-85115299026.02701 66533275901.48646 5792236527.677053
-85116397254.88252 66531897512.727104 5792280994.822567
-85117495461.32253 66530519106.08599 5792325460.429118
-85118593645.34673 66529140681.563484 5792369924.496696
-85119691806.95483 66527762239.15996 5792414387.025289
-85120789946.14656 66526383778.87578 5792458848.014884
-85121888062.92162 66525005300.71132 5792503307.46547
-85122986157.2797 66523626804.66694 5792547765.377036
-85124084229.2205 66522248290.74302 5792592221.749569
-85125182278.74377 66520869758.93992 5792636676.583057
-85126280305.8492 66519491209.25801 5792681129.877489
-85127378310.53647 66518112641.69767 5792725581.6328535
-85128476292.80531 66516734056.259254 5792770031.849137
-85129574252.65544 66515355452.94314 5792814480.52633
-85130672190.08655 66513976831.749695 5792858927.664419
-85131770105.09834 66512598192.67929 5792903373.263393
-85132867997.69054 66511219535.73229 5792947817.32324
-85133965867.86284 66509840860.90907 5792992259.843948
-85135063715.61496 66508462168.21 5793036700.825506
-85136161540.94661 66507083457.63544 5793081140.267901
-85137259343.85748 66505704729.18576 5793125578.171123
-85138357124.3473 66504325982.861336 5793170014.535158
-85139454882.41577 66502947218.66254 5793214449.359996
-85140552618.06259 66501568436.58973 5793258882.645624
-85141650331.28748 66500189636.64328 5793303314.392032
-85142748022.09013 66498810818.82356 5793347744.599206
-85143845690.47026 66497431983.13094 5793392173.267135
-85144943336.42758 66496053129.56579 5793436600.395807
-85146040959.96179 66494674258.12847 5793481025.985211
-85147138561.0726 66493295368.81937 5793525450.035336
-85148236139.75972 66491916461.63883 5793569872.546167
-85149333696.02286 66490537536.58724 5793614293.517695
-85150431229.86172 66489158593.66497 5793658712.949908
-85151528741.27603 66487779632.87238 5793703130.842793
-85152626230.26547 66486400654.20985 5793747547.19634
-85153723696.82977 66485021657.67773 5793791962.010535
-85154821140.96863 66483642643.2764 5793836375.285368
-85155918562.68175 66482263611.00623 5793880787.020826
-85157015961.96884 66480884560.8676 5793925197.216898
-85158113338.82962 66479505492.86086 5793969605.873572
-85159210693.26378 66478126406.98639 5794014012.990837
-85160308025.27104 66476747303.24455 5794058418.56868
-85161405334.8511 66475368181.63573 5794102822.607089
-85162502622.00368 66473989042.16028 5794147225.106053
-85163599886.72849 66472609884.81857 5794191626.06556
-85164697129.02522 66471230709.61098 5794236025.485599
-85165794348.89359 66469851516.537865 5794280423.366157
-85166891546.3333 66468472305.59961 5794324819.707223
-85167988721.34407 66467093076.79658 5794369214.508785
-85169085873.9256 66465713830.129135 5794413607.770831
-85170183004.07759 66464334565.59765 5794457999.49335
-85171280111.79977 66462955283.20249 5794502389.67633
-85172377197.09184 66461575982.94404 5794546778.319757
-85173474259.9535 66460196664.822655 5794591165.423623
-85174571300.38446 66458817328.83871 5794635550.987914
-85175668318.38443 66457437974.99256 5794679935.012618
-85176765313.95311 66456058603.28459 5794724317.497725
-85177862287.09023 66454679213.71517 5794768698.443221
-85178959237.79547 66453299806.28467 5794813077.849095
-85180056166.06856 66451920380.99345 5794857455.715336
-85181153071.9092 66450540937.84188 5794901832.041931
-85182249955.3171 66449161476.83034 5794946206.82887
-85183346816.29196 66447781997.95918 5794990580.076139
-85184443654.8335 66446402501.22879 5795034951.783729
-85185540470.94142 66445022986.63953 5795079321.951626
-85186637264.61543 66443643454.191765 5795123690.579819
-85187734035.85524 66442263903.88587 5795168057.668296
-85188830784.66057 66440884335.72222 5795212423.217045
-85189927511.0311 66439504749.70118 5795256787.226054
-85191024214.96655 66438125145.82311 5795301149.6953125
-85192120896.46664 66436745524.088394 5795345510.624808
-85193217555.53108 66435365884.49739 5795389870.014529
-85194314192.15956 66433986227.050476 5795434227.864464
-85195410806.35179 66432606551.74802 5795478584.1746
-85196507398.1075 66431226858.59038 5795522938.944925
-85197603967.42638 66429847147.577934 5795567292.175429
-85198700514.30814 66428467418.71105 5795611643.8661
-85199797038.75247 66427087671.990105 5795655994.016926
-85200893540.75911 66425707907.41546 5795700342.627894
-85201990020.32776 66424328124.98749 5795744689.698994
-85203086477.45811 66422948324.70656 5795789035.230212
-85204182912.1499 66421568506.57304 5795833379.221539
-85205279324.40282 66420188670.587296 5795877721.67296
-85206375714.21657 66418808816.7497 5795922062.584467
-85207472081.59087 66417428945.06063 5795966401.956045
-85208568426.52542 66416049055.52045 5796010739.787684
-85209664749.01994 66414669148.12952 5796055076.079372
-85210761049.07413 66413289222.888214 5796099410.831098
-85211857326.6877 66411909279.79691 5796143744.042848
-85212953581.86035 66410529318.85597 5796188075.714612
-85214049814.5918 66409149340.06577 5796232405.846377
-85215146024.88176 66407769343.426674 5796276734.438133
-85216242212.72993 66406389328.93905 5796321061.489867
-85217338378.13602 66405009296.60327 5796365387.001568
-85218434521.09973 66403629246.41971 5796409710.973223
-85219530641.62079 66402249178.388725 5796454033.404821
-85220626739.6989 66400869092.5107 5796498354.2963505
-85221722815.33376 66399488988.78599 5796542673.6477995
-85222818868.52507 66398108867.21497 5796586991.459156
-85223914899.27257 66396728727.79802 5796631307.730409
-85225010907.57594 66395348570.53549 5796675622.461546
-85226106893.4349 66393968395.427765 5796719935.652555
-85227202856.84917 66392588202.47521 5796764247.303426
-85228298797.81842 66391207991.6782 5796808557.4141445
-85229394716.34239 66389827763.037094 5796852865.984701
-85230490612.42079 66388447516.55227 5796897173.015083
-85231586486.05331 66387067252.22409 5796941478.505279
-85232682337.23967 66385686970.052925 5796985782.4552765
-85233778165.97958 66384306670.03915 5797030084.865065
-85234873972.27275 66382926352.18313 5797074385.734631
-85235969756.11888 66381546016.48524 5797118685.063963
-85237065517.51768 66380165662.94584 5797162982.853051
-85238161256.46886 66378785291.56531 5797207279.101882
-85239256972.97212 66377404902.34401 5797251573.810445
-85240352667.02719 66376024495.28232 5797295866.978727
-85241448338.63376 66374644070.3806 5797340158.606717
-85242543987.79153 66373263627.63922 5797384448.694404
-85243639614.50024 66371883167.058556 5797428737.241775
-85244735218.75958 66370502688.63898 5797473024.248818
-85245830800.56926 66369122192.38085 5797517309.715523
-85246926359.92899 66367741678.284546 5797561593.641876
-85248021896.83846 66366361146.35043 5797605876.027867
-85249117411.2974 66364980596.57888 5797650156.873485
-85250212903.30551 66363600028.97026 5797694436.178716
-85251308372.8625 66362219443.52494 5797738713.943549
-85252403819.9681 66360838840.24329 5797782990.167973
-85253499244.62198 66359458219.12569 5797827264.851975
-85254594646.82387 66358077580.172485 5797871537.995545
-85255690026.57347 66356696923.38406 5797915809.59867
-85256785383.8705 66355316248.76079 5797960079.661339
-85257880718.71466 66353935556.30303 5798004348.183539
-85258976031.10567 66352554846.01117 5798048615.165259
-85260071321.04323 66351174117.88556 5798092880.606488
-85261166588.52704 66349793371.926575 5798137144.507214
-85262261833.55682 66348412608.13459 5798181406.867423
-85263357056.13228 66347031826.50997 5798225667.687106
-85264452256.25311 66345651027.05309 5798269926.96625
-85265547433.91904 66344270209.76432 5798314184.704844
-85266642589.12978 66342889374.64402 5798358440.902876
-85267737721.88503 66341508521.692566 5798402695.560334
-85268832832.18448 66340127650.91033 5798446948.677207
-85269927920.02786 66338746762.29768 5798491200.253482
-85271022985.41489 66337365855.85499 5798535450.289148
-85272118028.34525 66335984931.58262 5798579698.784194
-85273213048.81866 66334603989.48094 5798623945.738606
-85274308046.83484 66333223029.55033 5798668191.152375
-85275403022.3935 66331842051.79115 5798712435.025488
-85276497975.49432 66330461056.20378 5798756677.357932
-85277592906.13704 66329080042.78858 5798800918.149697
-85278687814.32135 66327699011.54592 5798845157.400771
-85279782700.04697 66326317962.47617 5798889395.111142
-85280877563.3136 66324936895.57971 5798933631.280799
-85281972404.12096 66323555810.8569 5798977865.909729
-85283067222.46873 66322174708.30811 5799022098.997921
-85284162018.35666 66320793587.933716 5799066330.545362
-85285256791.78442 66319412449.73408 5799110560.552043
-85286351542.75175 66318031293.70957 5799154789.01795
-85287446271.25835 66316650119.86057 5799199015.943072
-85288540977.30391 66315268928.18744 5799243241.327397
-85289635660.88815 66313887718.69055 5799287465.170914
-85290730322.01079 66312506491.37027 5799331687.47361
-85291824960.67152 66311125246.226974 5799375908.235475
-85292919576.87007 66309743983.261024 5799420127.456495
-85294014170.60614 66308362702.47279 5799464345.136661
-85295108741.87943 66306981403.862656 5799508561.275959
-85296203290.68965 66305600087.43098 5799552775.874378
-85297297817.03651 66304218753.17813 5799596988.931907
-85298392320.91974 66302837401.104485 5799641200.448533
-85299486802.33902 66301456031.2104 5799685410.424245
-85300581261.29407 66300074643.49626 5799729618.859032
-85301675697.78459 66298693237.96243 5799773825.75288
-85302770111.8103 66297311814.60928 5799818031.10578
-85303864503.37091 66295930373.43718 5799862234.917718
-85304958872.46613 66294548914.446495 5799906437.1886835
-85306053219.09566 66293167437.6376 5799950637.918665
-85307147543.25922 66291785943.010864 5799994837.107651
-85308241844.9565 66290404430.56666 5800039034.755629
-85309336124.18723 66289022900.30535 5800083230.862587
-85310430380.9511 66287641352.22731 5800127425.428514
-85311524615.24783 66286259786.33291 5800171618.453397
-85312618827.07713 66284878202.62251 5800215809.937225
-85313713016.4387 66283496601.0965 5800259999.879988
-85314807183.33228 66282114981.755226 5800304188.2816725
-85315901327.75754 66280733344.599075 5800348375.142267
-85316995449.7142 66279351689.62841 5800392560.46176
-85318089549.20197 66277970016.843605 5800436744.240139
-85319183626.22055 66276588326.245026 5800480926.477393
-85320277680.76967 66275206617.833046 5800525107.173511
-85321371712.84903 66273824891.60803 5800569286.32848
-85322465722.45833 66272443147.57036 5800613463.942288
-85323559709.59729 66271061385.72039 5800657640.014925
-85324653674.26561 66269679606.0585 5800701814.546378
-85325747616.46301 66268297808.58506 5800745987.536636
-85326841536.1892 66266915993.30043 5800790158.985687
-85327935433.44386 66265534160.204994 5800834328.893519
-85329029308.22673 66264152309.29911 5800878497.260121
-85330123160.5375 66262770440.58315 5800922664.085481
-85331216990.3759 66261388554.057495 5800966829.369586
-85332310797.74162 66260006649.7225 5801010993.112426
-85333404582.63438 66258624727.57855 5801055155.313989
-85334498345.0539 66257242787.62601 5801099315.974262
-85335592084.99985 66255860829.86524 5801143475.093235
-85336685802.47197 66254478854.29662 5801187632.670896
-85337779497.46996 66253096860.92052 5801231788.7072315
-85338873169.99353 66251714849.7373 5801275943.202231
-85339966820.04239 66250332820.74734 5801320096.155884
-85341060447.61626 66248950773.951004 5801364247.568177
-85342154052.71483 66247568709.34867 5801408397.439099
-85343247635.33781 66246186626.940704 5801452545.768639
-85344341195.48492 66244804526.72748 5801496692.556784
-85345434733.15587 66243422408.70936 5801540837.803522
-85346528248.35036 66242040272.88671 5801584981.508843
-85347621741.0681 66240658119.25991 5801629123.672735
-85348715211.3088 66239275947.82933 5801673264.295185
-85349808659.07219 66237893758.59534 5801717403.376183
-85350902084.35794 66236511551.558304 5801761540.915715
-85351995487.16579 66235129326.7186 5801805676.913772
-85353088867.49542 66233747084.07659 5801849811.370339
-85354182225.34657 66232364823.63265 5801893944.285408
-85355275560.71893 66230982545.38715 5801938075.658965
-85356368873.61223 66229600249.34046 5801982205.490998
-85357462164.02615 66228217935.49295 5802026333.781497
-85358555431.96042 66226835603.844986 5802070460.530449
-85359648677.41473 66225453254.39694 5802114585.737843
-85360741900.38882 66224070887.149185 5802158709.4036665
-85361835100.88239 66222688502.10209 5802202831.527908
-85362928278.89513 66221306099.25602 5802246952.110557
-85364021434.42676 66219923678.61135 5802291071.1516
-85365114567.47697 66218541240.16845 5802335188.651027
-85366207678.0455 66217158783.92769 5802379304.608825
-85367300766.13205 66215776309.889435 5802423419.024982
-85368393831.73633 66214393818.05406 5802467531.899488
-85369486874.85803 66213011308.421936 5802511643.23233
-85370579895.49689 66211628780.99343 5802555753.023498
-85371672893.65259 66210246235.76892 5802599861.272978
-85372765869.32486 66208863672.74877 5802643967.980759
-85373858822.5134 66207481091.93335 5802688073.14683
-85374951753.21791 66206098493.32303 5802732176.771178
-85376044661.43813 66204715876.91818 5802776278.853793
-85377137547.17374 66203333242.71918 5802820379.394663
-85378230410.42445 66201950590.72638 5802864478.393775
-85379323251.18999 66200567920.94016 5802908575.851118
-85380416069.47005 66199185233.3609 5802952671.766681
-85381508865.26434 66197802527.98896 5802996766.140451
-85382601638.57259 66196419804.82471 5803040858.972418
-85383694389.39449 66195037063.86852 5803084950.262568
-85384787117.72974 66193654305.120766 5803129040.010892
-85385879823.57806 66192271528.58182 5803173128.217377
-85386972506.93918 66190888734.25204 5803217214.88201
-85388065167.81279 66189505922.131805 5803261300.004782
-85389157806.1986 66188123092.22148 5803305383.585679
-85390250422.09631 66186740244.52145 5803349465.62469
-85391343015.50565 66185357379.03206 5803393546.121804
-85392435586.42632 66183974495.7537 5803437625.077009
-85393528134.85802 66182591594.68674 5803481702.490293
-85394620660.80046 66181208675.831535 5803525778.361644
-85395713164.25337 66179825739.18847 5803569852.691051
-85396805645.21645 66178442784.75791 5803613925.478501
-85397898103.68939 66177059812.54023 5803657996.723985
-85398990539.67192 66175676822.53579 5803702066.427488
-85400082953.16374 66174293814.744965 5803746134.589002
-85401175344.16457 66172910789.16813 5803790201.208512
-85402267712.6741 66171527745.80565 5803834266.286008
-85403360058.69206 66170144684.6579 5803878329.821478
-85404452382.21815 66168761605.72524 5803922391.81491
-85405544683.25209 66167378509.00806 5803966452.266293
-85406636961.79356 66165995394.50671 5804010511.175614
-85407729217.8423 66164612262.221565 5804054568.542863
-85408821451.39801 66163229112.15301 5804098624.368027
-85409913662.4604 66161845944.3014 5804142678.651094
-85411005851.02917 66160462758.66711 5804186731.392055
-85412098017.10405 66159079555.2505 5804230782.590896
-85413190160.68472 66157696334.05196 5804274832.247605
-85414282281.77092 66156313095.07185 5804318880.362172
-85415374380.36234 66154929838.31055 5804362926.934584
-85416466456.45868 66153546563.76841 5804406971.964829
-85417558510.05968 66152163271.445816 5804451015.452897
-85418650541.16502 66150779961.34313 5804495057.398775
-85419742549.77443 66149396633.46073 5804539097.802452
-85420834535.88762 66148013287.79898 5804583136.663916
-85421926499.50429 66146629924.35825 5804627173.983155
-85423018440.62415 66145246543.13892 5804671209.760159
-85424110359.2469 66143863144.14136 5804715243.994913
-85425202255.37227 66142479727.36592 5804759276.687408
-85426294128.99995 66141096292.81299 5804803307.837632
-85427385980.12967 66139712840.48293 5804847337.445573
-85428477808.76112 66138329370.37612 5804891365.511219
-85429569614.89403 66136945882.49293 5804935392.034558
-85430661398.52809 66135562376.833725 5804979417.01558
-85431753159.66301 66134178853.39887 5805023440.454272
-85432844898.29851 66132795312.18875 5805067462.350623
-85433936614.4343 66131411753.20373 5805111482.70462
-85435028308.07008 66130028176.444176 5805155501.5162525
-85436119979.20557 66128644581.91046 5805199518.785509
-85437211627.84047 66127260969.60295 5805243534.512377
-85438303253.97449 66125877339.522026 5805287548.696845
-85439394857.60735 66124493691.668045 5805331561.3389015
-85440486438.73875 66123110026.04139 5805375572.438536
-85441577997.36841 66121726342.642426 5805419581.995734
-85442669533.49602 66120342641.47152 5805463590.010487
-85443761047.1213 66118958922.529045 5805507596.482781
-85444852538.24397 66117575185.81538 5805551601.412606
-85445944006.86374 66116191431.33088 5805595604.79995
-85447035452.9803 66114807659.07593 5805639606.644799
-85448126876.59337 66113423869.05089 5805683606.9471445
-85449218277.70267 66112040061.256134 5805727605.706973
-85450309656.30789 66110656235.69203 5805771602.9242735
-85451401012.40875 66109272392.358955 5805815598.599034
-85452492346.00496 66107888531.25728 5805859592.731243
-85453583657.09622 66106504652.38737 5805903585.320889
-85454674945.68225 66105120755.74959 5805947576.367961
-85455766211.76276 66103736841.34432 5805991565.872446
-85456857455.33746 66102352909.171936 5806035553.834332
-85457948676.40607 66100968959.232796 5806079540.25361
-85459039874.96828 66099584991.527275 5806123525.130265
-85460131051.0238 66098201006.05574 5806167508.464288
-85461222204.57234 66096817002.818565 5806211490.255665
-85462313335.61362 66095432981.816124 5806255470.504386
-85463404444.14734 66094048943.04878 5806299449.210439
-85464495530.17322 66092664886.516914 5806343426.373812
-85465586593.69096 66091280812.220894 5806387401.9944935
-85466677634.70029 66089896720.16108 5806431376.072472
-85467768653.2009 66088512610.33785 5806475348.607736
-85468859649.19249 66087128482.75158 5806519319.600273
-85469950622.67479 66085744337.40263 5806563289.050073
-85471041573.6475 66084360174.29138 5806607256.957122
-85472132502.11035 66082975993.4182 5806651223.32141
-85473223408.06302 66081591794.78345 5806695188.142925
-85474314291.50523 66080207578.387505 5806739151.421656
-85475405152.43669 66078823344.23074 5806783113.15759
-85476495990.85712 66077439092.31353 5806827073.350716
-85477586806.76622 66076054822.63624 5806871032.001022
-85478677600.1637 66074670535.199234 5806914989.108498
-85479768371.04927 66073286230.00289 5806958944.67313
-85480859119.42264 66071901907.04758 5807002898.694907
-85481949845.28352 66070517566.333664 5807046851.173819
-85483040548.63162 66069133207.86153 5807090802.109852
-85484131229.46666 66067748831.63153 5807134751.5029955
-85485221887.78833 66066364437.64405 5807178699.353238
-85486312523.59636 66064980025.89945 5807222645.660567
-85487403136.89044 66063595596.39811 5807266590.424972
-85488493727.6703 66062211149.140396 5807310533.64644
-85489584295.93564 66060826684.12668 5807354475.32496
-85490674841.68616 66059442201.35733 5807398415.460521
-85491765364.92159 66058057700.83272 5807442354.05311
-85492855865.64162 66056673182.553215 5807486291.102717
-85493946343.84596 66055288646.51919 5807530226.60933
-85495036799.53435 66053904092.73101 5807574160.572937
-85496127232.70647 66052519521.18906 5807618092.9935255
-85497217643.36203 66051134931.89369 5807662023.871084
-85498308031.50075 66049750324.84529 5807705953.205603
-85499398397.12234 66048365700.04423 5807749880.997068
-85500488740.22652 66046981057.49087 5807793807.245469
-85501579060.81297 66045596397.18558 5807837731.950794
-85502669358.88142 66044211719.12874 5807881655.113031
-85503759634.4316 66042827023.32071 5807925576.732169
-85504849887.46318 66041442309.76187 5807969496.808196
-85505940117.97589 66040057578.45259 5808013415.341101
-85507030325.96944 66038672829.393234 5808057332.330871
-85508120511.44353 66037288062.58418 5808101247.777494
-85509210674.39789 66035903278.025795 5808145161.680961
-85510300814.83221 66034518475.71845 5808189074.041258
-85511390932.74622 66033133655.66252 5808232984.858375
-85512481028.1396 66031748817.85837 5808276894.132298
-85513571101.01208 66030363962.30637 5808320801.863018
-85514661151.36337 66028979089.0069 5808364708.050522
-85515751179.19318 66027594197.96032 5808408612.694798
-85516841184.5012 66026209289.16701 5808452515.795836
-85517931167.28719 66024824362.62733 5808496417.353623
-85519021127.55081 66023439418.34166 5808540317.368148
-85520111065.2918 66022054456.31036 5808584215.839398
-85521200980.50984 66020669476.53382 5808628112.767364
-85522290873.20467 66019284479.0124 5808672008.152032
-85523380743.37598 66017899463.74647 5808715901.993391
-85524470591.02348 66016514430.7364 5808759794.2914295
-85525560416.1469 66015129379.98256 5808803685.046136
-85526650218.74593 66013744311.48532 5808847574.257499
-85527739998.82028 66012359225.245056 5808891461.925506
-85528829756.36967 66010974121.26214 5808935348.050145
-85529919491.39381 66009588999.536934 5808979232.631407
-85531009203.89243 66008203860.06982 5809023115.669278
-85532098893.8652 66006818702.86115 5809066997.163747
-85533188561.31186 66005433527.91132 5809110877.114802
-85534278206.2321 66004048335.22069 5809154755.522432
-85535367828.62564 66002663124.78963 5809198632.386625
-85536457428.49219 66001277896.61851 5809242507.70737
-85537547005.83145 65999892650.707695 5809286381.484654
-85538636560.64314 65998507387.05756 5809330253.718467
-85539726092.92697 65997122105.66849 5809374124.408796
-85540815602.68265 65995736806.54084 5809417993.555631
-85541905089.90988 65994351489.67499 5809461861.158958
-85542994554.60838 65992966155.0713 5809505727.218767
-85544083996.77786 65991580802.73015 5809549591.735046
-85545173416.41805 65990195432.6519 5809593454.707784
-85546262813.52863 65988810044.83694 5809637316.136968
-85547352188.10931 65987424639.28562 5809681176.022587
-85548441540.15982 65986039215.99833 5809725034.36463
-85549530869.67986 65984653774.975426 5809768891.163085
-85550620176.66913 65983268316.217285 5809812746.41794
-85551709461.12735 65981882839.72428 5809856600.129184
-85552798723.05423 65980497345.49678 5809900452.296804
-85553887962.44948 65979111833.53516 5809944302.920791
-85554977179.31282 65977726303.839775 5809988152.001131
-85556066373.64395 65976340756.41101 5810031999.537813
-85557155545.44258 65974955191.24924 5810075845.530826
-85558244694.70842 65973569608.35483 5810119689.980157
-85559333821.44118 65972184007.72815 5810163532.885796
-85560422925.64056 65970798389.36957 5810207374.24773
-85561512007.3063 65969412753.27946 5810251214.0659485
-85562601066.4381 65968027099.45819 5810295052.34044
-85563690103.03564 65966641427.90614 5810338889.071192
-85564779117.09866 65965255738.62368 5810382724.258193
-85565868108.62688 65963870031.611176 5810426557.901431
-85566957077.61998 65962484306.868996 5810470390.0008955
-85568046024.07768 65961098564.397514 5810514220.556574
-85569134947.9997 65959712804.197105 5810558049.568455
-85570223849.38574 65958327026.268135 5810601877.036527
-85571312728.23552 65956941230.61098 5810645702.960778
-85572401584.54874 65955555417.226006 5810689527.341198
-85573490418.32512 65954169586.11359 5810733350.177773
-85574579229.56436 65952783737.27409 5810777171.470493
-85575668018.26617 65951397870.70789 5810820991.219346
-85576756784.43028 65950011986.41536 5810864809.42432
-85577845528.05638 65948626084.396866 5810908626.085404
-85578934249.1442 65947240164.65278 5810952441.202586
-85580022947.69342 65945854227.18347 5810996254.775855
-85581111623.70378 65944468271.98932 5811040066.805199
-85582200277.17497 65943082299.07069 5811083877.290606
-85583288908.10672 65941696308.42795 5811127686.232063
-85584377516.49872 65940310300.06148 5811171493.629561
-85585466102.3507 65938924273.97164 5811215299.483088
-85586554665.66234 65937538230.15881 5811259103.792631
-85587643206.43338 65936152168.62336 5811302906.55818
-85588731724.66351 65934766089.365654 5811346707.779722
-85589820220.35246 65933379992.38607 5811390507.457246
-85590908693.49994 65931993877.68498 5811434305.59074
-85591997144.10564 65930607745.26276 5811478102.180193
-85593085572.16928 65929221595.11977 5811521897.225593
-85594173977.69058 65927835427.25638 5811565690.726928
-85595262360.66924 65926449241.672966 5811609482.684187
-85596350721.10497 65925063038.3699 5811653273.097359
-85597439058.99748 65923676817.34756 5811697061.966431
-85598527374.3465 65922290578.6063 5811740849.291392
-85599615667.1517 65920904322.14651 5811784635.072231
-85600703937.41283 65919518047.968544 5811828419.308936
-85601792185.12958 65918131756.072784 5811872202.001495
-85602880410.30167 65916745446.459595 5811915983.149897
-85603968612.9288 65915359119.12936 5811959762.754129
-85605056793.0107 65913972774.08243 5812003540.814181
-85606144950.54706 65912586411.31919 5812047317.330041
-85607233085.5376 65911200030.84001 5812091092.301697
-85608321197.98203 65909813632.64526 5812134865.729137
-85609409287.88005 65908427216.73531 5812178637.61235
-85610497355.23138 65907040783.11054 5812222407.951325
-85611585400.03574 65905654331.77131 5812266176.74605
-85612673422.29282 65904267862.717995 5812309943.996512
-85613761422.00235 65902881375.950966 5812353709.702702
-85614849399.16403 65901494871.4706 5812397473.864606
-85615937353.77757 65900108349.27725 5812441236.482213
-85617025285.84268 65898721809.37131 5812484997.555512
-85618113195.35909 65897335251.753136 5812528757.084492
-85619201082.32648 65895948676.42311 5812572515.0691395
-85620288946.74457 65894562083.3816 5812616271.509444
-85621376788.61308 65893175472.62897 5812660026.405395
-85622464607.93172 65891788844.165596 5812703779.756978
-85623552404.7002 65890402197.99185 5812747531.564184
-85624640178.91821 65889015534.10811 5812791281.827001
-85625727930.5855 65887628852.51473 5812835030.545416
-85626815659.70174 65886242153.2121 5812878777.719419
-85627903366.26666 65884855436.20058 5812922523.348997
-85628991050.27997 65883468701.48054 5812966267.434139
-85630078711.74138 65882081949.05235 5813010009.974834
-85631166350.6506 65880695178.9164 5813053750.97107
-85632253967.00735 65879308391.073044 5813097490.422835
-85633341560.81133 65877921585.52266 5813141228.330118
-85634429132.06224 65876534762.26561 5813184964.692907
-85635516680.75981 65875147921.30228 5813228699.51119
-85636604206.90375 65873761062.633026 5813272432.784957
-85637691710.49376 65872374186.25823 5813316164.5141945
-85638779191.52956 65870987292.17826 5813359894.698892
-85639866650.01085 65869600380.393486 5813403623.339037
-85640954085.93735 65868213450.90428 5813447350.434619
-85642041499.30876 65866826503.71102 5813491075.985626
-85643128890.1248 65865439538.81407 5813534799.992047
-85644216258.38518 65864052556.213806 5813578522.45387
-85645303604.0896 65862665555.91059 5813622243.371082
-85646390927.2378 65861278537.9048 5813665962.743673
-85647478227.82945 65859891502.19681 5813709680.571631
-85648565505.86429 65858504448.78699 5813753396.854945
-85649652761.34203 65857117377.675705 5813797111.593603
-85650739994.26236 65855730288.863335 5813840824.787593
-85651827204.62502 65854343182.35024 5813884536.436903
-85652914392.42969 65852956058.1368 5813928246.541523
-85654001557.6761 65851568916.22339 5813971955.10144
-85655088700.36395 65850181756.610374 5814015662.116644
-85656175820.49297 65848794579.29813 5814059367.587121
-85657262918.06285 65847407384.28702 5814103071.512861
-85658349993.0733 65846020171.57742 5814146773.893852
-85659437045.52405 65844632941.16971 5814190474.7300825
-85660524075.4148 65843245693.06425 5814234174.021542
-85661611082.74525 65841858427.26141 5814277871.768217
-85662698067.51514 65840471143.76157 5814321567.970097
-85663785029.72415 65839083842.56511 5814365262.62717
-85664871969.37201 65837696523.67238 5814408955.739425
-85665958886.45842 65836309187.08376 5814452647.3068495
-85667045780.9831 65834921832.79963 5814496337.3294325
-85668132652.94574 65833534460.82035 5814540025.807162
-85669219502.34608 65832147071.14629 5814583712.740027
-85670306329.18382 65830759663.77783 5814627398.128016
-85671393133.45866 65829372238.71534 5814671081.971118
-85672479915.17033 65827984795.95919 5814714764.26932
-85673566674.31853 65826597335.50975 5814758445.022611
-85674653410.90297 65825209857.36739 5814802124.230979
-85675740124.92336 65823822361.53249 5814845801.894413
-85676826816.37941 65822434848.00542 5814889478.012901
-85677913485.27083 65821047316.78654 5814933152.586432
-85679000131.59734 65819659767.87623 5814976825.614994
-85680086755.35864 65818272201.274864 5815020497.098576
-85681173356.55446 65816884616.98281 5815064167.037165
-85682259935.18448 65815497015.00044 5815107835.43075
-85683346491.24843 65814109395.328125 5815151502.27932
-85684433024.74602 65812721757.96624 5815195167.582863
-85685519535.67696 65811334102.91515 5815238831.341368
-85686606024.04097 65809946430.17523 5815282493.554823
-85687692489.83775 65808558739.74686 5815326154.223216
-85688778933.06702 65807171031.630394 5815369813.346537
-85689865353.72847 65805783305.82621 5815413470.924772
-85690951751.82182 65804395562.33469 5815457126.9579115
-85692038127.3468 65803007801.15619 5815500781.445943
-85693124480.3031 65801620022.29109 5815544434.388855
-85694210810.69044 65800232225.73976 5815588085.786636
-85695297118.50853 65798844411.50258 5815631735.639275
-85696383403.75708 65797456579.57991 5815675383.946759
-85697469666.4358 65796068729.97212 5815719030.709078
-85698555906.5444 65794680862.679596 5815762675.926219
-85699642124.0826 65793292977.7027 5815806319.598172
-85700728319.0501 65791905075.0418 5815849961.724924
-85701814491.44661 65790517154.69727 5815893602.306464
-85702900641.27185 65789129216.669495 5815937241.342781
-85703986768.52553 65787741260.958824 5815980878.833862
-85705072873.20735 65786353287.56564 5816024514.779697
-85706158955.31703 65784965296.490326 5816068149.180274
-85707245014.8543 65783577287.73324 5816111782.035581
-85708331051.81883 65782189261.29475 5816155413.345606
-85709417066.21036 65780801217.17523 5816199043.110338
-85710503058.0286 65779413155.37506 5816242671.329766
-85711589027.27324 65778025075.89461 5816286298.003879
-85712674973.94402 65776636978.734245 5816329923.132663
-85713760898.04063 65775248863.89434 5816373546.716107
-85714846799.56279 65773860731.37527 5816417168.754202
-85715932678.51021 65772472581.1774 5816460789.246934
-85717018534.8826 65771084413.3011 5816504408.194292
-85718104368.67967 65769696227.74676 5816548025.596265
-85719190179.90114 65768308024.51473 5816591641.45284
-85720275968.5467 65766919803.60539 5816635255.764007
-85721361734.61609 65765531565.01912 5816678868.529754
-85722447478.109 65764143308.75628 5816722479.750069
-85723533199.02515 65762755034.817245 5816766089.42494
-85724618897.36424 65761366743.202385 5816809697.554357
-85725704573.12599 65759978433.91208 5816853304.138307
-85726790226.31012 65758590106.94669 5816896909.176779
-85727875856.91632 65757201762.306595 5816940512.669762
-85728961464.94432 65755813399.992165 5816984114.617244
-85730047050.39383 65754425020.00377 5817027715.019213
-85731132613.26454 65753036622.34178 5817071313.875658
-85732218153.55618 65751648207.00658 5817114911.186567
-85733303671.26846 65750259773.99852 5817158506.951929
-85734389166.4011 65748871323.317986 5817202101.171732
-85735474638.95378 65747482854.96535 5817245693.845964
-85736560088.92624 65746094368.94097 5817289284.974615
-85737645516.31819 65744705865.24524 5817332874.557672
-85738730921.12933 65743317343.87852 5817376462.595123
-85739816303.35938 65741928804.84117 5817420049.086958
-85740901663.00804 65740540248.13358 5817463634.033165
-85741987000.07503 65739151673.75612 5817507217.433732
-85743072314.56006 65737763081.70915 5817550799.288648
-85744157606.46284 65736374471.99306 5817594379.5979
-85745242875.78308 65734985844.6082 5817637958.361479
-85746328122.5205 65733597199.554955 5817681535.579371
-85747413346.67479 65732208536.833694 5817725111.251566
-85748498548.24568 65730819856.44479 5817768685.378052
-85749583727.23288 65729431158.38862 5817812257.958817
-85750668883.6361 65728042442.66554 5817855828.99385
-85751754017.45505 65726653709.27594 5817899398.483139
-85752839128.68944 65725264958.22018 5817942966.426673
-85753924217.33897 65723876189.498634 5817986532.82444
-85755009283.40338 65722487403.11168 5818030097.676429
-85756094326.88237 65721098599.059685 5818073660.982628
-85757179347.77563 65719709777.34302 5818117222.743025
-85758264346.0829 65718320937.96205 5818160782.957609
-85759349321.80388 65716932080.91716 5818204341.6263685
-85760434274.93828 65715543206.20872 5818247898.749292
-85761519205.48581 65714154313.8371 5818291454.326368
-85762604113.44618 65712765403.802666 5818335008.357585
-85763688998.8191 65711376476.1058 5818378560.842931
-85764773861.6043 65709987530.74686 5818422111.782394
-85765858701.80147 65708598567.72623 5818465661.175964
-85766943519.41032 65707209587.04427 5818509209.023628
-85768028314.43059 65705820588.70137 5818552755.325376
-85769113086.86195 65704431572.69789 5818596300.081195
-85770197836.70415 65703042539.0342 5818639843.291074
-85771282563.95688 65701653487.71068 5818683384.955001
-85772367268.61986 65700264418.72769 5818726925.072965
-85773451950.69278 65698875332.08562 5818770463.644954
-85774536610.17538 65697486227.78483 5818814000.670957
-85775621247.06737 65696097105.82569 5818857536.150962
-85776705861.36844 65694707966.20858 5818901070.084958
-85777790453.07831 65693318808.93386 5818944602.472934
-85778875022.1967 65691929634.001915 5818988133.314877
-85779959568.72331 65690540441.41311 5819031662.610776
-85781044092.65787 65689151231.167816 5819075190.36062
-85782128594.00006 65687762003.26641 5819118716.564396
-85783213072.74962 65686372757.70926 5819162241.222095
-85784297528.90625 65684983494.49674 5819205764.333703
-85785381962.46967 65683594213.62923 5819249285.89921
-85786466373.43958 65682204915.10708 5819292805.918603
-85787550761.81569 65680815598.93068 5819336324.391871
-85788635127.59773 65679426265.100395 5819379841.319004
-85789719470.7854 65678036913.6166 5819423356.699989
-85790803791.3784 65676647544.47967 5819466870.534815
-85791888089.37646 65675258157.68997 5819510382.823469
-85792972364.7793 65673868753.24788 5819553893.565942
-85794056617.5866 65672479331.15376 5819597402.76222
-85795140847.79808 65671089891.408 5819640910.412293
-85796225055.41347 65669700434.01095 5819684416.5161495
-85797309240.43246 65668310958.963 5819727921.073777
-85798393402.85478 65666921466.26451 5819771424.085165
-85799477542.68013 65665531955.91586 5819814925.550302
-85800561659.90823 65664142427.91742 5819858425.469174
-85801645754.53879 65662752882.26956 5819901923.841773
-85802729826.57152 65661363318.97266 5819945420.668085
-85803813876.00612 65659973738.02708 5819988915.9481
-85804897902.84232 65658584139.4332 5820032409.681806
-85805981907.07982 65657194523.19138 5820075901.86919
-85807065888.71834 65655804889.30202 5820119392.510242
-85808149847.75758 65654415237.765465 5820162881.604951
-85809233784.19727 65653025568.58209 5820206369.153304
-85810317698.0371 65651635881.75228 5820249855.155291
-85811401589.2768 65650246177.2764 5820293339.610899
-85812485457.91606 65648856455.15482 5820336822.520117
-85813569303.95462 65647466715.38792 5820380303.882934
-85814653127.39217 65646076957.97606 5820423783.699338
-85815736928.22842 65644687182.919624 5820467261.969317
-85816820706.4631 65643297390.21898 5820510738.692861
-85817904462.09592 65641907579.8745 5820554213.869957
-85818988195.12657 65640517751.88655 5820597687.500594
-85820071905.55478 65639127906.25551 5820641159.584761
-85821155593.38025 65637738042.98174 5820684630.122445
-85822239258.6027 65636348162.065636 5820728099.113636
-85823322901.22185 65634958263.507545 5820771566.558322
-85824406521.2374 65633568347.30785 5820815032.4564905
-85825490118.64906 65632178413.466934 5820858496.808131
-85826573693.45656 65630788461.98515 5820901959.613233
-85827657245.65958 65629398492.862885 5820945420.871782
-85828740775.25786 65628008506.1005 5820988880.583769
-85829824282.2511 65626618501.69837 5821032338.749182
-85830907766.639 65625228479.656876 5821075795.368009
-85831991228.4213 65623838439.97638 5821119250.440238
-85833074667.59769 65622448382.65726 5821162703.965858
-85834158084.16788 65621058307.699875 5821206155.944859
-85835241478.13159 65619668215.104614 5821249606.377227
-85836324849.48854 65618278104.87184 5821293055.262952
-85837408198.23843 65616887977.00193 5821336502.602022
-85838491524.38098 65615497831.495255 5821379948.394426
-85839574827.9159 65614107668.35219 5821423392.640152
-85840658108.8429 65612717487.5731 5821466835.339189
-85841741367.16168 65611327289.158356 5821510276.491525
-85842824602.87196 65609937073.10834 5821553716.097148
-85843907815.97346 65608546839.423416 5821597154.156047
-85844991006.4659 65607156588.103966 5821640590.668211
-85846074174.34897 65605766319.15035 5821684025.633628
-85847157319.62239 65604376032.56295 5821727459.052286
-85848240442.28587 65602985728.34213 5821770890.924174
-85849323542.33913 65601595406.48827 5821814321.249281
-85850406619.78186 65600205067.00175 5821857750.027595
-85851489674.6138 65598814709.88292 5821901177.259104
-85852572706.83464 65597424335.132164 5821944602.943797
-85853655716.4441 65596033942.749855 5821988027.081662
-85854738703.44191 65594643532.73637 5822031449.6726885
-85855821667.82776 65593253105.09207 5822074870.716864
-85856904609.60136 65591862659.81734 5822118290.214177
-85857987528.76244 65590472196.91254 5822161708.164617
-85859070425.31068 65589081716.378044 5822205124.5681715
-85860153299.24583 65587691218.21423 5822248539.4248295
-85861236150.56758 65586300702.42147 5822291952.734579
-85862318979.27565 65584910169.00014 5822335364.497409
-85863401785.36975 65583519617.9506 5822378774.713308
-85864484568.8496 65582129049.27323 5822422183.382265
-85865567329.71489 65580738462.96841 5822465590.504268
-85866650067.96535 65579347859.03649 5822508996.079304
-85867732783.60068 65577957237.47786 5822552400.107363
-85868815476.6206 65576566598.29289 5822595802.588433
-85869898147.02483 65575175941.48196 5822639203.522504
-85870980794.81306 65573785267.04542 5822682602.909562
-85872063419.98503 65572394574.98366 5822726000.749598
-85873146022.54044 65571003865.29704 5822769397.042599
-85874228602.47899 65569613137.985954 5822812791.788553
-85875311159.8004 65568222393.05076 5822856184.98745
-85876393694.50438 65566831630.49182 5822899576.639277
-85877476206.59065 65565440850.309525 5822942966.744024
-85878558696.05891 65564050052.50424 5822986355.301679
-85879641162.90889 65562659237.07634 5823029742.312229
-85880723607.14029 65561268404.02619 5823073127.775665
-85881806028.75282 65559877553.35417 5823116511.691975
-85882888427.7462 65558486685.06065 5823159894.061146
-85883970804.12013 65557095799.146 5823203274.883167
-85885053157.87433 65555704895.610596 5823246654.158027
-85886135489.00851 65554313974.4548 5823290031.885714
-85887217797.52238 65552923035.679 5823333408.066216
-85888300083.41566 65551532079.28356 5823376782.699524
-85889382346.68806 65550141105.26886 5823420155.785624
-85890464587.3393 65548750113.63526 5823463527.324505
-85891546805.36906 65547359104.38314 5823506897.316156
-85892629000.77708 65545968077.51287 5823550265.760566
-85893711173.56308 65544577033.024826 5823593632.6577215
-85894793323.72675 65543185970.91938 5823636998.007613
-85895875451.2678 65541794891.19691 5823680361.810228
-85896957556.18597 65540403793.85777 5823723724.065556
-85898039638.48096 65539012678.90235 5823767084.773584
-85899121698.15247 65537621546.33102 5823810443.934302
-85900203735.20021 65536230396.14414 5823853801.547698
-85901285749.6239 65534839228.342094 5823897157.61376
-85902367741.42326 65533448042.925255 5823940512.132477
-85903449710.59799 65532056839.89399 5823983865.103837
-85904531657.14781 65530665619.24867 5824027216.527829
-85905613581.07243 65529274380.98968 5824070566.404442
-85906695482.37157 65527883125.11738 5824113914.733664
-85907777361.04492 65526491851.63214 5824157261.515483
-85908859217.09222 65525100560.53435 5824200606.749887
-85909941050.51317 65523709251.82436 5824243950.436867
-85911022861.30748 65522317925.50256 5824287292.576409
-85912104649.47485 65520926581.56932 5824330633.168503
-85913186415.01501 65519535220.02501 5824373972.213137
-85914268157.92767 65518143840.869995 5824417309.710299
-85915349878.21255 65516752444.10466 5824460645.659978
-85916431575.86935 65515361029.72937 5824503980.062162
-85917513250.89778 65513969597.7445 5824547312.916841
-85918594903.29756 65512578148.15042 5824590644.224002
-85919676533.0684 65511186680.94751 5824633973.983634
-85920758140.21002 65509795196.13613 5824677302.195725
-85921839724.72212 65508403693.71667 5824720628.860266
-85922921286.60442 65507012173.68948 5824763953.977242
-85924002825.85661 65505620636.054955 5824807277.546644
-85925084342.47844 65504229080.81345 5824850599.5684595
-85926165836.46959 65502837507.965355 5824893920.042677
-85927247307.82979 65501445917.511024 5824937238.969285
-85928328756.55875 65500054309.45084 5824980556.348272
-85929410182.65617 65498662683.78518 5825023872.179627
-85930491586.12178 65497271040.514404 5825067186.463339
-85931572966.95529 65495879379.63889 5825110499.199395
-85932654325.1564 65494487701.15902 5825153810.387784
-85933735660.72484 65493096005.07515 5825197120.028495
-85934816973.66031 65491704291.387665 5825240428.121516
-85935898263.96252 65490312560.09693 5825283734.666837
-85936979531.6312 65488920811.20332 5825327039.664444
-85938060776.66603 65487529044.707214 5825370343.114327
-85939141999.06674 65486137260.60898 5825413645.016476
-85940223198.83305 65484745458.90899 5825456945.370876
-85941304375.96468 65483353639.60761 5825500244.177519
-85942385530.4613 65481961802.70523 5825543541.436391
-85943466662.32268 65480569948.20221 5825586837.147482
-85944547771.5485 65479178076.09892 5825630131.31078
-85945628858.13846 65477786186.395744 5825673423.926272
-85946709922.0923 65476394279.09305 5825716714.99395
-85947790963.40971 65475002354.1912 5825760004.5138
-85948871982.09042 65473610411.69058 5825803292.48581
-85949952978.13414 65472218451.59156 5825846578.909971
-85951033951.54057 65470826473.89451 5825889863.78627
-85952114902.30943 65469434478.5998 5825933147.114696
-85953195830.44044 65468042465.70781 5825976428.895236
-85954276735.9333 65466650435.21891 5826019709.12788
-85955357618.78773 65465258387.13348 5826062987.812617
-85956438479.00345 65463866321.45187 5826106264.949435
-85957519316.58015 65462474238.174484 5826149540.538322
-85958600131.51756 65461082137.301674 5826192814.5792675
-85959680923.8154 65459690018.83382 5826236087.072259
-85960761693.47336 65458297882.771286 5826279358.017285
-85961842440.49117 65456905729.11445 5826322627.414335
-85962923164.86853 65455513557.863686 5826365895.263397
-85964003866.60516 65454121369.01937 5826409161.56446
-85965084545.70078 65452729162.58187 5826452426.317512
-85966165202.15508 65451336938.55156 5826495689.52254
-85967245835.96779 65449944696.92881 5826538951.179535
-85968326447.13861 65448552437.714 5826582211.288485
-85969407035.66727 65447160160.90749 5826625469.849378
-85970487601.55347 65445767866.50967 5826668726.862203
-85971568144.79692 65444375554.5209 5826711982.326947
-85972648665.39735 65442983224.94155 5826755236.243601
-85973729163.35446 65441590877.77201 5826798488.612152
-85974809638.66797 65440198513.01264 5826841739.43259
-85975890091.33757 65438806130.66382 5826884988.704901
-85976970521.36299 65437413730.725914 5826928236.429075
-85978050928.74396 65436021313.199295 5826971482.605102
-85979131313.48016 65434628878.08434 5827014727.232967
-85980211675.57132 65433236425.381424 5827057970.312662
-85981292015.01715 65431843955.09092 5827101211.844173
-85982372331.81737 65430451467.213196 5827144451.827491
-85983452625.97168 65429058961.74863 5827187690.262602
-85984532897.4798 65427666438.697586 5827230927.149496
-85985613146.34143 65426273898.06045 5827274162.488162
-85986693372.5563 65424881339.83758 5827317396.278587
-85987773576.12411 65423488764.02936 5827360628.5207615
-85988853757.04459 65422096170.636154 5827403859.214672
-85989933915.31743 65420703559.65835 5827447088.360308
-85991014050.94235 65419310931.096306 5827490315.957658
-85992094163.91908 65417918284.9504 5827533542.00671
-85993174254.24731 65416525621.22101 5827576766.507454
-85994254321.92677 65415132939.9085 5827619989.459877
-85995334366.95717 65413740241.013245 5827663210.863969
-85996414389.33821 65412347524.53562 5827706430.719717
-85997494389.06961 65410954790.476 5827749649.02711
-85998574366.15108 65409562038.834755 5827792865.786138
-85999654320.58234 65408169269.61226 5827836080.996787
-86000734252.3631 65406776482.80888 5827879294.659047
-86001814161.49306 65405383678.425 5827922506.772907
-86002894047.97195 65403990856.46099 5827965717.338355
-86003973911.79948 65402598016.91721 5828008926.355379
-86005053752.97536 65401205159.79405 5828052133.823969
-86006133571.4993 65399812285.09187 5828095339.744112
-86007213367.37102 65398419392.81106 5828138544.115797
-86008293140.59023 65397026482.95197 5828181746.9390135
-86009372891.15663 65395633555.51499 5828224948.213749
-86010452619.06995 65394240610.50049 5828268147.939992
-86011532324.32988 65392847647.90884 5828311346.117731
-86012612006.93616 65391454667.74041 5828354542.746956
-86013691666.88849 65390061669.99558 5828397737.827654
-86014771304.18658 65388668654.67472 5828440931.359814
-86015850918.83015 65387275621.778206 5828484123.343425
-86016930510.81892 65385882571.306404 5828527313.778475
-86018010080.15259 65384489503.2597 5828570502.664952
-86019089626.83087 65383096417.63845 5828613690.002846
-86020169150.85349 65381703314.44304 5828656875.792145
-86021248652.22014 65380310193.673836 5828700060.032837
-86022328130.93054 65378917055.331215 5828743242.724911
-86023407586.98442 65377523899.41554 5828786423.868355
-86024487020.38147 65376130725.9272 5828829603.463159
-86025566431.12141 65374737534.866554 5828872781.50931
-86026645819.20396 65373344326.233986 5828915958.006797
-86027725184.62885 65371951100.02986 5828959132.955608
-86028804527.39575 65370557856.254555 5829002306.355734
-86029883847.5044 65369164594.90845 5829045478.207161
-86030963144.9545 65367771315.991905 5829088648.509878
-86032042419.74577 65366378019.505295 5829131817.263874
-86033121671.87793 65364984705.449 5829174984.469138
-86034200901.3507 65363591373.82339 5829218150.125658
-86035280108.16376 65362198024.62884 5829261314.233422
-86036359292.31685 65360804657.865715 5829304476.792419
-86037438453.80968 65359411273.5344 5829347637.802639
-86038517592.64195 65358017871.63526 5829390797.264069
-86039596708.81339 65356624452.16867 5829433955.176697
-86040675802.3237 65355231015.135 5829477111.540513
-86041754873.17259 65353837560.53463 5829520266.355505
-86042833921.35979 65352444088.36793 5829563419.621661
-86043912946.885 65351050598.63527 5829606571.338971
-86044991949.74792 65349657091.33703 5829649721.507422
-86046070929.9483 65348263566.47357 5829692870.127004
-86047149887.48582 65346870024.04528 5829736017.197704
-86048228822.36021 65345476464.05252 5829779162.719512
-86049307734.57118 65344082886.495674 5829822306.692415
-86050386624.11845 65342689291.37511 5829865449.116404
-86051465491.00172 65341295678.69119 5829908589.991465
-86052544335.2207 65339902048.444305 5829951729.317588
-86053623156.77512 65338508400.63483 5829994867.094761
-86054701955.66467 65337114735.263115 5830038003.322972
-86055780731.88908 65335721052.32955 5830081138.002212
-86056859485.44807 65334327351.83451 5830124271.132466
-86057938216.34134 65332933633.778366 5830167402.713726
-86059016924.5686 65331539898.16148 5830210532.745978
-86060095610.12958 65330146144.984245 5830253661.229213
-86061174273.02397 65328752374.24702 5830296788.163417
-86062252913.25151 65327358585.95018 5830339913.54858
-86063331530.81189 65325964780.0941 5830383037.38469
-86064410125.70483 65324570956.67915 5830426159.671737
-86065488697.93005 65323177115.70571 5830469280.409708
-86066567247.48726 65321783257.17415 5830512399.598592
-86067645774.37616 65320389381.08484 5830555517.238378
-86068724278.59648 65318995487.438156 5830598633.329054
-86069802760.14793 65317601576.234474 5830641747.870608
-86070881219.03021 65316207647.47416 5830684860.86303
-86071959655.24306 65314813701.15759 5830727972.306309
-86073038068.78616 65313419737.28515 5830771082.200431
-86074116459.65924 65312025755.85719 5830814190.545386
-86075194827.86201 65310631756.8741 5830857297.341164
-86076273173.3942 65309237740.33625 5830900402.587751
-86077351496.2555 65307843706.24401 5830943506.285137
-86078429796.44563 65306449654.597755 5830986608.4333105
-86079508073.96431 65305055585.39786 5831029709.03226
-86080586328.81125 65303661498.64469 5831072808.081974
-86081664560.98616 65302267394.33863 5831115905.582441
-86082742770.48875 65300873272.48005 5831159001.53365
-86083820957.31876 65299479133.06932 5831202095.93559
-86084899121.47586 65298084976.10682 5831245188.788248
-86085977262.9598 65296690801.59291 5831288280.091614
-86087055381.77026 65295296609.52798 5831331369.845675
-86088133477.90698 65293902399.912384 5831374458.050422
-86089211551.36967 65292508172.74651 5831417544.705841
-86090289602.15804 65291113928.03073 5831460629.811922
-86091367630.27179 65289719665.76542 5831503713.368653
-86092445635.71065 65288325385.95094 5831546795.376023
-86093523618.47432 65286931088.58768 5831589875.834021
-86094601578.56253 65285536773.675995 5831632954.742635
-86095679515.97499 65284142441.21627 5831676032.101853
-86096757430.7114 65282748091.20888 5831719107.911665
-86097835322.77148 65281353723.65419 5831762182.172059
-86098913192.15495 65279959338.55258 5831805254.883023
-86099991038.86151 65278564935.90443 5831848326.044546
-86101068862.89088 65277170515.7101 5831891395.656617
-86102146664.24278 65275776077.96996 5831934463.719224
-86103224442.91692 65274381622.6844 5831977530.232356
-86104302198.91301 65272987149.85379 5832020595.196001
-86105379932.23076 65271592659.47849 5832063658.610148
-86106457642.86989 65270198151.55889 5832106720.474786
-86107535330.83011 65268803626.09535 5832149780.789903
-86108612996.11113 65267409083.08825 5832192839.555487
-86109690638.71268 65266014522.537964 5832235896.771527
-86110768258.63445 65264619944.44486 5832278952.438013
-86111845855.87616 65263225348.80932 5832322006.554933
-86112923430.43753 65261830735.63171 5832365059.122273
-86114000982.31828 65260436104.9124 5832408110.140025
-86115078511.51811 65259041456.65177 5832451159.608176
-86116156018.03674 65257646790.8502 5832494207.526715
-86117233501.87389 65256252107.50805 5832537253.895631
-86118310963.02925 65254857406.6257 5832580298.714911
-86119388401.50256 65253462688.20353 5832623341.984546
-86120465817.29352 65252067952.241905 5832666383.704522
-86121543210.40184 65250673198.741196 5832709423.874829
-86122620580.82724 65249278427.70178 5832752462.495456
-86123697928.56944 65247883639.12404 5832795499.56639
-86124775253.62814 65246488833.00833 5832838535.087622
-86125852556.00307 65245094009.35504 5832881569.059138
-86126929835.69392 65243699168.164536 5832924601.480928
-86128007092.70042 65242304309.437195 5832967632.352981
-86129084327.02228 65240909433.173386 5833010661.675284
-86130161538.65921 65239514539.37348 5833053689.447827
-86131238727.61093 65238119628.037865 5833096715.670599
-86132315893.87715 65236724699.1669 5833139740.343587
-86133393037.45758 65235329752.76096 5833182763.466781
-86134470158.35194 65233934788.82043 5833225785.040168
