52594745734.07153 -14091013699.370861 -6022197772.580765
52595002036.162895 -14086075468.649136 -6021817554.122799
52595257928.32483 -14081137133.6924 -6021437289.546228
52595513410.53325 -14076198694.53266 -6021056978.851459
52595768482.76408 -14071260151.201923 -6020676622.0388975
52596023144.99323 -14066321503.732206 -6020296219.1089525
52596277397.19664 -14061382752.155527 -6019915770.062032
52596531239.35022 -14056443896.50391 -6019535274.898543
52596784671.4299 -14051504936.809381 -6019154733.618897
52597037693.411606 -14046565873.103975 -6018774146.223502
52597290305.271255 -14041626705.419727 -6018393512.712769
52597542506.98479 -14036687433.788677 -6018012833.087107
52597794298.52812 -14031748058.242872 -6017632107.346927
52598045679.8772 -14026808578.814362 -6017251335.492641
52598296651.00794 -14021868995.5352 -6016870517.524662
52598547211.89629 -14016929308.437447 -6016489653.4434
52598797362.51818 -14011989517.553164 -6016108743.24927
52599047102.84954 -14007049622.91442 -6015727786.942684
52599296432.86631 -14002109624.553286 -6015346784.524056
52599545352.544426 -13997169522.50184 -6014965735.993801
52599793861.85983 -13992229316.792164 -6014584641.352333
52600041960.78847 -13987289007.45634 -6014203500.600068
52600289649.306274 -13982348594.52646 -6013822313.737421
52600536927.38919 -13977408078.034618 -6013441080.764809
52600783795.01317 -13972467458.012915 -6013059801.682647
52601030252.154144 -13967526734.49345 -6012678476.491353
52601276298.78807 -13962585907.508333 -6012297105.191345
52601521934.8909 -13957644977.089678 -6011915687.783042
52601767160.438576 -13952703943.269598 -6011534224.266861
52602011975.40705 -13947762806.080217 -6011152714.643222
52602256379.77228 -13942821565.55366 -6010771158.912544
52602500373.510216 -13937880221.722054 -6010389557.075248
52602743956.59681 -13932938774.617537 -6010007909.131753
52602987129.00802 -13927997224.272245 -6009626215.082481
52603229890.7198 -13923055570.718323 -6009244474.927854
52603472241.708115 -13918113813.987919 -6008862688.668292
52603714181.94892 -13913171954.113184 -6008480856.304219
52603955711.41818 -13908229991.126274 -6008098977.836059
52604196830.09186 -13903287925.059353 -6007717053.264233
52604437537.94591 -13898345755.944584 -6007335082.589166
52604677834.95631 -13893403483.814137 -6006953065.811282
52604917721.099014 -13888461108.700188 -6006571002.931006
52605157196.35 -13883518630.634914 -6006188893.948765
52605396260.68523 -13878576049.6505 -6005806738.864983
52605634914.08067 -13873633365.77913 -6005424537.680085
52605873156.51231 -13868690579.053003 -6005042290.394501
52606110987.9561 -13863747689.50431 -6004659997.008656
52606348408.38802 -13858804697.165255 -6004277657.522978
52606585417.78406 -13853861602.06804 -6003895271.937896
52606822016.12018 -13848918404.24488 -6003512840.253838
52607058203.37236 -13843975103.727987 -6003130362.471233
52607293979.51659 -13839031700.54958 -6002747838.590512
52607529344.52883 -13834088194.74188 -6002365268.612104
52607764298.38508 -13829144586.337118 -6001982652.53644
52607998841.06132 -13824200875.367525 -6001599990.363951
52608232972.53352 -13819257061.86534 -6001217282.095068
52608466692.77769 -13814313145.8628 -6000834527.730224
52608700001.76979 -13809369127.392155 -6000451727.269851
52608932899.485825 -13804425006.485653 -6000068880.714382
52609165385.90178 -13799480783.175549 -5999685988.064251
52609397460.993645 -13794536457.4941 -5999303049.319892
52609629124.73742 -13789592029.473572 -5998920064.481739
52609860377.109085 -13784647499.146233 -5998537033.550227
52610091218.08464 -13779702866.544353 -5998153956.525792
52610321647.64008 -13774758131.70021 -5997770833.40887
52610551665.75141 -13769813294.646088 -5997387664.199896
52610781272.39462 -13764868355.414268 -5997004448.899308
52611010467.545715 -13759923314.037045 -5996621187.507544
52611239251.18069 -13754978170.54671 -5996237880.025041
52611467623.27555 -13750032924.975563 -5995854526.452237
52611695583.8063 -13745087577.355907 -5995471126.789572
52611923132.74894 -13740142127.720053 -5995087681.037484
52612150270.07948 -13735196576.100311 -5994704189.196414
52612376995.77393 -13730250922.529 -5994320651.266802
52612603309.8083 -13725305167.038439 -5993937067.249088
52612829212.158585 -13720359309.660955 -5993553437.143714
52613054702.80081 -13715413350.428879 -5993169760.951121
52613279781.71099 -13710467289.374544 -5992786038.671753
52613504448.865135 -13705521126.53029 -5992402270.30605
52613728704.23926 -13700574861.928463 -5992018455.854458
52613952547.80938 -13695628495.601408 -5991634595.317418
52614175979.55151 -13690682027.58148 -5991250688.695376
52614398999.44168 -13685735457.901035 -5990866735.988776
52614621607.4559 -13680788786.592436 -5990482737.198064
52614843803.5702 -13675842013.688047 -5990098692.323685
52615065587.7606 -13670895139.22024 -5989714601.366084
52615286960.00312 -13665948163.221388 -5989330464.325709
52615507920.27379 -13661001085.723873 -5988946281.203007
52615728468.54864 -13656053906.760078 -5988562051.998425
52615948604.80369 -13651106626.36239 -5988177776.712411
52616168329.01498 -13646159244.563204 -5987793455.345414
52616387641.15852 -13641211761.394917 -5987409087.897883
52616606541.21037 -13636264176.889929 -5987024674.370268
52616825029.14655 -13631316491.080648 -5986640214.763018
52617043104.9431 -13626368703.999485 -5986255709.076583
52617260768.57605 -13621420815.678854 -5985871157.311415
52617478020.02144 -13616472826.151176 -5985486559.467965
52617694859.25531 -13611524735.448875 -5985101915.546685
52617911286.2537 -13606576543.604378 -5984717225.548028
52618127300.99265 -13601628250.65012 -5984332489.472446
52618342903.44821 -13596679856.618536 -5983947707.320394
52618558093.59641 -13591731361.54207 -5983562879.092323
52618772871.413315 -13586782765.453169 -5983178004.78869
52618987236.874954 -13581834068.384283 -5982793084.409948
52619201189.95738 -13576885270.367868 -5982408117.956554
52619414730.63665 -13571936371.436384 -5982023105.428963
52619627858.88881 -13566987371.622293 -5981638046.827631
52619840574.68991 -13562038270.958067 -5981252942.153015
52620052878.01601 -13557089069.476177 -5980867791.405573
52620264768.84315 -13552139767.209103 -5980482594.585762
52620476247.1474 -13547190364.189325 -5980097351.69404
52620687312.904816 -13542240860.449331 -5979712062.730866
52620897966.09145 -13537291256.021612 -5979326727.6967
52621108206.68337 -13532341550.938663 -5978941346.592001
52621318034.65664 -13527391745.232986 -5978555919.41723
52621527449.98731 -13522441838.937084 -5978170446.172846
52621736452.65145 -13517491832.083467 -5977784926.859312
52621945042.62513 -13512541724.704649 -5977399361.477089
52622153219.88441 -13507591516.833147 -5977013750.026639
52622360984.40536 -13502641208.501484 -5976628092.508425
52622568336.16405 -13497690799.742188 -5976242388.922909
52622775275.13655 -13492740290.587788 -5975856639.2705555
52622981801.29894 -13487789681.070822 -5975470843.551829
52623187914.62729 -13482838971.22383 -5975085001.767194
52623393615.097664 -13477888161.079355 -5974699113.917115
52623598902.68615 -13472937250.66995 -5974313180.002058
52623803777.36882 -13467986240.028168 -5973927200.022489
52624008239.12176 -13463035129.186565 -5973541173.978874
52624212287.921036 -13458083918.177706 -5973155101.871681
52624415923.742744 -13453132607.034157 -5972768983.701377
52624619146.56296 -13448181195.78849 -5972382819.46843
52624821956.357765 -13443229684.473282 -5971996609.173308
52625024353.10326 -13438278073.121113 -5971610352.816482
52625226336.77551 -13433326361.764568 -5971224050.398418
52625427907.35062 -13428374550.43624 -5970837701.91959
52625629064.804665 -13423422639.168718 -5970451307.3804655
52625829809.11375 -13418470627.994606 -5970064866.781517
52626030140.25396 -13413518516.946503 -5969678380.123216
52626230058.20139 -13408566306.057018 -5969291847.406033
52626429562.93214 -13403613995.358765 -5968905268.630441
52626628654.422295 -13398661584.884357 -5968518643.796913
52626827332.647964 -13393709074.666418 -5968131972.905924
52627025597.58524 -13388756464.737574 -5967745255.957946
52627223449.21023 -13383803755.130453 -5967358492.953454
52627420887.49902 -13378850945.87769 -5966971683.892922
52627617912.42773 -13373898037.011925 -5966584828.776827
52627814523.97245 -13368945028.5658 -5966197927.605644
52628010722.1093 -13363991920.571964 -5965810980.379849
52628206506.81438 -13359038713.06307 -5965423987.09992
52628401878.06379 -13354085406.071775 -5965036947.766334
52628596835.83366 -13349131999.63074 -5964649862.379567
52628791380.10008 -13344178493.772629 -5964262730.9401
52628985510.83918 -13339224888.530115 -5963875553.44841
52629179228.02706 -13334271183.935873 -5963488329.904977
52629372531.63985 -13329317380.022581 -5963101060.31028
52629565421.65365 -13324363476.822924 -5962713744.6648
52629757898.044586 -13319409474.36959 -5962326382.969018
52629949960.78878 -13314455372.695272 -5961938975.223414
52630141609.86235 -13309501171.832668 -5961551521.428472
52630332845.24142 -13304546871.81448 -5961164021.584672
52630523666.90211 -13299592472.673412 -5960776475.692498
52630714074.82054 -13294637974.442177 -5960388883.752433
52630904068.97285 -13289683377.15349 -5960001245.76496
52631093649.33515 -13284728680.84007 -5959613561.730565
52631282815.88358 -13279773885.534643 -5959225831.649731
52631471568.59428 -13274818991.269938 -5958838055.5229435
52631659907.44336 -13269863998.078686 -5958450233.350689
52631847832.40697 -13264908905.993626 -5958062365.133452
52632035343.46123 -13259953715.047499 -5957674450.871721
52632222440.58228 -13254998425.273054 -5957286490.565983
52632409123.74627 -13250043036.703041 -5956898484.216724
52632595392.92933 -13245087549.370216 -5956510431.824434
52632781248.10759 -13240131963.30734 -5956122333.389602
52632966689.2572 -13235176278.547176 -5955734188.912715
52633151716.35431 -13230220495.122496 -5955345998.394263
52633336329.37505 -13225264613.06607 -5954957761.834738
52633520528.29558 -13220308632.41068 -5954569479.234629
52633704313.09203 -13215352553.189108 -5954181150.594427
52633887683.74056 -13210396375.43414 -5953792775.914625
52634070640.217316 -13205440099.178566 -5953404355.195714
52634253182.49844 -13200483724.455185 -5953015888.438187
52634435310.560104 -13195527251.296797 -5952627375.642536
52634617024.37844 -13190570679.736208 -5952238816.809257
52634798323.92962 -13185614009.806227 -5951850211.938842
52634979209.18979 -13180657241.539667 -5951461561.031786
52635159680.13511 -13175700374.969349 -5951072864.088585
52635339736.74174 -13170743410.128096 -5950684121.109734
52635519378.98584 -13165786347.048735 -5950295332.095728
52635698606.843575 -13160829185.764097 -5949906497.047065
52635877420.29111 -13155871926.30702 -5949517615.964241
52636055819.304596 -13150914568.710346 -5949128688.8477545
52636233803.860214 -13145957113.00692 -5948739715.698103
52636411373.93412 -13140999559.229591 -5948350696.515785
52636588529.50249 -13136041907.411217 -5947961631.3013
52636765270.54149 -13131084157.584654 -5947572520.055146
52636941597.0273 -13126126309.782766 -5947183362.777825
52637117508.93608 -13121168364.038424 -5946794159.469836
52637293006.24401 -13116210320.384497 -5946404910.131681
52637468088.92727 -13111252178.853865 -5946015614.763862
52637642756.96203 -13106293939.479408 -5945626273.3668785
52637817010.32447 -13101335602.294014 -5945236885.941236
52637990848.990776 -13096377167.330572 -5944847452.487435
52638164272.937126 -13091418634.621977 -5944457973.0059805
52638337282.1397 -13086460004.20113 -5944068447.497376
52638509876.574684 -13081501276.100935 -5943678875.962127
52638682056.21826 -13076542450.354301 -5943289258.400736
52638853821.04662 -13071583526.99414 -5942899594.81371
52639025171.03596 -13066624506.053373 -5942509885.201555
52639196106.16245 -13061665387.564919 -5942120129.564778
52639366626.4023 -13056706171.561705 -5941730327.903886
52639536731.73168 -13051746858.076664 -5941340480.219385
52639706422.1268 -13046787447.14273 -5940950586.511784
52639875697.56386 -13041827938.792847 -5940560646.78159
52640044558.01904 -13036868333.059956 -5940170661.029314
52640213003.46855 -13031908629.977007 -5939780629.255465
52640381033.88859 -13026948829.576954 -5939390551.460551
52640548649.25535 -13021988931.892756 -5939000427.645085
52640715849.54504 -13017028936.957375 -5938610257.809577
52640882634.733864 -13012068844.803778 -5938220041.954537
52641049004.79803 -13007108655.464937 -5937829780.08048
52641214959.71373 -13002148368.973831 -5937439472.187915
52641380499.457184 -12997187985.36344 -5937049118.277357
52641545624.0046 -12992227504.666746 -5936658718.3493185
52641710333.33219 -12987266926.916742 -5936268272.404314
52641874627.41617 -12982306252.146421 -5935877780.442858
52642038506.232735 -12977345480.388784 -5935487242.465465
52642201969.75812 -12972384611.676832 -5935096658.472651
52642365017.96853 -12967423646.043575 -5934706028.464931
52642527650.84019 -12962462583.522024 -5934315352.4428215
52642689868.349304 -12957501424.145197 -5933924630.40684
52642851670.47211 -12952540167.946114 -5933533862.357504
52643013057.18482 -12947578814.957802 -5933143048.295331
52643174028.46367 -12942617365.213291 -5932752188.2208395
52643334584.28487 -12937655818.745617 -5932361282.134548
52643494724.62465 -12932694175.58782 -5931970330.036976
52643654449.459236 -12927732435.772943 -5931579331.928643
52643813758.76486 -12922770599.334036 -5931188287.810071
52643972652.51775 -12917808666.30415 -5930797197.68178
52644131130.694145 -12912846636.716343 -5930406061.544291
52644289193.27027 -12907884510.603678 -5930014879.398126
52644446840.22237 -12902922287.99922 -5929623651.243807
52644604071.526665 -12897959968.936043 -5929232377.081858
52644760887.15941 -12892997553.44722 -5928841056.912802
52644917287.09683 -12888035041.565832 -5928449690.737162
52645073271.31517 -12883072433.324965 -5928058278.555463
52645228839.79067 -12878109728.757708 -5927666820.36823
52645383992.49958 -12873146927.897154 -5927275316.175988
52645538729.41814 -12868184030.776402 -5926883765.979264
52645693050.52259 -12863221037.428553 -5926492169.778584
52645846955.78919 -12858257947.886715 -5926100527.574473
52646000445.19418 -12853294762.184 -5925708839.367461
52646153518.71381 -12848331480.353525 -5925317105.158074
52646306176.32434 -12843368102.428411 -5924925324.946842
52646458418.002014 -12838404628.441784 -5924533498.734293
52646610243.72309 -12833441058.426771 -5924141626.520956
52646761653.46383 -12828477392.41651 -5923749708.307362
52646912647.20048 -12823513630.444136 -5923357744.09404
52647063224.9093 -12818549772.542795 -5922965733.881521
52647213386.56656 -12813585818.745636 -5922573677.670338
52647363132.14851 -12808621769.08581 -5922181575.46102
52647512461.631424 -12803657623.596474 -5921789427.254103
52647661374.99156 -12798693382.31079 -5921397233.0501175
52647809872.20519 -12793729045.261923 -5921004992.849597
52647957953.24858 -12788764612.483046 -5920612706.653076
52648105618.09799 -12783800084.007332 -5920220374.461089
52648252866.7297 -12778835459.867962 -5919827996.274171
52648399699.11997 -12773870740.09812 -5919435572.092856
52648546115.24509 -12768905924.730993 -5919043101.917682
52648692115.08132 -12763941013.799776 -5918650585.749184
52648837698.60495 -12758976007.337667 -5918258023.587899
52648982865.792244 -12754010905.377867 -5917865415.434365
52649127616.619484 -12749045707.953583 -5917472761.28912
52649271951.06296 -12744080415.098026 -5917080061.152701
52649415869.09894 -12739115026.844414 -5916687315.025648
52649559370.70371 -12734149543.225965 -5916294522.908501
52649702455.85357 -12729183964.275908 -5915901684.801798
52649845124.52479 -12724218290.027468 -5915508800.706081
52649987376.693665 -12719252520.51388 -5915115870.621891
52650129212.33648 -12714286655.768383 -5914722894.549768
52650270631.42953 -12709320695.82422 -5914329872.490256
52650411633.9491 -12704354640.71464 -5913936804.443896
52650552219.87148 -12699388490.472893 -5913543690.411231
52650692389.17298 -12694422245.132236 -5913150530.392805
52650832141.829895 -12689455904.725931 -5912757324.389161
52650971477.81851 -12684489469.287243 -5912364072.400845
52651110397.115135 -12679522938.849443 -5911970774.4284
52651248899.69606 -12674556313.445807 -5911577430.472373
52651386985.5376 -12669589593.109612 -5911184040.533309
52651524654.61604 -12664622777.874142 -5910790604.611754
52651661906.90771 -12659655867.772686 -5910397122.708257
52651798742.38889 -12654688862.838537 -5910003594.823363
52651935161.03591 -12649721763.104992 -5909610020.957623
52652071162.82507 -12644754568.605352 -5909216401.111583
52652206747.73268 -12639787279.372925 -5908822735.285792
52652341915.735054 -12634819895.441021 -5908429023.480801
52652476666.80851 -12629852416.842957 -5908035265.697159
52652611000.92935 -12624884843.612053 -5907641461.935416
52652744918.073906 -12619917175.781633 -5907247612.196124
52652878418.21849 -12614949413.385027 -5906853716.479835
52653011501.33942 -12609981556.455566 -5906459774.787099
52653144167.41301 -12605013605.02659 -5906065787.118469
52653276416.415596 -12600045559.131443 -5905671753.4745
52653408248.323494 -12595077418.80347 -5905277673.855743
52653539663.11304 -12590109184.076025 -5904883548.262754
52653670660.760544 -12585140854.982464 -5904489376.696087
52653801241.24235 -12580172431.556147 -5904095159.156296
52653931404.534775 -12575203913.830439 -5903700895.643937
52654061150.61416 -12570235301.83871 -5903306586.159567
52654190479.45683 -12565266595.614338 -5902912230.703741
52654319391.03913 -12560297795.190699 -5902517829.277018
52654447885.33739 -12555328900.601175 -5902123381.879953
52654575962.327934 -12550359911.879158 -5901728888.513106
52654703621.98712 -12545390829.058039 -5901334349.177035
52654830864.29128 -12540421652.171215 -5900939763.872299
52654957689.21676 -12535452381.252089 -5900545132.599459
52655084096.73989 -12530483016.334064 -5900150455.359073
52655210086.83703 -12525513557.450556 -5899755732.151702
52655335659.48451 -12520544004.634975 -5899360962.977908
52655460814.6587 -12515574357.920746 -5898966147.838252
52655585552.33593 -12510604617.34129 -5898571286.733296
52655709872.49255 -12505634782.930037 -5898176379.663603
52655833775.10493 -12500664854.72042 -5897781426.629736
52655957260.14941 -12495694832.74588 -5897386427.632258
52656080327.60234 -12490724717.039856 -5896991382.671735
52656202977.44009 -12485754507.635798 -5896596291.74873
52656325209.639 -12480784204.567156 -5896201154.863808
52656447024.175446 -12475813807.867386 -5895805972.017535
52656568421.02578 -12470843317.56995 -5895410743.210478
52656689400.16637 -12465872733.708313 -5895015468.443202
52656809961.57357 -12460902056.315945 -5894620147.716276
52656930105.22376 -12455931285.426321 -5894224781.030267
52657049831.0933 -12450960421.07292 -5893829368.385742
52657169139.158554 -12445989463.289225 -5893433909.783272
52657288029.3959 -12441018412.108723 -5893038405.223425
52657406501.78169 -12436047267.564909 -5892642854.70677
52657524556.29232 -12431076029.691278 -5892247258.233878
52657642192.90415 -12426104698.521334 -5891851615.80532
52657759411.59357 -12421133274.088581 -5891455927.421667
52657876212.33694 -12416161756.42653 -5891060193.083491
52657992595.11064 -12411190145.568699 -5890664412.791364
52658108559.89106 -12406218441.548607 -5890268586.545858
52658224106.65458 -12401246644.399776 -5889872714.347548
52658339235.37758 -12396274754.155739 -5889476796.197006
52658453946.03644 -12391302770.850027 -5889080832.094808
52658568238.60755 -12386330694.516178 -5888684822.041527
52658682113.0673 -12381358525.187737 -5888288766.03774
52658795569.392075 -12376386262.898249 -5887892664.084022
52658908607.55827 -12371413907.681265 -5887496516.180948
52659021227.54228 -12366441459.570343 -5887100322.329098
52659133429.32049 -12361468918.599045 -5886704082.529046
52659245212.86929 -12356496284.800936 -5886307796.781372
52659356578.16509 -12351523558.209583 -5885911465.086654
52659467525.18429 -12346550738.858564 -5885515087.44547
52659578053.903275 -12341577826.781458 -5885118663.8584
52659688164.298454 -12336604822.011847 -5884722194.326025
52659797856.34623 -12331631724.583319 -5884325678.848924
52659907130.02301 -12326658534.529469 -5883929117.427678
52660015985.30519 -12321685251.883892 -5883532510.062869
52660124422.16919 -12316711876.680191 -5883135856.755078
52660232440.59141 -12311738408.951973 -5882739157.504889
52660340040.548256 -12306764848.73285 -5882342412.312883
52660447222.01614 -12301791196.056433 -5881945621.179646
52660553984.97149 -12296817450.956347 -5881548784.10576
52660660329.39071 -12291843613.466213 -5881151901.091809
52660766255.25021 -12286869683.619663 -5880754972.13838
52660871762.52642 -12281895661.45033 -5880357997.2460575
52660976851.19575 -12276921546.991854 -5879960976.415427
52661081521.23462 -12271947340.277874 -5879563909.647076
52661185772.61945 -12266973041.34204 -5879166796.94159
52661289605.32668 -12261998650.218002 -5878769638.299559
52661393019.332726 -12257024166.939419 -5878372433.721569
52661496014.614006 -12252049591.539951 -5877975183.20821
52661598591.14696 -12247074924.053265 -5877577886.76007
52661700748.908005 -12242100164.51303 -5877180544.377739
52661802487.87358 -12237125312.95292 -5876783156.061807
52661903808.02013 -12232150369.406618 -5876385721.812864
52662004709.324066 -12227175333.907804 -5875988241.631503
52662105191.76184 -12222200206.490168 -5875590715.518314
52662205255.30988 -12217224987.187403 -5875193143.47389
52662304899.94463 -12212249676.033207 -5874795525.498823
52662404125.64253 -12207274273.061281 -5874397861.593707
52662502932.38002 -12202298778.305332 -5874000151.759135
52662601320.133545 -12197323191.799072 -5873602395.995702
52662699288.87955 -12192347513.576218 -5873204594.304002
52662796838.594475 -12187371743.670488 -5872806746.684629
52662893969.254776 -12182395882.115608 -5872408853.138182
52662990680.8369 -12177419928.945309 -5872010913.665255
52663086973.31729 -12172443884.193323 -5871612928.266444
52663182846.67241 -12167467747.89339 -5871214896.9423485
52663278300.87871 -12162491520.079254 -5870816819.693564
52663373335.91264 -12157515200.78466 -5870418696.520691
52663467951.75067 -12152538790.043364 -5870020527.424327
52663562148.36925 -12147562287.889118 -5869622312.405072
52663655925.744835 -12142585694.355688 -5869224051.463526
52663749283.8539 -12137609009.47684 -5868825744.600288
52663842222.6729 -12132632233.28634 -5868427391.815961
52663934742.17829 -12127655365.817968 -5868028993.111144
52664026842.34656 -12122678407.105503 -5867630548.486441
52664118523.15415 -12117701357.182728 -5867232057.942452
52664209784.57755 -12112724216.083433 -5866833521.479783
52664300626.59323 -12107746983.841412 -5866434939.099035
52664391049.17765 -12102769660.490461 -5866036310.800814
52664481052.3073 -12097792246.064384 -5865637636.585723
52664570635.95863 -12092814740.596989 -5865238916.454367
52664659800.10815 -12087837144.122086 -5864840150.4073515
52664748544.73231 -12082859456.67349 -5864441338.445283
52664836869.8076 -12077881678.285027 -5864042480.5687685
52664924775.31051 -12072903808.990517 -5863643576.778414
52665012261.217514 -12067925848.823793 -5863244627.074827
52665099327.5051 -12062947797.81869 -5862845631.458617
52665185974.14975 -12057969656.009045 -5862446589.930391
52665272201.12796 -12052991423.428703 -5862047502.49076
52665358008.416214 -12048013100.111513 -5861648369.140331
52665443395.991 -12043034686.091328 -5861249189.879717
52665528363.82881 -12038056181.402004 -5860849964.709526
52665612911.90614 -12033077586.077404 -5860450693.630371
52665697040.19949 -12028098900.151396 -5860051376.642863
52665780748.685356 -12023120123.657848 -5859652013.747614
52665864037.34023 -12018141256.630638 -5859252604.945237
52665946906.140625 -12013162299.103647 -5858853150.236345
52666029355.06303 -12008183251.110758 -5858453649.621552
52666111384.08395 -12003204112.685862 -5858054103.101473
52666192993.179886 -11998224883.862852 -5857654510.676722
52666274182.327354 -11993245564.675627 -5857254872.347913
52666354951.50286 -11988266155.15809 -5856855188.115664
52666435300.682915 -11983286655.34415 -5856455457.98059
52666515229.844025 -11978307065.267717 -5856055681.943308
52666594738.9627 -11973327384.962711 -5855655860.004436
52666673828.01546 -11968347614.46305 -5855255992.164591
52666752496.97881 -11963367753.802664 -5854856078.424392
52666830745.829285 -11958387803.01548 -5854456118.784458
52666908574.543396 -11953407762.135435 -5854056113.245409
52666985983.09766 -11948427631.19647 -5853656061.807863
52667062971.4686 -11943447410.232529 -5853255964.472443
52667139539.63274 -11938467099.27756 -5852855821.239767
52667215687.566605 -11933486698.365515 -5852455632.110459
52667291415.24672 -11928506207.530355 -5852055397.08514
52667366722.64961 -11923525626.806044 -5851655116.1644335
52667441609.751816 -11918544956.226545 -5851254789.348961
52667516076.52986 -11913564195.825832 -5850854416.639347
52667590122.96028 -11908583345.637882 -5850453998.036215
52667663749.01961 -11903602405.696676 -5850053533.54019
52667736954.68438 -11898621376.0362 -5849653023.151897
52667809739.93113 -11893640256.690441 -5849252466.871963
52667882104.7364 -11888659047.693398 -5848851864.701012
52667954049.07673 -11883677749.079067 -5848451216.639671
52668025572.928665 -11878696360.881454 -5848050522.688568
52668096676.268745 -11873714883.13457 -5847649782.8483305
52668167359.07352 -11868733315.872423 -5847248997.119587
52668237621.31953 -11863751659.129034 -5846848165.502966
52668307462.98332 -11858769912.938425 -5846447287.999097
52668376884.04146 -11853788077.334621 -5846046364.608609
52668445884.47048 -11848806152.351656 -5845645395.332133
52668514464.24695 -11843824138.023563 -5845244380.1703
52668582623.34741 -11838842034.384386 -5844843319.12374
52668650361.74843 -11833859841.468168 -5844442212.193087
52668717679.42656 -11828877559.30896 -5844041059.378971
52668784576.35836 -11823895187.940815 -5843639860.682027
52668851052.52039 -11818912727.397795 -5843238616.102887
52668917107.88922 -11813930177.71396 -5842837325.642186
52668982742.44141 -11808947538.923382 -5842435989.300558
52669047956.15351 -11803964811.06013 -5842034607.078638
52669112749.002106 -11798981994.158281 -5841633178.977061
52669177120.96377 -11793999088.25192 -5841231704.996464
52669241072.01506 -11789016093.375134 -5840830185.137483
52669304602.13255 -11784033009.562012 -5840428619.400754
52669367711.29282 -11779049836.84665 -5840027007.786916
52669430399.47244 -11774066575.263147 -5839625350.296607
52669492666.647995 -11769083224.84561 -5839223646.930465
52669554512.79605 -11764099785.628147 -5838821897.68913
52669615937.893196 -11759116257.644875 -5838420102.57324
52669676941.91601 -11754132640.929909 -5838018261.583437
52669737524.84107 -11749148935.517374 -5837616374.720361
52669797686.64497 -11744165141.441397 -5837214441.984653
52669857427.3043 -11739181258.73611 -5836812463.376956
52669916746.79564 -11734197287.435654 -5836410438.897911
52669975645.09558 -11729213227.574165 -5836008368.548161
52670034122.18071 -11724229079.185793 -5835606252.328349
52670092178.027626 -11719244842.304688 -5835204090.23912
52670149812.61292 -11714260516.965004 -5834801882.2811165
52670207025.91319 -11709276103.200903 -5834399628.454985
52670263817.90504 -11704291601.046549 -5833997328.76137
52670320188.56505 -11699307010.53611 -5833594983.200917
52670376137.869835 -11694322331.70376 -5833192591.774274
52670431665.796 -11689337564.58368 -5832790154.482087
52670486772.32014 -11684352709.210049 -5832387671.325004
52670541457.41886 -11679367765.617056 -5831985142.303672
52670595721.06878 -11674382733.838894 -5831582567.41874
52670649563.2465 -11669397613.90976 -5831179946.670858
52670702983.92863 -11664412405.863853 -5830777280.060675
52670755983.091774 -11659427109.735382 -5830374567.5888405
52670808560.712555 -11654441725.558556 -5829971809.256005
52670860716.76759 -11649456253.36759 -5829569005.06282
52670912451.2335 -11644470693.196703 -5829166155.009938
52670963764.08688 -11639485045.08012 -5828763259.09801
52671014655.304375 -11634499309.05207 -5828360317.327689
52671065124.862595 -11629513485.146788 -5827957329.699629
52671115172.73817 -11624527573.39851 -5827554296.214483
52671164798.907715 -11619541573.84148 -5827151216.872906
52671214003.34786 -11614555486.509945 -5826748091.675551
52671262786.03524 -11609569311.438156 -5826344920.6230755
52671311146.94648 -11604583048.660372 -5825941703.716134
52671359086.058205 -11599596698.210852 -5825538440.955383
52671406603.34705 -11594610260.123861 -5825135132.34148
52671453698.789665 -11589623734.433672 -5824731777.875082
52671500372.36266 -11584637121.174557 -5824328377.556848
52671546624.042694 -11579650420.380796 -5823924931.387434
52671592453.8064 -11574663632.086676 -5823521439.367501
52671637861.63041 -11569676756.326483 -5823117901.497708
52671682847.49138 -11564689793.13451 -5822714317.778715
52671727411.365944 -11559702742.545057 -5822310688.211183
52671771553.23075 -11554715604.592426 -5821907012.795772
52671815273.062454 -11549728379.310923 -5821503291.533144
52671858570.83769 -11544741066.73486 -5821099524.423963
52671901446.53312 -11539753666.898554 -5820695711.468889
52671943900.12539 -11534766179.836327 -5820291852.668587
52671985931.591156 -11529778605.582502 -5819887948.023719
52672027540.907074 -11524790944.171412 -5819483997.53495
52672068728.049805 -11519803195.637388 -5819080001.202946
52672109492.996 -11514815360.014772 -5818675959.028371
52672149835.72233 -11509827437.337908 -5818271871.011891
52672189756.205444 -11504839427.641144 -5817867737.154173
52672229254.42201 -11499851330.958834 -5817463557.455883
52672268330.348694 -11494863147.325335 -5817059331.917688
52672306983.962166 -11489874876.77501 -5816655060.540257
52672345215.23909 -11484886519.342224 -5816250743.324259
52672383024.156136 -11479898075.06135 -5815846380.270361
52672420410.68998 -11474909543.966764 -5815441971.379233
52672457374.81729 -11469920926.092848 -5815037516.6515465
52672493916.51475 -11464932221.473986 -5814633016.087971
52672530035.75902 -11459943430.14457 -5814228469.6891775
52672565732.52679 -11454954552.138992 -5813823877.455837
52672601006.79474 -11449965587.491653 -5813419239.388623
52672635858.53954 -11444976536.236958 -5813014555.488208
52672670287.73789 -11439987398.409311 -5812609825.755264
52672704294.36647 -11434998174.043129 -5812205050.190466
52672737878.40196 -11430008863.172829 -5811800228.794487
52672771039.82105 -11425019465.832832 -5811395361.568003
52672803778.60043 -11420029982.057568 -5810990448.511687
52672836094.7168 -11415040411.881466 -5810585489.626218
52672867988.146835 -11410050755.338963 -5810180484.91227
52672899458.86725 -11405061012.464499 -5809775434.370521
52672930506.85473 -11400071183.29252 -5809370338.001648
52672961132.08597 -11395081267.857477 -5808965195.806329
52672991334.537674 -11390091266.193823 -5808560007.785242
52673021114.18655 -11385101178.336018 -5808154773.939067
52673050471.009285 -11380111004.318525 -5807749494.268482
52673079404.98259 -11375120744.175814 -5807344168.774169
52673107916.083176 -11370130397.942356 -5806938797.456807
52673136004.28775 -11365139965.65263 -5806533380.317078
52673163669.57301 -11360149447.341118 -5806127917.355662
52673190911.91569 -11355158843.042307 -5805722408.573243
52673217731.29248 -11350168152.790688 -5805316853.970503
52673244127.6801 -11345177376.620758 -5804911253.548125
52673270101.05527 -11340186514.567017 -5804505607.306793
52673295651.39471 -11335195566.66397 -5804099915.247191
52673320778.67513 -11330204532.946129 -5803694177.370005
52673345482.87326 -11325213413.448006 -5803288393.675919
52673369763.96582 -11320222208.204123 -5802882564.165618
52673393621.929535 -11315230917.249 -5802476688.83979
52673417056.74113 -11310239540.61717 -5802070767.699121
52673440068.37733 -11305248078.343164 -5801664800.7443
52673462656.81486 -11300256530.46152 -5801258787.976013
52673484822.03046 -11295264897.006779 -5800852729.39495
52673506564.000854 -11290273178.013489 -5800446625.001799
52673527882.70278 -11285281373.516201 -5800040474.797249
52673548778.11298 -11280289483.549473 -5799634278.781991
52673569250.20819 -11275297508.147863 -5799228036.956716
52673589298.96514 -11270305447.34594 -5798821749.322114
52673608924.36058 -11265313301.17827 -5798415415.878878
52673628126.37125 -11260321069.67943 -5798009036.627699
52673646904.973885 -11255328752.883999 -5797602611.569271
52673665260.14524 -11250336350.826561 -5797196140.704287
52673683191.86206 -11245343863.541704 -5796789624.03344
52673700700.1011 -11240351291.064022 -5796383061.557424
52673717784.839096 -11235358633.428112 -5795976453.276935
52673734446.05282 -11230365890.668575 -5795569799.192667
52673750683.71901 -11225373062.82002 -5795163099.305318
52673766497.81443 -11220380149.917059 -5794756353.615582
52673781888.315834 -11215387151.994307 -5794349562.124158
52673796855.19998 -11210394069.086386 -5793942724.831742
52673811398.443634 -11205400901.22792 -5793535841.739034
52673825518.02355 -11200407648.45354 -5793128912.84673
52673839213.916504 -11195414310.797882 -5792721938.155531
52673852486.09925 -11190420888.295584 -5792314917.666136
52673865334.54856 -11185427380.981289 -5791907851.379245
52673877759.24121 -11180433788.889647 -5791500739.295559
52673889760.15396 -11175440112.055311 -5791093581.415779
52673901337.26359 -11170446350.51294 -5790686377.740607
52673912490.54687 -11165452504.297194 -5790279128.270745
52673923219.980576 -11160458573.442741 -5789871833.006896
52673933525.54149 -11155464557.984255 -5789464491.949763
52673943407.20638 -11150470457.956411 -5789057105.100051
52673952864.95204 -11145476273.39389 -5788649672.458463
52673961898.75525 -11140482004.331377 -5788242194.025704
52673970508.59279 -11135487650.803564 -5787834669.802481
52673978694.441444 -11130493212.845144 -5787427099.789498
52673986456.278 -11125498690.490818 -5787019483.987463
52673993794.079254 -11120504083.775288 -5786611822.397082
52674000707.82199 -11115509392.733265 -5786204115.019064
52674007197.48301 -11110514617.399462 -5785796361.854116
52674013263.03909 -11105519757.808596 -5785388562.902948
52674018904.46705 -11100524813.99539 -5784980718.166268
52674024121.74367 -11095529785.994572 -5784572827.644786
52674028914.84576 -11090534673.840874 -5784164891.339212
52674033283.75011 -11085539477.569033 -5783756909.2502575
52674037228.433525 -11080544197.213789 -5783348881.3786335
52674040748.87282 -11075548832.809889 -5782940807.725052
52674043845.04479 -11070553384.392082 -5782532688.290225
52674046516.926254 -11065557851.995125 -5782124523.074865
52674048764.49401 -11060562235.653776 -5781716312.079687
52674050587.72488 -11055566535.4028 -5781308055.305404
52674051986.59566 -11050570751.276966 -5780899752.75273
52674052961.083176 -11045574883.311049 -5780491404.422381
52674053511.164246 -11040578931.539825 -5780083010.315073
52674053636.81569 -11035582895.99808 -5779674570.431521
52674053338.01432 -11030586776.720598 -5779266084.772443
52674052614.73696 -11025590573.742174 -5778857553.338555
52674051466.960434 -11020594287.097603 -5778448976.130575
52674049894.66157 -11015597916.821686 -5778040353.149222
52674047897.817184 -11010601462.94923 -5777631684.395214
52674045476.40411 -11005604925.515047 -5777222969.869271
52674042630.399185 -11000608304.553951 -5776814209.572113
52674039359.77923 -10995611600.100763 -5776405403.504459
52674035664.52108 -10990614812.190308 -5775996551.667031
52674031544.60158 -10985617940.857412 -5775587654.060551
52674026999.99755 -10980620986.136913 -5775178710.6857395
52674022030.685844 -10975623948.063646 -5774769721.543321
52674016636.643295 -10970626826.672457 -5774360686.634017
52674010817.84675 -10965629621.998192 -5773951605.958552
52674004574.27304 -10960632334.075705 -5773542479.517651
52673997905.899025 -10955634962.939852 -5773133307.3120365
52673990812.701546 -10950637508.625496 -5772724089.342435
52673983294.65745 -10945639971.167501 -5772314825.609572
52673975351.74358 -10940642350.60074 -5771905516.114175
52673966983.936806 -10935644646.960089 -5771496160.856969
52673958191.21397 -10930646860.280428 -5771086759.838682
52673948973.551926 -10925648990.596642 -5770677313.060043
52673939330.927536 -10920651037.943619 -5770267820.52178
52673929263.31766 -10915653002.356255 -5769858282.224621
52673918770.69915 -10910654883.869448 -5769448698.169296
52673907853.04888 -10905656682.518103 -5769039068.356536
52673896510.34371 -10900658398.337126 -5768629392.78707
52673884742.56051 -10895660031.361431 -5768219671.461631
52673872549.67613 -10890661581.625937 -5767809904.380949
52673859931.66746 -10885663049.165564 -5767400091.545757
52673846888.51136 -10880664434.015238 -5766990232.956788
52673833420.18471 -10875665736.209892 -5766580328.614775
52673819526.66437 -10870666955.784462 -5766170378.520452
52673805207.92722 -10865668092.773888 -5765760382.674552
52673790463.95016 -10860669147.213116 -5765350341.077812
52673775294.710045 -10855670119.137094 -5764940253.730967
52673759700.18376 -10850671008.58078 -5764530120.634751
52673743680.3482 -10845671815.579132 -5764119941.789904
52673727235.18024 -10840672540.167112 -5763709717.19716
52673710364.65676 -10835673182.37969 -5763299446.857258
52673693068.75466 -10830673742.25184 -5762889130.770935
52673675347.45083 -10825674219.81854 -5762478768.938931
52673657200.72215 -10820674615.11477 -5762068361.361985
52673638628.54553 -10815674928.17552 -5761657908.040836
52673619630.89786 -10810675159.03578 -5761247408.976226
52673600207.75603 -10805675307.730547 -5760836864.168894
52673580359.09694 -10800675374.294823 -5760426273.619581
52673560084.89749 -10795675358.76361 -5760015637.329031
52673539385.13459 -10790675261.171925 -5759604955.297985
52673518259.78513 -10785675081.554777 -5759194227.527186
52673496708.82603 -10780674819.94719 -5758783454.017379
52673474732.234184 -10775674476.384184 -5758372634.769306
52673452329.98651 -10770674050.900791 -5757961769.783712
52673429502.05992 -10765673543.532043 -5757550859.061343
52673406248.43132 -10760672954.31298 -5757139902.602944
52673382569.07763 -10755672283.278645 -5756728900.409263
52673358463.97576 -10750671530.464083 -5756317852.481044
52673333933.10263 -10745670695.904348 -5755906758.819036
52673308976.43516 -10740669779.634499 -5755495619.423986
52673283593.95027 -10735668781.689594 -5755084434.296643
52673257785.624886 -10730667702.104702 -5754673203.437757
52673231551.43593 -10725666540.914892 -5754261926.848075
52673204891.36033 -10720665298.155241 -5753850604.528348
52673177805.37501 -10715663973.860826 -5753439236.479327
52673150293.4569 -10710662568.066736 -5753027822.701763
52673122355.58294 -10705661080.808058 -5752616363.196407
52673093991.73006 -10700659512.119886 -5752204857.964012
52673065201.87519 -10695657862.037321 -5751793307.005331
52673035985.99527 -10690656130.595465 -5751381710.321116
52673006344.06724 -10685654317.829426 -5750970067.912122
52672976276.06804 -10680652423.774315 -5750558379.779102
52672945781.97461 -10675650448.465252 -5750146645.922812
52672914861.76389 -10670648391.937359 -5749734866.3440075
52672883515.412834 -10665646254.225761 -5749323041.043443
52672851742.898384 -10660644035.365591 -5748911170.021876
52672819544.197495 -10655641735.391985 -5748499253.280064
52672786919.28711 -10650639354.340082 -5748087290.818764
52672753868.14419 -10645636892.24503 -5747675282.638734
52672720390.74568 -10640634349.141975 -5747263228.740732
52672686487.06855 -10635631725.066076 -5746851129.125519
52672652157.089745 -10630629020.05249 -5746438983.793853
52672617400.786224 -10625626234.136381 -5746026792.746495
52672582218.13496 -10620623367.352919 -5745614555.984206
52672546609.1129 -10615620419.737276 -5745202273.507748
52672510573.69702 -10610617391.32463 -5744789945.317882
52672474111.86429 -10605614282.150166 -5744377571.41537
52672437223.591675 -10600611092.249067 -5743965151.800976
52672399908.85614 -10595607821.656528 -5743552686.475463
52672362167.63467 -10590604470.407745 -5743140175.439595
52672323999.90422 -10585601038.53792 -5742727618.694138
52672285405.64178 -10580597526.082258 -5742315016.239855
52672246384.82432 -10575593933.07597 -5741902368.077513
52672206937.428825 -10570590259.55427 -5741489674.207878
52672167063.432274 -10565586505.55238 -5741076934.631717
52672126762.811646 -10560582671.105522 -5740664149.349797
52672086035.54393 -10555578756.248928 -5740251318.362886
52672044881.60611 -10550574761.01783 -5739838441.671753
52672003300.975174 -10545570685.447468 -5739425519.277166
52671961293.628105 -10540566529.573084 -5739012551.179895
52671918859.54191 -10535562293.429926 -5738599537.380711
52671875998.693565 -10530557977.053247 -5738186477.880383
52671832711.060074 -10525553580.478304 -5737773372.679682
52671788996.61844 -10520549103.740358 -5737360221.779381
52671744855.34565 -10515544546.874678 -5736947025.180251
52671700287.21871 -10510539909.916533 -5736533782.883066
52671655292.21462 -10505535192.9012 -5736120494.888599
52671609870.31039 -10500530395.863958 -5735707161.197624
52671564021.48301 -10495525518.840096 -5735293781.810915
52671517745.7095 -10490520561.8649 -5734880356.729247
52671471042.96687 -10485515524.973667 -5734466885.953396
52671423913.23213 -10480510408.201694 -5734053369.484137
52671376356.48229 -10475505211.584288 -5733639807.322247
52671328372.694374 -10470499935.156754 -5733226199.468503
52671279961.84538 -10465494578.954407 -5732812545.923684
52671231123.912346 -10460489143.012566 -5732398846.688567
52671181858.87228 -10455483627.366552 -5731985101.763931
52671132166.7022 -10450478032.051693 -5731571311.150556
52671082047.37914 -10445472357.103321 -5731157474.84922
52671031500.88013 -10440466602.556772 -5730743592.860705
52670980527.18218 -10435460768.447388 -5730329665.185793
52670929126.26233 -10430454854.810513 -5729915691.825263
52670877298.09761 -10425448861.6815 -5729501672.779899
52670825042.66505 -10420442789.095701 -5729087608.050482
52670772359.94168 -10415436637.08848 -5728673497.637796
52670719249.90455 -10410430405.6952 -5728259341.542625
52670665712.530685 -10405424094.95123 -5727845139.765753
52670611747.79713 -10400417704.891943 -5727430892.307964
52670557355.680916 -10395411235.55272 -5727016599.170045
52670502536.1591 -10390404686.96894 -5726602260.35278
52670447289.208725 -10385398059.175997 -5726187875.8569565
52670391614.80683 -10380391352.209278 -5725773445.683361
52670335512.93047 -10375384566.104183 -5725358969.832782
52670278983.5567 -10370377700.896114 -5724944448.306006
52670222026.66257 -10365370756.620478 -5724529881.103823
52670164642.22512 -10360363733.312685 -5724115268.227021
52670106830.22142 -10355356631.008152 -5723700609.676391
52670048590.628525 -10350349449.7423 -5723285905.452722
52669989923.4235 -10345342189.550554 -5722871155.556805
52669930828.5834 -10340334850.468344 -5722456359.989431
52669871306.08528 -10335327432.531105 -5722041518.751394
52669811355.90622 -10330319935.774275 -5721626631.843485
52669750978.02328 -10325312360.2333 -5721211699.266497
52669690172.41352 -10320304705.943626 -5720796721.021223
52669628939.05402 -10315296972.94071 -5720381697.108458
52669567277.92186 -10310289161.260008 -5719966627.5289955
52669505188.9941 -10305281270.936983 -5719551512.283632
52669442672.247826 -10300273302.007103 -5719136351.373163
52669379727.6601 -10295265254.50584 -5718721144.798385
52669316355.20802 -10290257128.46867 -5718305892.560093
52669252554.86866 -10285248923.931076 -5717890594.659086
52669188326.619095 -10280240640.928543 -5717475251.096162
52669123670.43642 -10275232279.496561 -5717059861.872119
52669058586.297714 -10270223839.670628 -5716644426.987756
52668993074.18008 -10265215321.486242 -5716228946.443872
52668927134.060585 -10260206724.978909 -5715813420.241269
52668860765.91634 -10255198050.184137 -5715397848.380746
52668793969.724434 -10250189297.137444 -5714982230.863105
52668726745.46196 -10245180465.874344 -5714566567.689147
52668659093.10602 -10240171556.430365 -5714150858.859675
52668591012.633705 -10235162568.841032 -5713735104.375492
52668522504.022125 -10230153503.14188 -5713319304.237401
52668453567.24838 -10225144359.368446 -5712903458.446206
52668384202.28958 -10220135137.556273 -5712487567.002711
52668314409.122826 -10215125837.740906 -5712071629.907722
52668244187.72522 -10210116459.9579 -5711655647.1620455
52668173538.07388 -10205107004.242807 -5711239618.766485
52668102460.14592 -10200097470.631193 -5710823544.721849
52668030953.91845 -10195087859.15862 -5710407425.028945
52667959019.36858 -10190078169.86066 -5709991259.68858
52667886656.47344 -10185068402.772888 -5709575048.701562
52667813865.210144 -10180058557.930883 -5709158792.068701
52667740645.55582 -10175048635.370232 -5708742489.790806
52667666997.48758 -10170038635.12652 -5708326141.868687
52667592920.98255 -10165028557.235344 -5707909748.303154
52667518416.01787 -10160018401.732302 -5707493309.095019
52667443482.57065 -10155008168.652998 -5707076824.245094
52667368120.61803 -10149997858.03304 -5706660293.754191
52667292330.13714 -10144987469.908037 -5706243717.623122
52667216111.10512 -10139977004.31361 -5705827095.852701
52667139463.4991 -10134966461.28538 -5705410428.443742
52667062387.29622 -10129955840.858973 -5704993715.3970585
52666984882.47362 -10124945143.07002 -5704576956.713467
52666906949.00844 -10119934367.95416 -5704160152.393781
52666828586.87782 -10114923515.547031 -5703743302.438818
52666749796.058914 -10109912585.88428 -5703326406.849395
52666670576.52886 -10104901579.001554 -5702909465.6263275
52666590928.26482 -10099890494.934513 -5702492478.770434
52666510851.24393 -10094879333.718813 -5702075446.282535
52666430345.443344 -10089868095.390118 -5701658368.163445
52666349410.840225 -10084856779.984098 -5701241244.413988
52666268047.41173 -10079845387.536427 -5700824075.034981
52666186255.135 -10074833918.08278 -5700406860.0272455
52666104033.98721 -10069822371.658846 -5699989599.3916025
52666021383.945526 -10064810748.300306 -5699572293.128873
52665938304.9871 -10059799048.042856 -5699154941.23988
52665854797.089096 -10054787270.922194 -5698737543.725446
52665770860.22869 -10049775416.974018 -5698320100.586393
52665686494.38305 -10044763486.234037 -5697902611.823547
52665601699.52934 -10039751478.737963 -5697485077.437732
52665516475.644745 -10034739394.52151 -5697067497.429771
52665430822.70643 -10029727233.620398 -5696649871.800492
52665344740.691574 -10024714996.070354 -5696232200.550719
52665258229.577354 -10019702681.907108 -5695814483.68128
52665171289.34096 -10014690291.166393 -5695396721.193002
52665083919.95956 -10009677823.88395 -5694978913.086712
52664996121.41034 -10004665280.09552 -5694561059.363238
52664907893.670494 -9999652659.836855 -5694143160.02341
52664819236.71721 -9994639963.143705 -5693725215.068056
52664730150.52767 -9989627190.051832 -5693307224.498007
52664640635.07907 -9984614340.596996 -5692889188.314093
52664550690.3486 -9979601414.814966 -5692471106.517145
52664460316.31346 -9974588412.741512 -5692052979.107995
52664369512.95084 -9969575334.412413 -5691634806.087475
52664278280.23795 -9964562179.86345 -5691216587.456417
52664186618.151985 -9959548949.130407 -5690798323.215655
52664094526.67014 -9954535642.249079 -5690380013.366024
52664002005.76963 -9949522259.255259 -5689961657.908357
52663909055.42766 -9944508800.184746 -5689543256.843488
52663815675.62143 -9939495265.073347 -5689124810.172254
52663721866.328156 -9934481653.956873 -5688706317.89549
52663627627.525055 -9929467966.871136 -5688287780.014032
52663532959.18933 -9924454203.851955 -5687869196.52872
52663437861.29821 -9919440364.935156 -5687450567.440389
52663342333.8289 -9914426450.156567 -5687031892.749878
52663246376.75863 -9909412459.55202 -5686613172.458026
52663149990.06461 -9904398393.157352 -5686194406.565672
52663053173.724075 -9899384251.00841 -5685775595.073656
52662955927.71424 -9894370033.141037 -5685356737.98282
52662858252.01234 -9889355739.591085 -5684937835.294003
52662760146.5956 -9884341370.394413 -5684518887.008046
52662661611.441246 -9879326925.586882 -5684099893.125793
52662562646.52652 -9874312405.204357 -5683680853.6480875
52662463251.82865 -9869297809.282711 -5683261768.57577
52662363427.324875 -9864283137.857817 -5682842637.909686
52662263172.99243 -9859268390.965555 -5682423461.65068
52662162488.80856 -9854253568.641813 -5682004239.799596
52662061374.75051 -9849238670.92248 -5681584972.35728
52661959830.79552 -9844223697.843447 -5681165659.324578
52661857856.92082 -9839208649.440617 -5680746300.702337
52661755453.10368 -9834193525.749891 -5680326896.491404
52661652619.32134 -9829178326.807178 -5679907446.692626
52661549355.551056 -9824163052.648392 -5679487951.306851
52661445661.77008 -9819147703.30945 -5679068410.334929
52661341537.955666 -9814132278.826275 -5678648823.77771
52661236984.08507 -9809116779.234795 -5678229191.636043
52661132000.13555 -9804101204.57094 -5677809513.910777
52661026586.08437 -9799085554.87065 -5677389790.602765
52660920741.90879 -9794069830.169863 -5676970021.712858
52660814467.586075 -9789054030.504526 -5676550207.241909
