1847469304949.2493 2278884459433.028 -15470386866.380127
1847468770946.819 2278884856557.662 -15470378473.548689
1847468236944.2915 2278885253682.177 -15470370080.716436
1847467702941.6667 2278885650806.5713 -15470361687.883371
1847467168938.9448 2278886047930.846 -15470353295.049492
1847466634936.1257 2278886445055.001 -15470344902.2148
1847466100933.2095 2278886842179.0356 -15470336509.379293
1847465566930.1958 2278887239302.9507 -15470328116.542974
1847465032927.085 2278887636426.7456 -15470319723.705843
1847464498923.877 2278888033550.421 -15470311330.867897
1847463964920.5718 2278888430673.976 -15470302938.029139
1847463430917.1694 2278888827797.411 -15470294545.189566
1847462896913.6697 2278889224920.7266 -15470286152.34918
1847462362910.0728 2278889622043.922 -15470277759.50798
1847461828906.3787 2278890019166.9976 -15470269366.665968
1847461294902.5874 2278890416289.953 -15470260973.823141
1847460760898.699 2278890813412.7886 -15470252580.979502
1847460226894.7131 2278891210535.5044 -15470244188.135048
1847459692890.6301 2278891607658.1 -15470235795.289782
1847459158886.45 2278892004780.576 -15470227402.4437
1847458624882.1726 2278892401902.932 -15470219009.596807
1847458090877.798 2278892799025.168 -15470210616.7491
1847457556873.3262 2278893196147.284 -15470202223.90058
1847457022868.757 2278893593269.2803 -15470193831.051245
1847456488864.0908 2278893990391.1567 -15470185438.201097
1847455954859.3274 2278894387512.913 -15470177045.350136
1847455420854.4668 2278894784634.5493 -15470168652.498362
1847454886849.5088 2278895181756.066 -15470160259.645773
1847454352844.4536 2278895578877.4624 -15470151866.792372
1847453818839.3013 2278895975998.7393 -15470143473.938156
1847453284834.0518 2278896373119.896 -15470135081.083128
1847452750828.705 2278896770240.9326 -15470126688.227285
1847452216823.261 2278897167361.8496 -15470118295.37063
1847451682817.7197 2278897564482.6465 -15470109902.51316
1847451148812.0813 2278897961603.3237 -15470101509.654879
1847450614806.3457 2278898358723.881 -15470093116.795782
1847450080800.513 2278898755844.318 -15470084723.935873
1847449546794.5828 2278899152964.6353 -15470076331.07515
1847449012788.5554 2278899550084.8325 -15470067938.213614
1847448478782.431 2278899947204.91 -15470059545.351263
1847447944776.2092 2278900344324.8677 -15470051152.4881
1847447410769.8904 2278900741444.705 -15470042759.624123
1847446876763.474 2278901138564.423 -15470034366.759333
1847446342756.9607 2278901535684.0205 -15470025973.893728
1847445808750.35 2278901932803.498 -15470017581.027311
1847445274743.6423 2278902329922.856 -15470009188.16008
1847444740736.8374 2278902727042.0938 -15470000795.292036
1847444206729.935 2278903124161.212 -15469992402.42318
1847443672722.9355 2278903521280.21 -15469984009.553509
1847443138715.8389 2278903918399.088 -15469975616.683025
1847442604708.645 2278904315517.846 -15469967223.811728
1847442070701.354 2278904712636.4844 -15469958830.939617
1847441536693.9656 2278905109755.003 -15469950438.066692
1847441002686.48 2278905506873.4014 -15469942045.192955
1847440468678.8972 2278905903991.6797 -15469933652.318403
1847439934671.2173 2278906301109.8384 -15469925259.443039
1847439400663.4402 2278906698227.877 -15469916866.56686
1847438866655.5657 2278907095345.796 -15469908473.689869
1847438332647.594 2278907492463.5947 -15469900080.812063
1847437798639.5251 2278907889581.2734 -15469891687.933445
1847437264631.3591 2278908286698.8325 -15469883295.054012
1847436730623.096 2278908683816.2715 -15469874902.173767
1847436196614.7354 2278909080933.591 -15469866509.292707
1847435662606.2776 2278909478050.79 -15469858116.410835
1847435128597.7227 2278909875167.869 -15469849723.528149
1847434594589.0706 2278910272284.8286 -15469841330.64465
1847434060580.3213 2278910669401.668 -15469832937.760336
1847433526571.4749 2278911066518.3877 -15469824544.87521
1847432992562.531 2278911463634.9873 -15469816151.98927
1847432458553.49 2278911860751.467 -15469807759.102516
1847431924544.3518 2278912257867.8267 -15469799366.214949
1847431390535.1165 2278912654984.0664 -15469790973.326569
1847430856525.784 2278913052100.1865 -15469782580.437376
1847430322516.354 2278913449216.1865 -15469774187.547369
1847429788506.827 2278913846332.0664 -15469765794.65655
1847429254497.2026 2278914243447.8267 -15469757401.764915
1847428720487.4812 2278914640563.467 -15469749008.872469
1847428186477.6626 2278915037678.987 -15469740615.979208
1847427652467.7466 2278915434794.387 -15469732223.085135
1847427118457.7334 2278915831909.6675 -15469723830.190247
1847426584447.623 2278916229024.828 -15469715437.294546
1847426050437.4155 2278916626139.8687 -15469707044.398031
1847425516427.1108 2278917023254.789 -15469698651.500704
1847424982416.7087 2278917420369.59 -15469690258.602562
1847424448406.2095 2278917817484.2705 -15469681865.703608
1847423914395.613 2278918214598.8315 -15469673472.803839
1847423380384.9194 2278918611713.2725 -15469665079.903257
1847422846374.1287 2278919008827.5933 -15469656687.001862
1847422312363.2405 2278919405941.7944 -15469648294.099653
1847421778352.2551 2278919803055.8755 -15469639901.19663
1847421244341.1726 2278920200169.837 -15469631508.292795
1847420710329.993 2278920597283.678 -15469623115.388147
1847420176318.716 2278920994397.3994 -15469614722.482685
1847419642307.342 2278921391511.001 -15469606329.57641
1847419108295.8706 2278921788624.4824 -15469597936.669321
1847418574284.302 2278922185737.844 -15469589543.76142
1847418040272.6362 2278922582851.086 -15469581150.852703
1847417506260.8733 2278922979964.2075 -15469572757.943174
1847416972249.0132 2278923377077.2095 -15469564365.032831
1847416438237.0557 2278923774190.0913 -15469555972.121675
1847415904225.001 2278924171302.853 -15469547579.209705
1847415370212.849 2278924568415.495 -15469539186.296923
1847414836200.6 2278924965528.017 -15469530793.383326
1847414302188.254 2278925362640.4194 -15469522400.468916
1847413768175.8103 2278925759752.7017 -15469514007.553692
1847413234163.2695 2278926156864.864 -15469505614.637655
1847412700150.6316 2278926553976.9062 -15469497221.720804
1847412166137.8965 2278926951088.8286 -15469488828.80314
1847411632125.0642 2278927348200.6313 -15469480435.884665
1847411098112.1345 2278927745312.314 -15469472042.965374
1847410564099.1077 2278928142423.8765 -15469463650.04527
1847410030085.9836 2278928539535.3193 -15469455257.124353
1847409496072.7625 2278928936646.642 -15469446864.202623
1847408962059.444 2278929333757.845 -15469438471.280079
1847408428046.0286 2278929730868.928 -15469430078.356722
1847407894032.5156 2278930127979.891 -15469421685.43255
1847407360018.9055 2278930525090.7344 -15469413292.507566
1847406826005.1982 2278930922201.4575 -15469404899.581768
1847406291991.3938 2278931319312.061 -15469396506.655157
1847405757977.4922 2278931716422.5444 -15469388113.727732
1847405223963.4932 2278932113532.9077 -15469379720.799494
1847404689949.397 2278932510643.1514 -15469371327.870441
1847404155935.2036 2278932907753.275 -15469362934.940577
1847403621920.913 2278933304863.2783 -15469354542.009897
1847403087906.5254 2278933701973.162 -15469346149.078405
1847402553892.0403 2278934099082.926 -15469337756.146101
1847402019877.458 2278934496192.57 -15469329363.212982
1847401485862.7786 2278934893302.0938 -15469320970.27905
1847400951848.002 2278935290411.4976 -15469312577.344305
1847400417833.1282 2278935687520.7817 -15469304184.408747
1847399883818.1572 2278936084629.946 -15469295791.472374
1847399349803.0889 2278936481738.99 -15469287398.535189
1847398815787.9233 2278936878847.9146 -15469279005.597189
1847398281772.6606 2278937275956.7188 -15469270612.658377
1847397747757.3008 2278937673065.4033 -15469262219.71875
1847397213741.8438 2278938070173.968 -15469253826.77831
1847396679726.2893 2278938467282.4126 -15469245433.837057
1847396145710.6377 2278938864390.7373 -15469237040.89499
1847395611694.889 2278939261498.942 -15469228647.952112
1847395077679.043 2278939658607.027 -15469220255.008419
1847394543663.0999 2278940055714.9917 -15469211862.063913
1847394009647.0593 2278940452822.837 -15469203469.118593
1847393475630.9216 2278940849930.562 -15469195076.17246
1847392941614.6868 2278941247038.167 -15469186683.225513
1847392407598.3547 2278941644145.6523 -15469178290.277754
1847391873581.9255 2278942041253.0176 -15469169897.32918
1847391339565.3992 2278942438360.2627 -15469161504.379793
1847390805548.7754 2278942835467.388 -15469153111.429592
1847390271532.0544 2278943232574.3936 -15469144718.478579
1847389737515.2363 2278943629681.2793 -15469136325.52675
1847389203498.321 2278944026788.045 -15469127932.57411
1847388669481.3086 2278944423894.6904 -15469119539.620657
1847388135464.1987 2278944821001.2163 -15469111146.66639
1847387601446.9917 2278945218107.622 -15469102753.71131
1847387067429.6875 2278945615213.908 -15469094360.755415
1847386533412.2861 2278946012320.074 -15469085967.798708
1847385999394.7876 2278946409426.12 -15469077574.841187
1847385465377.192 2278946806532.0464 -15469069181.882853
1847384931359.4988 2278947203637.8525 -15469060788.923704
1847384397341.7085 2278947600743.539 -15469052395.963743
1847383863323.821 2278947997849.1055 -15469044003.002968
1847383329305.8364 2278948394954.552 -15469035610.04138
1847382795287.7546 2278948792059.8784 -15469027217.07898
1847382261269.5754 2278949189165.085 -15469018824.115765
1847381727251.299 2278949586270.1714 -15469010431.151737
1847381193232.9255 2278949983375.138 -15469002038.186895
1847380659214.4548 2278950380479.985 -15468993645.221241
1847380125195.887 2278950777584.712 -15468985252.254772
1847379591177.2217 2278951174689.319 -15468976859.28749
1847379057158.4592 2278951571793.8057 -15468968466.319395
1847378523139.5996 2278951968898.173 -15468960073.350487
1847377989120.6428 2278952366002.42 -15468951680.380764
1847377455101.5889 2278952763106.5474 -15468943287.410229
1847376921082.4377 2278953160210.5547 -15468934894.438879
1847376387063.1892 2278953557314.442 -15468926501.466717
1847375853043.8435 2278953954418.2095 -15468918108.493742
1847375319024.4006 2278954351521.857 -15468909715.519953
1847374785004.8606 2278954748625.3843 -15468901322.545351
1847374250985.2234 2278955145728.792 -15468892929.569935
1847373716965.4888 2278955542832.0796 -15468884536.593706
1847373182945.657 2278955939935.2476 -15468876143.616663
1847372648925.728 2278956337038.2954 -15468867750.638807
1847372114905.702 2278956734141.223 -15468859357.660137
1847371580885.5786 2278957131244.0312 -15468850964.680655
1847371046865.3582 2278957528346.719 -15468842571.700357
1847370512845.0403 2278957925449.2876 -15468834178.719248
1847369978824.6252 2278958322551.736 -15468825785.737326
1847369444804.113 2278958719654.064 -15468817392.75459
1847368910783.5037 2278959116756.2725 -15468808999.77104
1847368376762.797 2278959513858.361 -15468800606.786676
1847367842741.9932 2278959910960.3296 -15468792213.8015
1847367308721.092 2278960308062.178 -15468783820.81551
1847366774700.0938 2278960705163.9067 -15468775427.828707
1847366240678.9983 2278961102265.5156 -15468767034.84109
1847365706657.8057 2278961499367.0044 -15468758641.85266
1847365172636.5159 2278961896468.373 -15468750248.863417
1847364638615.1287 2278962293569.622 -15468741855.87336
1847364104593.6443 2278962690670.751 -15468733462.88249
1847363570572.0627 2278963087771.7603 -15468725069.890806
1847363036550.384 2278963484872.6494 -15468716676.89831
1847362502528.6082 2278963881973.4185 -15468708283.904999
1847361968506.7349 2278964279074.068 -15468699890.910875
1847361434484.7644 2278964676174.597 -15468691497.915937
1847360900462.6968 2278965073275.007 -15468683104.920187
1847360366440.532 2278965470375.2964 -15468674711.923622
1847359832418.27 2278965867475.466 -15468666318.926245
1847359298395.911 2278966264575.5156 -15468657925.928055
1847358764373.4543 2278966661675.4453 -15468649532.92905
1847358230350.9006 2278967058775.255 -15468641139.929234
1847357696328.2498 2278967455874.945 -15468632746.928602
1847357162305.5017 2278967852974.5146 -15468624353.927158
1847356628282.6565 2278968250073.965 -15468615960.9249
1847356094259.714 2278968647173.295 -15468607567.92183
1847355560236.6743 2278969044272.505 -15468599174.917944
1847355026213.5374 2278969441371.595 -15468590781.913246
1847354492190.3032 2278969838470.5654 -15468582388.907736
1847353958166.972 2278970235569.416 -15468573995.901411
1847353424143.5435 2278970632668.1465 -15468565602.894274
1847352890120.0176 2278971029766.757 -15468557209.886322
1847352356096.3945 2278971426865.2476 -15468548816.877558
1847351822072.6743 2278971823963.618 -15468540423.86798
1847351288048.857 2278972221061.869 -15468532030.857588
1847350754024.9424 2278972618160.0 -15468523637.846382
1847350220000.9307 2278973015258.0107 -15468515244.834364
1847349685976.8215 2278973412355.902 -15468506851.821533
1847349151952.6152 2278973809453.673 -15468498458.807888
1847348617928.3118 2278974206551.3237 -15468490065.79343
1847348083903.9111 2278974603648.855 -15468481672.778158
1847347549879.4133 2278975000746.266 -15468473279.762074
1847347015854.818 2278975397843.5576 -15468464886.745174
1847346481830.1257 2278975794940.729 -15468456493.727463
1847345947805.3362 2278976192037.7803 -15468448100.708937
1847345413780.4495 2278976589134.712 -15468439707.689598
1847344879755.4656 2278976986231.5234 -15468431314.669447
1847344345730.3845 2278977383328.2153 -15468422921.648481
1847343811705.206 2278977780424.787 -15468414528.626703
1847343277679.9304 2278978177521.239 -15468406135.60411
1847342743654.5576 2278978574617.571 -15468397742.580706
1847342209629.0876 2278978971713.7827 -15468389349.556486
1847341675603.5205 2278979368809.8745 -15468380956.531454
1847341141577.8562 2278979765905.8467 -15468372563.50561
1847340607552.0945 2278980163001.6987 -15468364170.47895
1847340073526.2356 2278980560097.431 -15468355777.451479
1847339539500.2795 2278980957193.0435 -15468347384.423193
1847339005474.2263 2278981354288.5356 -15468338991.394094
1847338471448.076 2278981751383.908 -15468330598.364182
1847337937421.8281 2278982148479.1606 -15468322205.333456
1847337403395.4832 2278982545574.2935 -15468313812.301916
1847336869369.041 2278982942669.306 -15468305419.269564
1847336335342.5017 2278983339764.1987 -15468297026.236399
1847335801315.8652 2278983736858.9717 -15468288633.20242
1847335267289.1316 2278984133953.6245 -15468280240.167627
1847334733262.3005 2278984531048.157 -15468271847.13202
1847334199235.3723 2278984928142.5703 -15468263454.095602
1847333665208.347 2278985325236.8633 -15468255061.058369
1847333131181.2244 2278985722331.0366 -15468246668.020323
1847332597154.0046 2278986119425.09 -15468238274.981462
1847332063126.6877 2278986516519.023 -15468229881.94179
1847331529099.2734 2278986913612.8364 -15468221488.901304
1847330995071.762 2278987310706.53 -15468213095.860004
1847330461044.1533 2278987707800.1035 -15468204702.817892
1847329927016.4475 2278988104893.557 -15468196309.774965
1847329392988.6445 2278988501986.8906 -15468187916.731226
1847328858960.7444 2278988899080.1045 -15468179523.686672
1847328324932.7468 2278989296173.198 -15468171130.641306
1847327790904.652 2278989693266.172 -15468162737.595127
1847327256876.4602 2278990090359.026 -15468154344.548134
1847326722848.1711 2278990487451.76 -15468145951.500328
1847326188819.785 2278990884544.374 -15468137558.451708
1847325654791.3013 2278991281636.868 -15468129165.402275
1847325120762.7205 2278991678729.242 -15468120772.352028
1847324586734.0425 2278992075821.4966 -15468112379.300968
1847324052705.2673 2278992472913.631 -15468103986.249096
1847323518676.395 2278992870005.645 -15468095593.19641
1847322984647.4255 2278993267097.5396 -15468087200.14291
1847322450618.3586 2278993664189.314 -15468078807.088596
1847321916589.1946 2278994061280.9688 -15468070414.03347
1847321382559.9333 2278994458372.5034 -15468062020.97753
1847320848530.575 2278994855463.918 -15468053627.920776
1847320314501.1194 2278995252555.213 -15468045234.86321
1847319780471.5667 2278995649646.3877 -15468036841.80483
1847319246441.9165 2278996046737.443 -15468028448.745638
1847318712412.1692 2278996443828.378 -15468020055.68563
1847318178382.3247 2278996840919.193 -15468011662.624811
1847317644352.383 2278997238009.888 -15468003269.563177
1847317110322.3442 2278997635100.4634 -15467994876.50073
1847316576292.2083 2278998032190.9185 -15467986483.43747
1847316042261.9749 2278998429281.254 -15467978090.373396
1847315508231.6443 2278998826371.469 -15467969697.30851
1847314974201.2166 2278999223461.565 -15467961304.24281
1847314440170.6917 2278999620551.5405 -15467952911.176296
1847313906140.0696 2279000017641.396 -15467944518.108969
1847313372109.3503 2279000414731.132 -15467936125.040829
1847312838078.5337 2279000811820.7476 -15467927731.971874
1847312304047.6199 2279001208910.2437 -15467919338.902107
1847311770016.609 2279001605999.6196 -15467910945.831528
1847311235985.5007 2279002003088.8755 -15467902552.760134
1847310701954.2954 2279002400178.0117 -15467894159.687927
1847310167922.993 2279002797267.028 -15467885766.614906
1847309633891.593 2279003194355.924 -15467877373.541073
1847309099860.096 2279003591444.7 -15467868980.466425
1847308565828.5017 2279003988533.3564 -15467860587.390965
1847308031796.8103 2279004385621.893 -15467852194.314692
1847307497765.0217 2279004782710.3096 -15467843801.237604
1847306963733.136 2279005179798.606 -15467835408.159704
1847306429701.1528 2279005576886.7827 -15467827015.08099
1847305895669.0725 2279005973974.8394 -15467818622.001463
1847305361636.895 2279006371062.776 -15467810228.921124
1847304827604.6204 2279006768150.593 -15467801835.83997
1847304293572.2485 2279007165238.2896 -15467793442.758003
1847303759539.7793 2279007562325.8667 -15467785049.675222
1847303225507.213 2279007959413.3237 -15467776656.591629
1847302691474.5493 2279008356500.6606 -15467768263.507221
1847302157441.7886 2279008753587.878 -15467759870.422
1847301623408.9307 2279009150674.975 -15467751477.335968
1847301089375.9756 2279009547761.9526 -15467743084.24912
1847300555342.923 2279009944848.81 -15467734691.16146
1847300021309.7734 2279010341935.5474 -15467726298.072987
1847299487276.5266 2279010739022.165 -15467717904.9837
1847298953243.1826 2279011136108.6626 -15467709511.893599
1847298419209.7415 2279011533195.04 -15467701118.802685
1847297885176.2031 2279011930281.298 -15467692725.710958
1847297351142.5674 2279012327367.4355 -15467684332.618418
1847296817108.8345 2279012724453.4536 -15467675939.525064
1847296283075.0044 2279013121539.3516 -15467667546.430897
1847295749041.0771 2279013518625.1294 -15467659153.335917
1847295215007.0527 2279013915710.7876 -15467650760.240122
1847294680972.9312 2279014312796.3257 -15467642367.143515
1847294146938.7122 2279014709881.7437 -15467633974.046095
1847293612904.396 2279015106967.042 -15467625580.94786
1847293078869.9827 2279015504052.22 -15467617187.848814
1847292544835.4722 2279015901137.279 -15467608794.748953
1847292010800.8645 2279016298222.2173 -15467600401.64828
1847291476766.1597 2279016695307.0356 -15467592008.546793
1847290942731.3574 2279017092391.7344 -15467583615.444492
1847290408696.458 2279017489476.313 -15467575222.34138
1847289874661.4614 2279017886560.772 -15467566829.237452
1847289340626.3677 2279018283645.111 -15467558436.132711
1847288806591.1768 2279018680729.3296 -15467550043.027157
1847288272555.8887 2279019077813.4287 -15467541649.92079
1847287738520.5032 2279019474897.4077 -15467533256.81361
1847287204485.0205 2279019871981.2666 -15467524863.705616
1847286670449.4407 2279020269065.006 -15467516470.59681
1847286136413.7637 2279020666148.625 -15467508077.487188
1847285602377.9895 2279021063232.1245 -15467499684.376755
1847285068342.1182 2279021460315.504 -15467491291.265509
1847284534306.1494 2279021857398.763 -15467482898.153448
1847284000270.0835 2279022254481.903 -15467474505.040575
1847283466233.9204 2279022651564.9224 -15467466111.926888
1847282932197.6602 2279023048647.822 -15467457718.812387
1847282398161.3027 2279023445730.6016 -15467449325.697073
1847281864124.8481 2279023842813.261 -15467440932.580946
1847281330088.2964 2279024239895.8013 -15467432539.464006
1847280796051.6472 2279024636978.221 -15467424146.346252
1847280262014.901 2279025034060.521 -15467415753.227686
1847279727978.0574 2279025431142.701 -15467407360.108305
1847279193941.1167 2279025828224.761 -15467398966.988111
1847278659904.0789 2279026225306.701 -15467390573.867105
1847278125866.9438 2279026622388.5215 -15467382180.745285
1847277591829.7114 2279027019470.2217 -15467373787.622652
1847277057792.3818 2279027416551.8022 -15467365394.499205
1847276523754.955 2279027813633.2627 -15467357001.374945
1847275989717.4312 2279028210714.603 -15467348608.24987
1847275455679.81 2279028607795.8237 -15467340215.123983
1847274921642.0918 2279029004876.9243 -15467331821.997284
1847274387604.2761 2279029401957.9053 -15467323428.86977
1847273853566.3633 2279029799038.766 -15467315035.741444
1847273319528.3533 2279030196119.507 -15467306642.612303
1847272785490.246 2279030593200.128 -15467298249.48235
1847272251452.0417 2279030990280.629 -15467289856.351583
1847271717413.7402 2279031387361.01 -15467281463.220003
1847271183375.3413 2279031784441.271 -15467273070.08761
1847270649336.8452 2279032181521.412 -15467264676.954403
1847270115298.252 2279032578601.4336 -15467256283.820383
1847269581259.5615 2279032975681.335 -15467247890.68555
1847269047220.774 2279033372761.116 -15467239497.549904
1847268513181.8892 2279033769840.778 -15467231104.413445
1847267979142.907 2279034166920.3193 -15467222711.27617
1847267445103.8276 2279034563999.7407 -15467214318.138084
1847266911064.6511 2279034961079.0425 -15467205924.999184
1847266377025.3774 2279035358158.224 -15467197531.85947
1847265842986.0066 2279035755237.286 -15467189138.718945
1847265308946.5386 2279036152316.228 -15467180745.577604
1847264774906.9731 2279036549395.05 -15467172352.435452
1847264240867.3105 2279036946473.752 -15467163959.292484
1847263706827.5508 2279037343552.334 -15467155566.148705
1847263172787.6938 2279037740630.796 -15467147173.004112
1847262638747.7397 2279038137709.138 -15467138779.858706
1847262104707.6885 2279038534787.3604 -15467130386.712486
1847261570667.5398 2279038931865.463 -15467121993.565453
1847261036627.294 2279039328943.4453 -15467113600.417606
1847260502586.951 2279039726021.3076 -15467105207.268948
1847259968546.5107 2279040123099.0503 -15467096814.119474
1847259434505.9734 2279040520176.673 -15467088420.969189
1847258900465.3389 2279040917254.1753 -15467080027.818089
1847258366424.6072 2279041314331.558 -15467071634.666176
1847257832383.778 2279041711408.821 -15467063241.51345
1847257298342.8518 2279042108485.964 -15467054848.359911
1847256764301.8284 2279042505562.987 -15467046455.205559
1847256230260.7078 2279042902639.8896 -15467038062.050392
1847255696219.49 2279043299716.673 -15467029668.894413
1847255162178.175 2279043696793.336 -15467021275.73762
1847254628136.7627 2279044093869.879 -15467012882.580013
1847254094095.2532 2279044490946.3022 -15467004489.421595
1847253560053.6465 2279044888022.6055 -15466996096.262362
1847253026011.9426 2279045285098.789 -15466987703.102316
1847252491970.1416 2279045682174.8525 -15466979309.941456
1847251957928.2434 2279046079250.796 -15466970916.779783
1847251423886.2478 2279046476326.6196 -15466962523.617298
1847250889844.155 2279046873402.323 -15466954130.453999
1847250355801.965 2279047270477.9067 -15466945737.289886
1847249821759.678 2279047667553.3706 -15466937344.12496
1847249287717.2937 2279048064628.7144 -15466928950.95922
1847248753674.8123 2279048461703.9385 -15466920557.79267
1847248219632.2336 2279048858779.0425 -15466912164.625303
1847247685589.5576 2279049255854.0264 -15466903771.457125
1847247151546.7844 2279049652928.8906 -15466895378.288132
1847246617503.914 2279050050003.635 -15466886985.118326
1847246083460.9465 2279050447078.2593 -15466878591.947708
1847245549417.8818 2279050844152.7637 -15466870198.776276
1847245015374.72 2279051241227.148 -15466861805.60403
1847244481331.4607 2279051638301.4126 -15466853412.430971
1847243947288.1042 2279052035375.557 -15466845019.2571
1847243413244.6506 2279052432449.5815 -15466836626.082415
1847242879201.0999 2279052829523.4863 -15466828232.906916
1847242345157.452 2279053226597.271 -15466819839.730604
1847241811113.7068 2279053623670.936 -15466811446.553478
1847241277069.8643 2279054020744.481 -15466803053.37554
1847240743025.9246 2279054417817.906 -15466794660.196789
1847240208981.8877 2279054814891.211 -15466786267.017223
1847239674937.7537 2279055211964.396 -15466777873.836845
1847239140893.5225 2279055609037.461 -15466769480.655653
1847238606849.194 2279056006110.4062 -15466761087.473648
1847238072804.7686 2279056403183.2314 -15466752694.29083
1847237538760.2456 2279056800255.937 -15466744301.107199
1847237004715.6255 2279057197328.5225 -15466735907.922754
1847236470670.9082 2279057594400.988 -15466727514.737495
1847235936626.0938 2279057991473.3335 -15466719121.551424
1847235402581.1821 2279058388545.559 -15466710728.36454
1847234868536.1733 2279058785617.6646 -15466702335.176842
1847234334491.0671 2279059182689.6504 -15466693941.98833
1847233800445.8638 2279059579761.516 -15466685548.799006
1847233266400.5632 2279059976833.262 -15466677155.608868
1847232732355.1655 2279060373904.888 -15466668762.417917
1847232198309.6707 2279060770976.394 -15466660369.226152
1847231664264.0786 2279061168047.7803 -15466651976.033575
1847231130218.3894 2279061565119.0464 -15466643582.840185
1847230596172.6028 2279061962190.1924 -15466635189.64598
1847230062126.719 2279062359261.2188 -15466626796.450964
1847229528080.738 2279062756332.125 -15466618403.255133
1847228994034.66 2279063153402.9116 -15466610010.058489
1847228459988.4846 2279063550473.578 -15466601616.861032
1847227925942.2122 2279063947544.1245 -15466593223.662762
1847227391895.8423 2279064344614.5513 -15466584830.463678
1847226857849.3752 2279064741684.858 -15466576437.26378
1847226323802.811 2279065138755.0444 -15466568044.06307
1847225789756.1497 2279065535825.1113 -15466559650.861547
1847225255709.391 2279065932895.058 -15466551257.65921
1847224721662.5354 2279066329964.885 -15466542864.45606
1847224187615.5825 2279066727034.592 -15466534471.252096
1847223653568.5322 2279067124104.1787 -15466526078.04732
1847223119521.3848 2279067521173.646 -15466517684.84173
1847222585474.1401 2279067918242.993 -15466509291.635326
1847222051426.7983 2279068315312.22 -15466500898.42811
1847221517379.3594 2279068712381.3276 -15466492505.22008
1847220983331.8232 2279069109450.315 -15466484112.011236
1847220449284.1897 2279069506519.182 -15466475718.80158
1847219915236.459 2279069903587.9297 -15466467325.59111
1847219381188.631 2279070300656.557 -15466458932.379827
1847218847140.706 2279070697725.065 -15466450539.16773
1847218313092.6838 2279071094793.4526 -15466442145.95482
1847217779044.5645 2279071491861.72 -15466433752.741098
1847217244996.348 2279071888929.868 -15466425359.526562
1847216710948.034 2279072285997.896 -15466416966.311213
1847216176899.6228 2279072683065.8037 -15466408573.09505
1847215642851.1145 2279073080133.592 -15466400179.878075
1847215108802.509 2279073477201.26 -15466391786.660286
1847214574753.8064 2279073874268.808 -15466383393.441683
1847214040705.0066 2279074271336.2363 -15466375000.222267
1847213506656.1094 2279074668403.5444 -15466366607.002039
1847212972607.115 2279075065470.733 -15466358213.780996
1847212438558.0234 2279075462537.8013 -15466349820.559141
1847211904508.8347 2279075859604.7495 -15466341427.336472
1847211370459.5488 2279076256671.578 -15466333034.11299
1847210836410.1658 2279076653738.2866 -15466324640.888695
1847210302360.6855 2279077050804.8755 -15466316247.663586
1847209768311.108 2279077447871.344 -15466307854.437664
1847209234261.433 2279077844937.693 -15466299461.210928
1847208700211.6611 2279078242003.922 -15466291067.98338
1847208166161.792 2279078639070.031 -15466282674.755018
1847207632111.8257 2279079036136.0195 -15466274281.525843
1847207098061.7622 2279079433201.8887 -15466265888.295855
1847206564011.6016 2279079830267.6377 -15466257495.065054
1847206029961.3435 2279080227333.267 -15466249101.833439
1847205495910.9883 2279080624398.7764 -15466240708.601011
1847204961860.536 2279081021464.1655 -15466232315.36777
1847204427809.9863 2279081418529.435 -15466223922.133715
1847203893759.3396 2279081815594.5845 -15466215528.898848
1847203359708.5957 2279082212659.614 -15466207135.663166
1847202825657.7544 2279082609724.5234 -15466198742.426672
1847202291606.816 2279083006789.313 -15466190349.189363
1847201757555.7803 2279083403853.983 -15466181955.951242
1847201223504.6475 2279083800918.5327 -15466173562.712309
1847200689453.4175 2279084197982.9624 -15466165169.47256
1847200155402.0903 2279084595047.2725 -15466156776.232
1847199621350.666 2279084992111.4624 -15466148382.990627
1847199087299.1443 2279085389175.532 -15466139989.74844
1847198553247.5254 2279085786239.4824 -15466131596.50544
1847198019195.8093 2279086183303.3125 -15466123203.261625
1847197485143.996 2279086580367.0225 -15466114810.016998
1847196951092.0857 2279086977430.613 -15466106416.771559
1847196417040.0781 2279087374494.083 -15466098023.525305
1847195882987.9734 2279087771557.4336 -15466089630.278238
1847195348935.7712 2279088168620.664 -15466081237.03036
1847194814883.472 2279088565683.7744 -15466072843.781666
1847194280831.0754 2279088962746.765 -15466064450.53216
1847193746778.5818 2279089359809.6357 -15466056057.28184
1847193212725.991 2279089756872.386 -15466047664.030706
1847192678673.303 2279090153935.017 -15466039270.77876
1847192144620.5178 2279090550997.528 -15466030877.526001
1847191610567.6353 2279090948059.919 -15466022484.272429
1847191076514.6555 2279091345122.19 -15466014091.018042
1847190542461.5786 2279091742184.341 -15466005697.762842
1847190008408.4045 2279092139246.372 -15465997304.50683
1847189474355.1333 2279092536308.283 -15465988911.250004
1847188940301.765 2279092933370.074 -15465980517.992365
1847188406248.299 2279093330431.7456 -15465972124.733913
1847187872194.736 2279093727493.297 -15465963731.474648
1847187338141.076 2279094124554.7285 -15465955338.21457
1847186804087.3186 2279094521616.04 -15465946944.953676
1847186270033.464 2279094918677.2314 -15465938551.69197
1847185735979.5125 2279095315738.303 -15465930158.429453
1847185201925.4636 2279095712799.255 -15465921765.16612
1847184667871.3174 2279096109860.0864 -15465913371.901976
1847184133817.074 2279096506920.7983 -15465904978.637018
1847183599762.7334 2279096903981.39 -15465896585.371246
1847183065708.2957 2279097301041.862 -15465888192.104662
1847182531653.7607 2279097698102.214 -15465879798.837263
1847181997599.1287 2279098095162.446 -15465871405.569052
1847181463544.3994 2279098492222.558 -15465863012.300028
1847180929489.5728 2279098889282.5503 -15465854619.03019
1847180395434.649 2279099286342.4224 -15465846225.759539
1847179861379.628 2279099683402.175 -15465837832.488075
1847179327324.5098 2279100080461.807 -15465829439.215797
1847178793269.2944 2279100477521.3193 -15465821045.942707
1847178259213.982 2279100874580.712 -15465812652.668802
1847177725158.5723 2279101271639.9844 -15465804259.394085
1847177191103.0652 2279101668699.137 -15465795866.118555
1847176657047.461 2279102065758.17 -15465787472.84221
1847176122991.7595 2279102462817.0825 -15465779079.565054
1847175588935.961 2279102859875.8755 -15465770686.287085
1847175054880.0652 2279103256934.5483 -15465762293.0083
1847174520824.0723 2279103653993.101 -15465753899.728704
1847173986767.9822 2279104051051.534 -15465745506.448294
1847173452711.7947 2279104448109.847 -15465737113.16707
1847172918655.51 2279104845168.0405 -15465728719.885035
1847172384599.1282 2279105242226.114 -15465720326.602184
1847171850542.6492 2279105639284.067 -15465711933.318521
1847171316486.073 2279106036341.9004 -15465703540.034046
1847170782429.3997 2279106433399.614 -15465695146.748756
1847170248372.6292 2279106830457.207 -15465686753.462654
1847169714315.7612 2279107227514.6807 -15465678360.17574
1847169180258.7961 2279107624572.034 -15465669966.88801
1847168646201.734 2279108021629.2676 -15465661573.599468
1847168112144.5745 2279108418686.3813 -15465653180.310112
1847167578087.3179 2279108815743.375 -15465644787.019943
1847167044029.964 2279109212800.249 -15465636393.728962
1847166509972.5132 2279109609857.003 -15465628000.437166
1847165975914.9648 2279110006913.6367 -15465619607.144558
1847165441857.3193 2279110403970.151 -15465611213.851137
1847164907799.5767 2279110801026.545 -15465602820.556902
1847164373741.7368 2279111198082.819 -15465594427.261854
1847163839683.7998 2279111595138.973 -15465586033.965992
1847163305625.7656 2279111992195.0073 -15465577640.669317
1847162771567.6343 2279112389250.922 -15465569247.37183
1847162237509.4055 2279112786306.7163 -15465560854.073528
1847161703451.0796 2279113183362.3906 -15465552460.774414
1847161169392.6565 2279113580417.9453 -15465544067.474487
1847160635334.1362 2279113977473.38 -15465535674.173746
1847160101275.5188 2279114374528.6943 -15465527280.872192
1847159567216.8042 2279114771583.889 -15465518887.569826
1847159033157.9924 2279115168638.964 -15465510494.266645
1847158499099.0833 2279115565693.9185 -15465502100.962652
1847157965040.077 2279115962748.7534 -15465493707.657845
1847157430980.9734 2279116359803.4683 -15465485314.352224
1847156896921.7727 2279116756858.0635 -15465476921.045792
1847156362862.4749 2279117153912.5386 -15465468527.738544
1847155828803.0798 2279117550966.8936 -15465460134.430485
1847155294743.5876 2279117948021.129 -15465451741.121613
1847154760683.998 2279118345075.244 -15465443347.811926
1847154226624.3113 2279118742129.2393 -15465434954.501427
1847153692564.5273 2279119139183.1147 -15465426561.190115
1847153158504.6462 2279119536236.87 -15465418167.877989
1847152624444.668 2279119933290.506 -15465409774.56505
1847152090384.5925 2279120330344.0215 -15465401381.251297
1847151556324.42 2279120727397.417 -15465392987.936731
1847151022264.1501 2279121124450.693 -15465384594.621353
1847150488203.783 2279121521503.8486 -15465376201.30516
1847149954143.3186 2279121918556.8843 -15465367807.988155
1847149420082.757 2279122315609.8003 -15465359414.670338
1847148886022.0984 2279122712662.596 -15465351021.351706
1847148351961.3425 2279123109715.272 -15465342628.03226
1847147817900.4895 2279123506767.828 -15465334234.712004
1847147283839.5393 2279123903820.264 -15465325841.390932
1847146749778.4917 2279124300872.5806 -15465317448.069048
1847146215717.347 2279124697924.777 -15465309054.74635
1847145681656.105 2279125094976.853 -15465300661.422838
1847145147594.7659 2279125492028.8096 -15465292268.098515
1847144613533.3296 2279125889080.646 -15465283874.773376
1847144079471.7961 2279126286132.3623 -15465275481.447426
1847143545410.1655 2279126683183.959 -15465267088.120663
1847143011348.4375 2279127080235.4355 -15465258694.793085
1847142477286.6123 2279127477286.792 -15465250301.464695
1847141943224.69 2279127874338.029 -15465241908.135492
1847141409162.6704 2279128271389.1455 -15465233514.805475
1847140875100.5537 2279128668440.1426 -15465225121.474646
1847140341038.3398 2279129065491.0195 -15465216728.143003
1847139806976.0288 2279129462541.7764 -15465208334.810547
1847139272913.6204 2279129859592.4136 -15465199941.477278
1847138738851.1147 2279130256642.9307 -15465191548.143194
1847138204788.512 2279130653693.3276 -15465183154.808298
1847137670725.812 2279131050743.605 -15465174761.47259
1847137136663.015 2279131447793.762 -15465166368.136066
1847136602600.1206 2279131844843.7993 -15465157974.79873
1847136068537.1292 2279132241893.717 -15465149581.460583
1847135534474.0405 2279132638943.514 -15465141188.12162
1847135000410.8545 2279133035993.192 -15465132794.781845
1847134466347.5713 2279133433042.7495 -15465124401.441257
1847133932284.191 2279133830092.187 -15465116008.099855
1847133398220.7134 2279134227141.505 -15465107614.75764
1847132864157.1387 2279134624190.7026 -15465099221.414614
1847132330093.4668 2279135021239.7803 -15465090828.070772
1847131796029.6978 2279135418288.7383 -15465082434.726118
1847131261965.8313 2279135815337.576 -15465074041.38065
1847130727901.8677 2279136212386.2944 -15465065648.034369
1847130193837.807 2279136609434.8926 -15465057254.687275
1847129659773.649 2279137006483.3706 -15465048861.339367
1847129125709.3938 2279137403531.729 -15465040467.990646
1847128591645.0415 2279137800579.9673 -15465032074.641113
1847128057580.592 2279138197628.0854 -15465023681.290766
1847127523516.0452 2279138594676.084 -15465015287.939606
1847126989451.4011 2279138991723.9624 -15465006894.587633
1847126455386.66 2279139388771.7207 -15464998501.234846
1847125921321.8215 2279139785819.3594 -15464990107.881247
1847125387256.886 2279140182866.878 -15464981714.526834
1847124853191.8533 2279140579914.277 -15464973321.171608
1847124319126.7234 2279140976961.5557 -15464964927.815569
1847123785061.4963 2279141374008.7144 -15464956534.458717
1847123250996.1719 2279141771055.7534 -15464948141.101051
1847122716930.7502 2279142168102.6724 -15464939747.742573
1847122182865.2314 2279142565149.471 -15464931354.38328
1847121648799.6155 2279142962196.1504 -15464922961.023174
1847121114733.9023 2279143359242.7095 -15464914567.662256
1847120580668.092 2279143756289.1484 -15464906174.300524
1847120046602.1846 2279144153335.468 -15464897780.937979
1847119512536.1797 2279144550381.667 -15464889387.574621
1847118978470.0776 2279144947427.7466 -15464880994.21045
1847118444403.8784 2279145344473.706 -15464872600.845465
1847117910337.582 2279145741519.5454 -15464864207.479668
1847117376271.1885 2279146138565.265 -15464855814.113056
1847116842204.6978 2279146535610.8647 -15464847420.745632
1847116308138.1099 2279146932656.344 -15464839027.377396
1847115774071.4248 2279147329701.704 -15464830634.008345
1847115240004.6423 2279147726746.944 -15464822240.638481
1847114705937.7627 2279148123792.0635 -15464813847.267805
1847114171870.786 2279148520837.0635 -15464805453.896315
1847113637803.712 2279148917881.9434 -15464797060.524012
1847113103736.5408 2279149314926.7036 -15464788667.150896
1847112569669.2725 2279149711971.3438 -15464780273.776966
1847112035601.907 2279150109015.864 -15464771880.402224
1847111501534.4443 2279150506060.264 -15464763487.026669
1847110967466.8843 2279150903104.5444 -15464755093.6503
1847110433399.227 2279151300148.7046 -15464746700.273117
1847109899331.4727 2279151697192.745 -15464738306.89512
1847109365263.621 2279152094236.6655 -15464729913.516312
1847108831195.6724 2279152491280.466 -15464721520.13669
1847108297127.6265 2279152888324.1465 -15464713126.756254
1847107763059.4834 2279153285367.707 -15464704733.375006
1847107228991.243 2279153682411.148 -15464696339.992945
1847106694922.9053 2279154079454.4688 -15464687946.61007
1847106160854.4705 2279154476497.6694 -15464679553.226381
1847105626785.9385 2279154873540.7505 -15464671159.84188
1847105092717.3093 2279155270583.7114 -15464662766.456566
1847104558648.583 2279155667626.5522 -15464654373.070438
1847104024579.7595 2279156064669.2734 -15464645979.683498
1847103490510.8389 2279156461711.8745 -15464637586.295744
1847102956441.8208 2279156858754.3555 -15464629192.907177
1847102422372.7056 2279157255796.717 -15464620799.517797
1847101888303.4932 2279157652838.958 -15464612406.127604
1847101354234.1836 2279158049881.0796 -15464604012.736597
1847100820164.7769 2279158446923.081 -15464595619.344778
1847100286095.273 2279158843964.9624 -15464587225.952145
1847099752025.6719 2279159241006.724 -15464578832.558699
1847099217955.9736 2279159638048.3657 -15464570439.16444
1847098683886.178 2279160035089.887 -15464562045.769367
1847098149816.2852 2279160432131.289 -15464553652.373482
1847097615746.2952 2279160829172.571 -15464545258.976784
1847097081676.208 2279161226213.7324 -15464536865.579271
1847096547606.0237 2279161623254.7744 -15464528472.180946
1847096013535.7422 2279162020295.6963 -15464520078.781809
1847095479465.3635 2279162417336.498 -15464511685.381857
1847094945394.8875 2279162814377.18 -15464503291.981092
1847094411324.3142 2279163211417.742 -15464494898.579515
1847093877253.6438 2279163608458.1846 -15464486505.177124
1847093343182.8762 2279164005498.507 -15464478111.77392
1847092809112.0115 2279164402538.709 -15464469718.369904
1847092275041.0496 2279164799578.7915 -15464461324.965073
1847091740969.9905 2279165196618.754 -15464452931.55943
1847091206898.8342 2279165593658.596 -15464444538.152973
1847090672827.5806 2279165990698.319 -15464436144.745703
1847090138756.2297 2279166387737.9214 -15464427751.33762
1847089604684.7817 2279166784777.404 -15464419357.928724
1847089070613.2366 2279167181816.7666 -15464410964.519014
1847088536541.5942 2279167578856.0093 -15464402571.108492
1847088002469.8547 2279167975895.1323 -15464394177.697157
1847087468398.018 2279168372934.1353 -15464385784.285007
1847086934326.0842 2279168769973.018 -15464377390.872046
1847086400254.053 2279169167011.7812 -15464368997.458271
1847085866181.9246 2279169564050.4243 -15464360604.043682
1847085332109.699 2279169961088.9473 -15464352210.62828
1847084798037.3762 2279170358127.3506 -15464343817.212067
1847084263964.9563 2279170755165.634 -15464335423.795038
1847083729892.4392 2279171152203.797 -15464327030.377197
1847083195819.825 2279171549241.8403 -15464318636.958544
1847082661747.1135 2279171946279.7637 -15464310243.539076
1847082127674.3047 2279172343317.5674 -15464301850.118795
1847081593601.3987 2279172740355.251 -15464293456.697702
1847081059528.3955 2279173137392.8145 -15464285063.275795
1847080525455.2952 2279173534430.2583 -15464276669.853075
1847079991382.0977 2279173931467.582 -15464268276.429543
1847079457308.803 2279174328504.7856 -15464259883.005196
1847078923235.4111 2279174725541.8696 -15464251489.580036
1847078389161.922 2279175122578.8335 -15464243096.154064
1847077855088.3357 2279175519615.6772 -15464234702.727278
1847077321014.652 2279175916652.4014 -15464226309.299679
1847076786940.8713 2279176313689.0054 -15464217915.871267
1847076252866.9934 2279176710725.4893 -15464209522.442041
1847075718793.0183 2279177107761.8535 -15464201129.012003
1847075184718.946 2279177504798.0977 -15464192735.581152
1847074650644.7766 2279177901834.222 -15464184342.149487
1847074116570.51 2279178298870.2266 -15464175948.717009
1847073582496.146 2279178695906.111 -15464167555.283718
1847073048421.6848 2279179092941.8755 -15464159161.849613
1847072514347.1265 2279179489977.52 -15464150768.414696
1847071980272.471 2279179887013.0444 -15464142374.978966
1847071446197.7183 2279180284048.449 -15464133981.542421
1847070912122.8684 2279180681083.734 -15464125588.105064
1847070378047.9214 2279181078118.8984 -15464117194.666895
1847069843972.8772 2279181475153.9434 -15464108801.227911
1847069309897.7356 2279181872188.868 -15464100407.788115
1847068775822.4968 2279182269223.6733 -15464092014.347506
1847068241747.161 2279182666258.3584 -15464083620.906082
1847067707671.7278 2279183063292.9233 -15464075227.463846
1847067173596.1975 2279183460327.3687 -15464066834.020798
1847066639520.57 2279183857361.694 -15464058440.576935
1847066105444.8455 2279184254395.899 -15464050047.13226
1847065571369.0237 2279184651429.9844 -15464041653.686771
1847065037293.1045 2279185048463.9497 -15464033260.240469
1847064503217.0881 2279185445497.795 -15464024866.793354
1847063969140.9746 2279185842531.5205 -15464016473.345427
1847063435064.764 2279186239565.126 -15464008079.896685
1847062900988.456 2279186636598.6113 -15463999686.44713
1847062366912.051 2279187033631.977 -15463991292.996763
1847061832835.5488 2279187430665.2227 -15463982899.545582
1847061298758.9495 2279187827698.3486 -15463974506.093588
1847060764682.2527 2279188224731.3545 -15463966112.640781
1847060230605.4587 2279188621764.24 -15463957719.18716
1847059696528.5676 2279189018797.0063 -15463949325.732727
1847059162451.5793 2279189415829.6523 -15463940932.277481
1847058628374.494 2279189812862.178 -15463932538.82142
1847058094297.3113 2279190209894.5845 -15463924145.364548
1847057560220.0315 2279190606926.8706 -15463915751.906862
1847057026142.6545 2279191003959.0366 -15463907358.448362
1847056492065.1804 2279191400991.083 -15463898964.98905
1847055957987.609 2279191798023.0093 -15463890571.528925
1847055423909.9402 2279192195054.8154 -15463882178.067986
1847054889832.1743 2279192592086.502 -15463873784.606234
1847054355754.3113 2279192989118.0684 -15463865391.14367
1847053821676.351 2279193386149.515 -15463856997.68029
1847053287598.2937 2279193783180.842 -15463848604.216099
1847052753520.1392 2279194180212.0483 -15463840210.751095
1847052219441.8875 2279194577243.1353 -15463831817.285276
1847051685363.5383 2279194974274.102 -15463823423.818645
1847051151285.092 2279195371304.9487 -15463815030.351202
1847050617206.5486 2279195768335.676 -15463806636.882946
1847050083127.908 2279196165366.2827 -15463798243.413876
1847049549049.1702 2279196562396.7695 -15463789849.943993
1847049014970.3352 2279196959427.1367 -15463781456.473297
1847048480891.403 2279197356457.384 -15463773063.001787
1847047946812.3738 2279197753487.5107 -15463764669.529465
1847047412733.247 2279198150517.518 -15463756276.05633
1847046878654.0232 2279198547547.4053 -15463747882.58238
1847046344574.7021 2279198944577.173 -15463739489.107618
1847045810495.284 2279199341606.8203 -15463731095.632044
1847045276415.7686 2279199738636.3477 -15463722702.155655
1847044742336.156 2279200135665.7554 -15463714308.678453
1847044208256.4463 2279200532695.043 -15463705915.20044
1847043674176.6394 2279200929724.2104 -15463697521.721611
1847043140096.7354 2279201326753.2583 -15463689128.24197
1847042606016.734 2279201723782.186 -15463680734.761517
1847042071936.6353 2279202120810.9937 -15463672341.280249
1847041537856.4395 2279202517839.6816 -15463663947.798168
1847041003776.1465 2279202914868.2495 -15463655554.315275
1847040469695.7563 2279203311896.6973 -15463647160.831568
1847039935615.269 2279203708925.0254 -15463638767.347048
1847039401534.6846 2279204105953.2334 -15463630373.861715
1847038867454.003 2279204502981.322 -15463621980.37557
1847038333373.2239 2279204900009.29 -15463613586.88861
1847037799292.3477 2279205297037.138 -15463605193.400839
1847037265211.3743 2279205694064.8667 -15463596799.912254
1847036731130.3037 2279206091092.475 -15463588406.422855
1847036197049.136 2279206488119.9634 -15463580012.932644
1847035662967.871 2279206885147.332 -15463571619.44162
1847035128886.509 2279207282174.5806 -15463563225.949781
1847034594805.0498 2279207679201.709 -15463554832.45713
1847034060723.4934 2279208076228.718 -15463546438.963667
1847033526641.8396 2279208473255.6064 -15463538045.469389
1847032992560.0886 2279208870282.375 -15463529651.974298
1847032458478.2405 2279209267309.024 -15463521258.478395
1847031924396.2952 2279209664335.5527 -15463512864.981678
1847031390314.2527 2279210061361.962 -15463504471.484148
1847030856232.113 2279210458388.251 -15463496077.985806
1847030322149.8762 2279210855414.42 -15463487684.486649
1847029788067.5422 2279211252440.469 -15463479290.98668
1847029253985.1108 2279211649466.3984 -15463470897.485897
1847028719902.5823 2279212046492.2075 -15463462503.984303
1847028185819.9565 2279212443517.897 -15463454110.481894
1847027651737.2336 2279212840543.4663 -15463445716.978672
1847027117654.4136 2279213237568.9155 -15463437323.474638
1847026583571.4963 2279213634594.245 -15463428929.96979
1847026049488.482 2279214031619.4546 -15463420536.464128
1847025515405.3704 2279214428644.544 -15463412142.957655
1847024981322.1616 2279214825669.5137 -15463403749.450367
1847024447238.8555 2279215222694.3633 -15463395355.942266
1847023913155.4521 2279215619719.0933 -15463386962.433353
1847023379071.9517 2279216016743.703 -15463378568.923626
1847022844988.354 2279216413768.193 -15463370175.413086
1847022310904.6592 2279216810792.563 -15463361781.901733
1847021776820.8672 2279217207816.813 -15463353388.389568
1847021242736.978 2279217604840.943 -15463344994.876589
1847020708652.9917 2279218001864.953 -15463336601.362797
1847020174568.9082 2279218398888.8433 -15463328207.848192
1847019640484.7273 2279218795912.6133 -15463319814.332773
1847019106400.4492 2279219192936.2637 -15463311420.816542
1847018572316.074 2279219589959.794 -15463303027.299498
1847018038231.6016 2279219986983.204 -15463294633.78164
1847017504147.032 2279220384006.4946 -15463286240.262968
1847016970062.3652 2279220781029.665 -15463277846.743484
1847016435977.6013 2279221178052.7153 -15463269453.223186
1847015901892.7402 2279221575075.646 -15463261059.702076
1847015367807.782 2279221972098.4565 -15463252666.180153
1847014833722.7263 2279222369121.1475 -15463244272.657417
1847014299637.5735 2279222766143.7183 -15463235879.133867
1847013765552.3235 2279223163166.169 -15463227485.609505
1847013231466.9763 2279223560188.5 -15463219092.08433
1847012697381.532 2279223957210.711 -15463210698.55834
1847012163295.9905 2279224354232.802 -15463202305.031538
1847011629210.3518 2279224751254.773 -15463193911.503923
1847011095124.616 2279225148276.624 -15463185517.975494
1847010561038.783 2279225545298.355 -15463177124.446253
1847010026952.8525 2279225942319.9663 -15463168730.916199
1847009492866.825 2279226339341.4575 -15463160337.38533
1847008958780.7002 2279226736362.8286 -15463151943.85365
1847008424694.4783 2279227133384.08 -15463143550.321156
1847007890608.1592 2279227530405.2114 -15463135156.78785
