46250280311.82735 139211166783.97177 23216235.3986969
46248129733.75269 139211877187.4466 23216247.770280536
46245979144.48781 139212587558.51086 23216260.156387657
46243828544.03317 139213297897.16437 23216272.557016667
46241677932.389275 139214008203.4069 23216284.972165965
46239527309.55659 139214718477.23822 23216297.401833948
46237376675.53559 139215428718.65817 23216309.846019015
46235226030.326775 139216138927.66653 23216322.304719567
46233075373.93061 139216849104.2631 23216334.777934
46230924706.34758 139217559248.44766 23216347.265660714
46228774027.57817 139218269360.22003 23216359.767898105
46226623337.622856 139218979439.58 23216372.284644574
46224472636.482124 139219689486.52734 23216384.815898515
46222321924.15645 139220399501.0619 23216397.361658327
46220171200.64632 139221109483.1834 23216409.921922404
46218020465.9522 139221819432.89172 23216422.496689145
46215869720.07459 139222529350.18658 23216435.085956942
46213718963.01396 139223239235.0678 23216447.689724196
46211568194.7708 139223949087.53522 23216460.307989296
46209417415.34557 139224658907.5886 23216472.94075064
46207266624.73878 139225368695.22772 23216485.588006623
46205115822.95088 139226078450.4524 23216498.24975564
46202965009.982376 139226788173.26242 23216510.92599608
46200814185.83374 139227497863.6576 23216523.616726343
46198663350.50545 139228207521.6377 23216536.321944818
46196512503.997986 139228917147.20255 23216549.041649897
46194361646.31184 139229626740.35193 23216561.775839973
46192210777.44748 139230336301.08563 23216574.524513442
46190059897.405396 139231045829.40347 23216587.287668694
46187909006.18606 139231755325.3052 23216600.06530412
46185758103.789955 139232464788.79068 23216612.85741811
46183607190.21757 139233174219.85965 23216625.664009053
46181456265.469376 139233883618.51193 23216638.485075343
46179305329.54586 139234592984.7473 23216651.320615374
46177154382.4475 139235302318.5656 23216664.170627527
46175003424.17479 139236011619.96658 23216677.035110198
46172852454.728195 139236720888.95004 23216689.914061774
46170701474.1082 139237430125.5158 23216702.807480644
46168550482.315285 139238139329.66367 23216715.715365198
46166399479.34993 139238848501.3934 23216728.637713823
46164248465.21262 139239557640.7048 23216741.574524906
46162097439.90384 139240266747.5977 23216754.525796834
46159946403.42406 139240975822.07184 23216767.491527997
46157795355.773766 139241684864.12704 23216780.47171678
46155644296.95344 139242393873.7631 23216793.46636157
46153493226.96356 139243102850.9798 23216806.475460757
46151342145.80462 139243811795.77698 23216819.499012724
46149191053.47708 139244520708.1544 23216832.537015855
46147039949.98144 139245229588.11185 23216845.589468535
46144888835.31817 139245938435.64914 23216858.65636915
46142737709.487755 139246647250.76608 23216871.737716086
46140586572.49067 139247356033.46246 23216884.833507728
46138435424.3274 139248064783.73807 23216897.943742458
46136284264.99843 139248773501.59268 23216911.06841866
46134133094.504234 139249482187.02612 23216924.207534716
46131981912.84531 139250190840.03818 23216937.36108901
46129830720.02212 139250899460.62863 23216950.529079925
46127679516.03515 139251608048.7973 23216963.711505845
46125528300.88488 139252316604.54398 23216976.90836515
46123377074.5718 139253025127.86844 23216990.11965622
46121225837.09638 139253733618.7705 23217003.345377438
46119074588.459114 139254442077.24997 23217016.585527185
46116923328.66047 139255150503.3066 23217029.840103842
46114772057.700935 139255858896.94025 23217043.10910579
46112620775.580986 139256567258.15067 23217056.392531406
46110469482.30111 139257275586.93765 23217069.690379072
46108318177.861786 139257983883.30103 23217083.00264717
46106166862.2635 139258692147.24057 23217096.329334073
46104015535.50672 139259400378.75607 23217109.670438163
46101864197.59194 139260108577.84735 23217123.02595782
46099712848.51964 139260816744.51416 23217136.39589142
46097561488.29029 139261524878.75635 23217149.780237343
46095410116.90438 139262232980.57367 23217163.178993963
46093258734.3624 139262941049.96594 23217176.59215966
46091107340.66481 139263649086.93295 23217190.019732807
46088955935.81211 139264357091.47452 23217203.461711783
46086804519.80477 139265065063.5904 23217216.918094967
46084653092.64328 139265773003.28043 23217230.38888073
46082501654.32812 139266480910.54437 23217243.874067448
46080350204.859764 139267188785.38205 23217257.373653498
46078198744.23869 139267896627.79324 23217270.887637254
46076047272.46539 139268604437.77774 23217284.41601709
46073895789.54035 139269312215.33536 23217297.95879138
46071744295.46404 139270019960.46588 23217311.5159585
46069592790.236946 139270727673.1691 23217325.08751682
46067441273.85954 139271435353.44482 23217338.67346471
46065289746.33232 139272143001.29285 23217352.273800556
46063138207.655754 139272850616.71298 23217365.888522718
46060986657.83033 139273558199.705 23217379.517629575
46058835096.85653 139274265750.26868 23217393.161119495
46056683524.734825 139274973268.40387 23217406.81899085
46054531941.465706 139275680754.11032 23217420.49124201
46052380347.04965 139276388207.38785 23217434.17787135
46050228741.487144 139277095628.23624 23217447.878877237
46048077124.77866 139277803016.6553 23217461.594258044
46045925496.9247 139278510372.64484 23217475.324012138
46043773857.92572 139279217696.20462 23217489.068137888
46041622207.78222 139279924987.33447 23217502.826633666
46039470546.49467 139280632246.03418 23217516.59949784
46037318874.06355 139281339472.30353 23217530.38672878
46035167190.48936 139282046666.14233 23217544.18832485
46033015495.77255 139282753827.55035 23217558.004284423
46030863789.91363 139283460956.52744 23217571.83460586
46028712072.91306 139284168053.07333 23217585.679287534
46026560344.77135 139284875117.18787 23217599.53832781
46024408605.48895 139285582148.87082 23217613.411725055
46022256855.06636 139286289148.122 23217627.299477637
46020105093.50406 139286996114.94122 23217641.20158392
46017953320.80252 139287703049.32825 23217655.118042268
46015801536.962234 139288409951.28287 23217669.048851047
46013649741.98368 139289116820.8049 23217682.994008623
46011497935.86734 139289823657.89413 23217696.95351336
46009346118.61369 139290530462.55038 23217710.927363627
46007194290.22322 139291237234.77344 23217724.91555778
46005042450.69641 139291943974.56308 23217738.918094188
46002890600.03374 139292650681.9191 23217752.93497121
46000738738.23568 139293357356.8413 23217766.966187213
45998586865.30273 139294063999.3295 23217781.011740558
45996434981.23536 139294770609.38348 23217795.071629606
45994283086.03406 139295477187.00305 23217809.145852722
45992131179.6993 139296183732.188 23217823.234408267
45989979262.231575 139296890244.93808 23217837.3372946
45987827333.631355 139297596725.25314 23217851.454510085
45985675393.89913 139298303173.13297 23217865.58605308
45983523443.03538 139299009588.57736 23217879.73192195
45981371481.04058 139299715971.5861 23217893.89211505
45979219507.915215 139300422322.159 23217908.06663074
45977067523.65977 139301128640.29584 23217922.25546738
45974915528.27472 139301834925.99643 23217936.458623335
45972763521.76056 139302541179.26056 23217950.676096957
45970611504.11776 139303247400.088 23217964.907886606
45968459475.3468 139303953588.4786 23217979.15399064
45966307435.44817 139304659744.43213 23217993.41440742
45964155384.42235 139305365867.9484 23218007.689135298
45962003322.26981 139306071959.02716 23218021.978172634
45959851248.99105 139306778017.66824 23218036.281517785
45957699164.58654 139307484043.87146 23218050.599169105
45955547069.05676 139308190037.6366 23218064.931124955
45953394962.40221 139308895998.96344 23218079.277383685
45951242844.623344 139309601927.85178 23218093.637943655
45949090715.720665 139310307824.30142 23218108.01280322
45946938575.69465 139311013688.31216 23218122.40196073
45944786424.54578 139311719519.88382 23218136.805414546
45942634262.27453 139312425319.01614 23218151.22316302
45940482088.881386 139313131085.70895 23218165.6552045
45938329904.36683 139313836819.96207 23218180.101537347
45936177708.731346 139314542521.77527 23218194.56215991
45934025501.97541 139315248191.14835 23218209.037070546
45931873284.09951 139315953828.0811 23218223.526267607
45929721055.104126 139316659432.5733 23218238.029749442
45927568814.98974 139317365004.6248 23218252.547514405
45925416563.75683 139318070544.23532 23218267.079560846
45923264301.40588 139318776051.40472 23218281.62588712
45921112027.93738 139319481526.13278 23218296.18649157
45918959743.3518 139320186968.4193 23218310.761372555
45916807447.64963 139320892378.2641 23218325.35052842
45914655140.831345 139321597755.66693 23218339.953957517
45912502822.89743 139322303100.6276 23218354.571658194
45910350493.848366 139323008413.1459 23218369.203628805
45908198153.68464 139323713693.22165 23218383.849867694
45906045802.40672 139324418940.85464 23218398.510373212
45903893440.01511 139325124156.04465 23218413.185143705
45901741066.51027 139325829338.7915 23218427.874177523
45899588681.89269 139326534489.09497 23218442.577473015
45897436286.162865 139327239606.95486 23218457.295028526
45895283879.32126 139327944692.37097 23218472.026842404
45893131461.36836 139328649745.3431 23218486.772912994
45890979032.30465 139329354765.87103 23218501.533238646
45888826592.13061 139330059753.9546 23218516.307817705
45886674140.846725 139330764709.59354 23218531.096648514
45884521678.453476 139331469632.7877 23218545.89972942
45882369204.95134 139332174523.53683 23218560.717058767
45880216720.340805 139332879381.8408 23218575.5486349
45878064224.62235 139333584207.69934 23218590.394456167
45875911717.79646 139334289001.11227 23218605.254520908
45873759199.86362 139334993762.07938 23218620.12882747
45871606670.824295 139335698490.60046 23218635.017374195
45869454130.678986 139336403186.67532 23218649.920159426
45867301579.42816 139337107850.30377 23218664.837181505
45865149017.07231 139337812481.4856 23218679.768438775
45862996443.611916 139338517080.22058 23218694.71392958
45860843859.047455 139339221646.50854 23218709.673652258
45858691263.37942 139339926180.34927 23218724.64760515
45856538656.60828 139340630681.74255 23218739.635786604
45854386038.73452 139341335150.6882 23218754.638194956
45852233409.75863 139342039587.186 23218769.654828545
45850080769.68108 139342743991.23575 23218784.685685713
45847928118.502365 139343448362.83725 23218799.730764803
45845775456.22296 139344152701.9903 23218814.79006415
45843622782.843346 139344857008.69467 23218829.863582093
45841470098.364006 139345561282.9502 23218844.951316975
45839317402.78542 139346265524.75665 23218860.053267132
45837164696.10808 139346969734.11383 23218875.169430904
45835011978.33246 139347673911.02155 23218890.29980663
45832859249.459045 139348378055.47958 23218905.44439264
45830706509.48831 139349082167.48773 23218920.60318728
45828553758.420746 139349786247.0458 23218935.776188884
45826400996.25683 139350490294.1536 23218950.96339579
45824248222.99705 139351194308.81088 23218966.16480633
45822095438.64188 139351898291.0175 23218981.38041884
45819942643.1918 139352602240.7732 23218996.61023166
45817789836.64731 139353306158.07782 23219011.854243126
45815637019.00887 139354010042.93112 23219027.11245157
45813484190.276985 139354713895.33295 23219042.384855326
45811331350.45212 139355417715.28305 23219057.67145273
45809178499.53476 139356121502.78125 23219072.972242117
45807025637.52539 139356825257.82733 23219088.28722182
45804872764.42449 139357528980.4211 23219103.61639017
45802719880.23255 139358232670.56238 23219118.9597455
45800566984.95004 139358936328.25092 23219134.31728615
45798414078.57745 139359639953.4865 23219149.68901044
45796261161.115265 139360343546.26898 23219165.074916717
45794108232.56396 139361047106.59814 23219180.475003302
45791955292.92402 139361750634.47375 23219195.88926853
45789802342.19592 139362454129.89563 23219211.31771073
45787649380.38016 139363157592.86356 23219226.760328237
45785496407.4772 139363861023.37735 23219242.217119377
45783343423.48754 139364564421.4368 23219257.688082483
45781190428.41166 139365267787.0417 23219273.173215885
45779037422.25004 139365971120.19183 23219288.67251791
45776884405.00316 139366674420.88702 23219304.185986888
45774731376.6715 139367377689.12708 23219319.713621147
45772578337.25555 139368080924.91174 23219335.25541902
45770425286.75578 139368784128.24084 23219350.811378833
45768272225.17268 139369487299.1142 23219366.38149891
45766119152.50674 139370190437.5316 23219381.965777583
45763966068.75843 139370893543.4928 23219397.56421318
45761812973.92824 139371596616.99762 23219413.176804025
45759659868.01665 139372299658.04587 23219428.803548444
45757506751.02414 139373002666.63733 23219444.444444768
45755353622.951195 139373705642.77182 23219460.099491317
45753200483.798294 139374408586.44913 23219475.76868642
45751047333.565926 139375111497.66904 23219491.452028405
45748894172.25457 139375814376.43137 23219507.14951559
45746740999.86471 139376517222.7359 23219522.861146305
45744587816.39682 139377220036.58243 23219538.58691887
45742434621.85139 139377922817.97073 23219554.326831616
45740281416.2289 139378625566.90063 23219570.080882862
45738128199.52983 139379328283.37195 23219585.849070933
45735974971.75467 139380030967.38446 23219601.631394148
45733821732.9039 139380733618.93796 23219617.427850835
45731668482.978 139381436238.03223 23219633.238439314
45729515221.97745 139382138824.66708 23219649.06315791
45727361949.90273 139382841378.84232 23219664.90200494
45725208666.75434 139383543900.5577 23219680.754978724
45723055372.532745 139384246389.81308 23219696.622077588
45720902067.238434 139384948846.60822 23219712.50329985
45718748750.87189 139385651270.94293 23219728.398643836
45716595423.43359 139386353662.81702 23219744.30810786
45714442084.92403 139387056022.23026 23219760.231690247
45712288735.34367 139387758349.18246 23219776.16938931
45710135374.693016 139388460643.6734 23219792.121203374
45707982002.97254 139389162905.7029 23219808.087130755
45705828620.182724 139389865135.27075 23219824.06716977
45703675226.32405 139390567332.37674 23219840.06131874
45701521821.397 139391269497.0207 23219856.069575984
45699368405.40206 139391971629.20236 23219872.091939814
45697214978.339714 139392673728.9216 23219888.128408555
45695061540.21044 139393375796.17816 23219904.178980518
45692908091.014725 139394077830.97186 23219920.24365402
45690754630.753044 139394779833.3025 23219936.32242738
45688601159.42589 139395481803.16983 23219952.415298913
45686447677.03374 139396183740.5737 23219968.522266936
45684294183.57707 139396885645.5139 23219984.643329762
45682140679.05637 139397587517.9902 23220000.778485708
45679987163.47213 139398289358.00244 23220016.927733086
45677833636.82482 139398991165.55038 23220033.091070212
45675680099.11493 139399692940.63385 23220049.2684954
45673526550.34293 139400394683.25262 23220065.460006963
45671372990.50932 139401096393.4065 23220081.665603217
45669219419.61458 139401798071.09528 23220097.88528247
45667065837.65918 139402499716.31876 23220114.11904304
45664912244.64361 139403201329.07672 23220130.366883237
45662758640.56835 139403902909.369 23220146.628801372
45660605025.43389 139404604457.19534 23220162.90479576
45658451399.24071 139405305972.5556 23220179.19486471
45656297761.98929 139406007455.44955 23220195.499006532
45654144113.680115 139406708905.87698 23220211.81721954
45651990454.31367 139407410323.83768 23220228.149502043
45649836783.89043 139408111709.33145 23220244.49585235
45647683102.41088 139408813062.35812 23220260.856268775
45645529409.8755 139409514382.91745 23220277.230749622
45643375706.28479 139410215671.00925 23220293.6192932
45641221991.63921 139410916926.63333 23220310.021897826
45639068265.93926 139411618149.78946 23220326.4385618
45636914529.18542 139412319340.47748 23220342.869283434
45634760781.37816 139413020498.69714 23220359.314061034
45632607022.517975 139413721624.44827 23220375.77289291
45630453252.60534 139414422717.73065 23220392.24577737
45628299471.64075 139415123778.5441 23220408.732712716
45626145679.62467 139415824806.88837 23220425.23369726
45623991876.5576 139416525802.7633 23220441.748729307
45621838062.44002 139417226766.16867 23220458.27780716
45619684237.2724 139417927697.10428 23220474.82092913
45617530401.05523 139418628595.56995 23220491.37809352
45615376553.788994 139419329461.56543 23220507.94929863
45613222695.474174 139420030295.09055 23220524.534542773
45611068826.11126 139420731096.1451 23220541.133824248
45608914945.70072 139421431864.7289 23220557.74714136
45606761054.24305 139422132600.84174 23220574.374492414
45604607151.73873 139422833304.48337 23220591.015875712
45602453238.18824 139423533975.65363 23220607.67128956
45600299313.592064 139424234614.35233 23220624.340732258
45598145377.95068 139424935220.57922 23220641.02420211
45595991431.26459 139425635794.33414 23220657.721697412
45593837473.53425 139426336335.61685 23220674.433216475
45591683504.760155 139427036844.4272 23220691.158757597
45589529524.942795 139427737320.76492 23220707.898319077
45587375534.08264 139428437764.62988 23220724.65189922
45585221532.18018 139429138176.02182 23220741.41949632
45583067519.2359 139429838554.94058 23220758.201108683
45580913495.25028 139430538901.38593 23220774.996734608
45578759460.22381 139431239215.35767 23220791.806372393
45576605414.15696 139431939496.8556 23220808.63002034
45574451357.05022 139432639745.87952 23220825.467676744
45572297288.90407 139433339962.42923 23220842.319339905
45570143209.718994 139434040146.50452 23220859.185008124
45567989119.49548 139434740298.1052 23220876.064679697
45565835018.23401 139435440417.23105 23220892.95835292
45563680905.93506 139436140503.8819 23220909.866026092
45561526782.59912 139436840558.05753 23220926.787697513
45559372648.22667 139437540579.75772 23220943.723365474
45557218502.81819 139438240568.98227 23220960.673028275
45555064346.37417 139438940525.731 23220977.636684213
45552910178.89509 139439640450.0037 23220994.61433158
45550756000.38143 139440340341.80014 23221011.605968673
45548601810.83368 139441040201.12015 23221028.611593787
45546447610.25231 139441740027.96353 23221045.631205216
45544293398.63782 139442439822.33005 23221062.66480126
45542139175.99068 139443139584.21954 23221079.712380204
45539984942.31138 139443839313.63177 23221096.77394035
45537830697.6004 139444539010.56656 23221113.84947999
45535676441.85823 139445238675.02368 23221130.93899741
45533522175.08534 139445938307.00296 23221148.04249091
45531367897.28223 139446637906.50418 23221165.15995878
45529213608.44936 139447337473.52713 23221182.291399315
45527059308.587234 139448037008.07162 23221199.436810803
45524904997.69633 139448736510.13745 23221216.596191537
45522750675.77712 139449435979.72443 23221233.76953981
45520596342.83011 139450135416.8323 23221250.95685391
45518441998.85576 139450834821.46094 23221268.158132132
45516287643.85456 139451534193.61008 23221285.373372763
45514133277.827 139452233533.27954 23221302.60257409
45511978900.77356 139452932840.46912 23221319.84573441
45509824512.69472 139453632115.17862 23221337.102852006
45507670113.590965 139454331357.40784 23221354.373925168
45505515703.462776 139455030567.1566 23221371.658952188
45503361282.310646 139455729744.42465 23221388.957931355
45501206850.13505 139456428889.21182 23221406.27086095
45499052406.93647 139457128001.51788 23221423.597739268
45496897952.71539 139457827081.34265 23221440.938564595
45494743487.4723 139458526128.68594 23221458.293335214
45492589011.20767 139459225143.54752 23221475.662049416
45490434523.922 139459924125.9272 23221493.044705488
45488280025.61575 139460623075.82477 23221510.441301715
45486125516.28943 139461321993.24005 23221527.85183638
45483970995.943504 139462020878.17282 23221545.27630777
45481816464.57847 139462719730.62286 23221562.71471417
45479661922.1948 139463418550.59 23221580.167053867
45477507368.792984 139464117338.074 23221597.633325145
45475352804.3735 139464816093.0747 23221615.11352629
45473198228.93683 139465514815.5919 23221632.60765558
45471043642.48346 139466213505.62537 23221650.115711305
45468889045.01388 139466912163.1749 23221667.637691744
45466734436.528564 139467610788.24033 23221685.17359518
45464579817.028 139468309380.8214 23221702.723419897
45462425186.51267 139469007940.91797 23221720.287164178
45460270544.98306 139469706468.5298 23221737.864826303
45458115892.43965 139470404963.65668 23221755.456404556
45455961228.88293 139471103426.29843 23221773.06189722
45453806554.31337 139471801856.45486 23221790.68130257
45451651868.73146 139472500254.12573 23221808.31461889
45449497172.13769 139473198619.31088 23221825.96184446
45447342464.53253 139473896952.01007 23221843.622977562
45445187745.91647 139474595252.2231 23221861.298016474
45443033016.29 139475293519.9498 23221878.986959476
45440878275.653595 139475991755.18994 23221896.689804845
45438723524.007744 139476689957.94333 23221914.406550862
45436568761.35293 139477388128.20978 23221932.137195807
45434413987.68963 139478086265.98904 23221949.881737955
45432259203.01833 139478784371.28098 23221967.640175585
45430104407.33952 139479482444.08533 23221985.412506975
45427949600.65368 139480180484.40192 23222003.1987304
45425794782.96129 139480878492.23056 23222020.998844143
45423639954.26283 139481576467.571 23222038.812846474
45421485114.5588 139482274410.4231 23222056.640735675
45419330263.84967 139482972320.78662 23222074.482510015
45417175402.135925 139483670198.66138 23222092.338167775
45415020529.41805 139484368044.04715 23222110.20770723
45412865645.69653 139485065856.94376 23222128.09112665
45410710750.97185 139485763637.35098 23222145.988424316
45408555845.244484 139486461385.26862 23222163.899598498
45406400928.51492 139487159100.69647 23222181.82464747
45404246000.78365 139487856783.63434 23222199.76356951
45402091062.05115 139488554434.08203 23222217.71636289
45399936112.3179 139489252052.0393 23222235.68302588
45397781151.58439 139489949637.506 23222253.66355676
45395626179.851105 139490647190.4819 23222271.65795379
45393471197.11852 139491344710.9668 23222289.666215252
45391316203.38713 139492042198.9605 23222307.688339416
45389161198.65741 139492739654.46283 23222325.72432455
45387006182.92985 139493437077.47354 23222343.77416893
45384851156.204926 139494134467.99246 23222361.837870825
45382696118.48312 139494831826.01935 23222379.915428504
45380541069.76493 139495529151.55405 23222398.006840236
45378386010.05083 139496226444.59634 23222416.112104297
45376230939.3413 139496923705.14603 23222434.23121895
45374075857.63683 139497620933.20288 23222452.36418247
45371920764.937904 139498318128.76672 23222470.51099312
45369765661.245 139499015291.83734 23222488.671649173
45367610546.55861 139499712422.41455 23222506.846148897
45365455420.8792 139500409520.49814 23222525.03449056
45363300284.207275 139501106586.0879 23222543.236672428
45361145136.54331 139501803619.18362 23222561.452692766
45358989977.88779 139502500619.78513 23222579.682549845
45356834808.24119 139503197587.8922 23222597.92624193
45354679627.604004 139503894523.50467 23222616.18376729
45352524435.976715 139504591426.62228 23222634.45512419
45350369233.3598 139505288297.24487 23222652.740310892
45348214019.75375 139505985135.37222 23222671.039325666
45346058795.15905 139506681941.00415 23222689.352166776
45343903559.57618 139507378714.14044 23222707.678832486
45341748313.00562 139508075454.78088 23222726.01932106
45339593055.44786 139508772162.9253 23222744.373630766
45337437786.90338 139509468838.57346 23222762.741759863
45335282507.372665 139510165481.72516 23222781.123706616
45333127216.8562 139510862092.38022 23222799.51946929
45330971915.35447 139511558670.53842 23222817.929046147
45328816602.86795 139512255216.1996 23222836.352435447
45326661279.39713 139512951729.3635 23222854.789635457
45324505944.9425 139513648210.02994 23222873.240644436
45322350599.50453 139514344658.19873 23222891.70546065
45320195243.08372 139515041073.86966 23222910.18408235
45318039875.680534 139515737457.04254 23222928.67650781
45315884497.29547 139516433807.71716 23222947.18273528
45313729107.929016 139517130125.8933 23222965.702763025
45311573707.58165 139517826411.5708 23222984.236589305
45309418296.25385 139518522664.74942 23223002.78421238
45307262873.946106 139519218885.42896 23223021.34563051
45305107440.6589 139519915073.60922 23223039.920841955
45302951996.392715 139520611229.29 23223058.50984497
45300796541.14804 139521307352.47113 23223077.112637814
45298641074.925354 139522003443.15237 23223095.729218747
45296485597.72514 139522699501.33353 23223114.359586027
45294330109.54789 139523395527.0144 23223133.00373791
45292174610.39407 139524091520.19482 23223151.661672655
45290019100.26419 139524787480.87454 23223170.33338852
45287863579.158714 139525483409.05338 23223189.018883757
45285708047.07813 139526179304.73114 23223207.718156625
45283552504.02293 139526875167.9076 23223226.43120538
45281396949.99358 139527570998.58258 23223245.15802828
45279241384.990585 139528266796.75586 23223263.898623575
45277085809.01442 139528962562.42725 23223282.65298952
45274930222.06557 139529658295.59653 23223301.421124376
45272774624.14451 139530353996.26352 23223320.203026395
45270619015.25173 139531049664.428 23223338.998693828
45268463395.387726 139531745300.0898 23223357.80812493
45266307764.55296 139532440903.24872 23223376.631317955
45264152122.74794 139533136473.9045 23223395.468271155
45261996469.97313 139533832012.057 23223414.318982787
45259840806.22903 139534527517.706 23223433.1834511
45257685131.516106 139535222990.85126 23223452.061674345
45255529445.834854 139535918431.4926 23223470.953650776
45253373749.18576 139536613839.62988 23223489.859378643
45251218041.569305 139537309215.26282 23223508.7788562
45249062322.98597 139538004558.39124 23223527.712081693
45246906593.43624 139538699869.01495 23223546.659053378
45244750852.9206 139539395147.13376 23223565.619769502
45242595101.43954 139540090392.74744 23223584.594228316
45240439338.99353 139540785605.8558 23223603.582428068
45238283565.58307 139541480786.45865 23223622.58436701
45236127781.20863 139542175934.55576 23223641.60004339
45233971985.870705 139542871050.14694 23223660.629455455
45231816179.56977 139543566133.232 23223679.672601454
45229660362.30632 139544261183.81073 23223698.729479637
45227504534.08083 139544956201.88293 23223717.800088253
45225348694.89379 139545651187.4484 23223736.884425543
45223192844.74568 139546346140.50693 23223755.98248976
45221036983.636986 139547041061.05832 23223775.09427915
45218881111.56819 139547735949.1024 23223794.21979196
45216725228.53978 139548430804.63892 23223813.359026432
45214569334.55224 139549125627.6677 23223832.511980813
45212413429.60605 139549820418.18854 23223851.678653352
45210257513.70169 139550515176.20126 23223870.85904229
45208101586.83965 139551209901.70563 23223890.053145874
45205945649.020424 139551904594.70145 23223909.26096235
45203789700.244484 139552599255.18854 23223928.48248996
45201633740.512314 139553293883.16666 23223947.717726946
45199477769.8244 139553988478.63565 23223966.966671556
45197321788.18124 139554683041.59528 23223986.22932203
45195165795.5833 139555377572.04535 23224005.505676616
45193009792.03107 139556072069.9857 23224024.795733552
45190853777.52503 139556766535.41605 23224044.099491082
45188697752.065674 139557460968.33627 23224063.416947447
45186541715.65348 139558155368.74612 23224082.748100888
45184385668.28893 139558849736.64542 23224102.092949647
45182229609.97252 139559544072.03397 23224121.451491967
45180073540.70472 139560238374.91153 23224140.823726088
45177917460.48602 139560932645.27795 23224160.20965025
45175761369.31691 139561626883.133 23224179.60926269
45173605267.19787 139562321088.47647 23224199.022561654
45171449154.12938 139563015261.3082 23224218.44954538
45169293030.11192 139563709401.62796 23224237.890212104
45167136895.14599 139564403509.43555 23224257.344560068
45164980749.23206 139565097584.73074 23224276.81258751
45162824592.37063 139565791627.51337 23224296.294292666
45160668424.56217 139566485637.78323 23224315.789673775
45158512245.807175 139567179615.54013 23224335.298729077
45156356056.10612 139567873560.78384 23224354.82145681
45154199855.45949 139568567473.5142 23224374.357855204
45152043643.867775 139569261353.73096 23224393.907922503
45149887421.33146 139569955201.43393 23224413.471656937
45147731187.85102 139570649016.62292 23224433.04905675
45145574943.42695 139571342799.29773 23224452.64012017
45143418688.05973 139572036549.45816 23224472.24484544
45141262421.74985 139572730267.104 23224491.863230787
45139106144.49778 139573423952.23505 23224511.49527445
45136949856.304016 139574117604.8511 23224531.140974663
45134793557.169044 139574811224.95197 23224550.800329663
45132637247.093346 139575504812.53745 23224570.47333768
45130480926.0774 139576198367.60733 23224590.15999695
45128324594.1217 139576891890.16144 23224609.860305704
45126168251.226715 139577585380.19955 23224629.574262176
45124011897.392944 139578278837.72147 23224649.301864598
45121855532.62087 139578972262.727 23224669.0431112
45119699156.91098 139579665655.2159 23224688.79800022
45117542770.26375 139580359015.18802 23224708.566529885
45115386372.679665 139581052342.64313 23224728.34869843
45113229964.15922 139581745637.58102 23224748.14450408
45111073544.70289 139582438900.00153 23224767.953945074
45108917114.31116 139583132129.90442 23224787.777019635
45106760672.98451 139583825327.28952 23224807.613725998
45104604220.72344 139584518492.15662 23224827.46406239
45102447757.52843 139585211624.5055 23224847.32802704
45100291283.399956 139585904724.33597 23224867.20561818
45098134798.33851 139586597791.64783 23224887.096834037
45095978302.34457 139587290826.4409 23224907.00167284
45093821795.41862 139587983828.71494 23224926.92013282
45091665277.56115 139588676798.46976 23224946.852212198
45089508748.772644 139589369735.70517 23224966.797909208
45087352209.05359 139590062640.42096 23224986.75722207
45085195658.404465 139590755512.61694 23225006.73014902
45083039096.82576 139591448352.2929 23225026.71668828
45080882524.317955 139592141159.44864 23225046.716838073
45078725940.88154 139592833934.08395 23225066.73059663
45076569346.51699 139593526676.19867 23225086.75796218
45074412741.2248 139594219385.79254 23225106.79893294
45072256125.00545 139594912062.8654 23225126.85350714
45070099497.85942 139595604707.41702 23225146.921683002
45067942859.7872 139596297319.44724 23225167.003458753
45065786210.789276 139596989898.9558 23225187.098832615
45063629550.866135 139597682445.94257 23225207.207802814
45061472880.01826 139598374960.4073 23225227.33036757
45059316198.246124 139599067442.3498 23225247.466525108
45057159505.550224 139599759891.76984 23225267.616273653
45055002801.931046 139600452308.66727 23225287.779611427
45052846087.38907 139601144693.04187 23225307.95653665
45050689361.924774 139601837044.89343 23225328.147047546
45048532625.53866 139602529364.22174 23225348.351142336
45046375878.23119 139603221651.02664 23225368.56881924
45044219120.00288 139603913905.3079 23225388.80007648
45042062350.85418 139604606127.0653 23225409.04491228
45039905570.7856 139605298316.29868 23225429.303324852
45037748779.797615 139605990473.0078 23225449.57531242
45035591977.89071 139606682597.1925 23225469.860873207
45033435165.06537 139607374688.85254 23225490.16000543
45031278341.322075 139608066747.98773 23225510.47270731
45029121506.661316 139608758774.5979 23225530.798977062
45026964661.08358 139609450768.6828 23225551.138812907
45024807804.58935 139610142730.24228 23225571.492213063
45022650937.17911 139610834659.2761 23225591.85917575
45020494058.85334 139611526555.78406 23225612.23969918
45018337169.61253 139612218419.766 23225632.633781575
45016180269.45717 139612910251.22165 23225653.04142115
45014023358.38773 139613602050.15088 23225673.46261612
45011866436.40471 139614293816.55344 23225693.897364702
45009709503.50858 139614985550.42914 23225714.345665116
45007552559.699844 139615677251.7778 23225734.807515573
45005395604.97897 139616368920.5992 23225755.282914292
45003238639.34646 139617060556.89316 23225775.771859486
45001081662.80278 139617752160.65945 23225796.27434937
44998924675.34843 139618443731.8979 23225816.790382158
44996767676.98388 139619135270.60828 23225837.319956064
44994610667.709625 139619826776.7904 23225857.863069303
44992453647.526146 139620518250.44406 23225878.419720087
44990296616.43393 139621209691.56906 23225898.989906628
44988139574.433464 139621901100.1652 23225919.57362714
44985982521.52523 139622592476.23227 23225940.170879837
44983825457.70971 139623283819.77008 23225960.78166293
44981668382.9874 139623975130.7784 23225981.40597463
44979511297.35877 139624666409.25708 23226002.04381315
44977354200.82432 139625357655.2059 23226022.695176702
44975197093.38452 139626048868.62463 23226043.360063497
44973039975.03986 139626740049.51312 23226064.038471743
44970882845.79083 139627431197.87112 23226084.730399653
44968725705.63792 139628122313.69846 23226105.43584544
44966568554.5816 139628813396.99493 23226126.154807303
44964411392.62236 139629504447.7603 23226146.887283463
44962254219.7607 139630195465.99445 23226167.633272123
44960097035.99708 139630886451.69708 23226188.392771494
44957939841.332 139631577404.86807 23226209.16577978
44955782635.765945 139632268325.50717 23226229.952295195
44953625419.2994 139632959213.6142 23226250.752315946
44951468191.932846 139633650069.18893 23226271.565840237
44949310953.66677 139634340892.2312 23226292.392866276
44947153704.501656 139635031682.74078 23226313.233392272
44944996444.43799 139635722440.7175 23226334.087416433
44942839173.47626 139636413166.16113 23226354.954936963
44940681891.61694 139637103859.0715 23226375.835952066
44938524598.860535 139637794519.4484 23226396.73045995
44936367295.20751 139638485147.2916 23226417.638458822
44934209980.65836 139639175742.60092 23226438.559946883
44932052655.21358 139639866305.37616 23226459.49492234
44929895318.873634 139640556835.6171 23226480.443383396
44927737971.639015 139641247333.32358 23226501.40532826
44925580613.510216 139641937798.49536 23226522.38075513
44923423244.48772 139642628231.13226 23226543.36966221
44921265864.572 139643318631.23407 23226564.372047707
44919108473.76355 139644008998.8006 23226585.387909822
44916951072.06286 139644699333.83163 23226606.417246755
44914793659.470406 139645389636.327 23226627.46005671
44912636235.98668 139646079906.28647 23226648.51633789
44910478801.61216 139646770143.70984 23226669.586088497
44908321356.347336 139647460348.59692 23226690.66930673
44906163900.192696 139648150520.9475 23226711.76599079
44904006433.14872 139648840660.7614 23226732.87613888
44901848955.2159 139649530768.03842 23226753.9997492
44899691466.39471 139650220842.77832 23226775.136819948
44897533966.68564 139650910884.98093 23226796.287349325
44895376456.08918 139651600894.64606 23226817.451335527
44893218934.60581 139652290871.7735 23226838.62877676
44891061402.23602 139652980816.36304 23226859.819671217
44888903858.98029 139653670728.4145 23226881.0240171
44886746304.83912 139654360607.92764 23226902.241812605
44884588739.81297 139655050454.90228 23226923.47305593
44882431163.90234 139655740269.33823 23226944.71774527
44880273577.10772 139656430051.2353 23226965.97587883
44878115979.42959 139657119800.59323 23226987.247454803
44875958370.86843 139657809517.4119 23227008.532471385
44873800751.424736 139658499201.69104 23227029.83092677
44871643121.09898 139659188853.43048 23227051.142819155
44869485479.89166 139659878472.63004 23227072.468146738
44867327827.80325 139660568059.2895 23227093.806907713
44865170164.83425 139661257613.40863 23227115.159100275
44863012490.98513 139661947134.98727 23227136.52472262
44860854806.256386 139662636624.0252 23227157.903772943
44858697110.6485 139663326080.52225 23227179.296249434
44856539404.16195 139664015504.47818 23227200.70215029
44854381686.79723 139664704895.89282 23227222.121473704
44852223958.55483 139665394254.76596 23227243.554217868
44850066219.43523 139666083581.09738 23227265.000380978
44847908469.4389 139666772874.8869 23227286.459961224
44845750708.56635 139667462136.1343 23227307.9329568
44843592936.818054 139668151364.83942 23227329.419365894
44841435154.194496 139668840561.002 23227350.9191867
44839277360.69617 139669529724.6219 23227372.43241741
44837119556.32355 139670218855.69885 23227393.959056217
44834961741.077126 139670907954.23273 23227415.499101307
44832803914.95739 139671597020.2233 23227437.052550875
44830646077.96482 139672286053.67035 23227458.61940311
44828488230.09991 139672975054.5737 23227480.199656196
44826330371.36313 139673664022.93314 23227501.79330833
44824172501.754974 139674352958.74844 23227523.400357697
44822014621.27593 139675041862.01944 23227545.020802487
44819856729.92648 139675730732.74594 23227566.65464089
44817698827.707115 139676419570.92773 23227588.30187109
44815540914.61832 139677108376.5646 23227609.96249128
44813382990.66057 139677797149.65637 23227631.636499647
44811225055.83436 139678485890.20282 23227653.323894374
44809067110.14017 139679174598.20374 23227675.024673652
44806909153.57849 139679863273.65894 23227696.738835666
44804751186.1498 139680551916.56824 23227718.466378603
44802593207.8546 139681240526.93143 23227740.207300648
44800435218.69336 139681929104.7483 23227761.961599987
44798277218.66657 139682617650.01865 23227783.729274806
44796119207.77472 139683306162.74228 23227805.51032329
44793961186.01829 139683994642.919 23227827.30474362
44791803153.397766 139684683090.5486 23227849.112533987
44789645109.913635 139685371505.6309 23227870.93369257
44787487055.56638 139686059888.16565 23227892.768217556
44785328990.3565 139686748238.1527 23227914.61610713
44783170914.28446 139687436555.59183 23227936.47735947
44781012827.35076 139688124840.48285 23227958.351972762
44778854729.555885 139688813092.82553 23227980.23994519
44776696620.900314 139689501312.61972 23228002.141274933
44774538501.38454 139690189499.86517 23228024.055960175
44772380371.00903 139690877654.5617 23228045.9839991
44770222229.7743 139691565776.70914 23228067.925389886
44768064077.68081 139692253866.30722 23228089.880130716
44765905914.72906 139692941923.3558 23228111.848219767
44763747740.919525 139693629947.85464 23228133.829655223
44761589556.2527 139694317939.8036 23228155.824435264
44759431360.729065 139695005899.2024 23228177.83255807
44757273154.34911 139695693826.05087 23228199.854021817
44755114937.11333 139696381720.34885 23228221.888824686
44752956709.02219 139697069582.0961 23228243.93696486
44750798470.07618 139697757411.29242 23228265.99844051
44748640220.275795 139698445207.93762 23228288.073249824
44746481959.62152 139699132972.0315 23228310.16139097
44744323688.11384 139699820703.57385 23228332.262862135
44742165405.753235 139700508402.56448 23228354.37766149
44740007112.54019 139701196069.0032 23228376.505787212
44737848808.4752 139701883702.8898 23228398.64723748
44735690493.55874 139702571304.22406 23228420.80201047
44733532167.791306 139703258873.0058 23228442.970104355
44731373831.17338 139703946409.2348 23228465.151517317
44729215483.705444 139704633912.9109 23228487.346247528
44727057125.387985 139705321384.03384 23228509.554293163
44724898756.2215 139706008822.6035 23228531.775652397
44722740376.20646 139706696228.6196 23228554.010323405
44720581985.34335 139707383602.082 23228576.25830436
44718423583.632675 139708070942.99048 23228598.51959344
44716265171.074905 139708758251.34482 23228620.794188812
44714106747.670525 139709445527.14484 23228643.082088653
44711948313.42003 139710132770.39032 23228665.383291136
44709789868.3239 139710819981.0811 23228687.697794434
44707631412.382614 139711507159.21692 23228710.02559672
44705472945.59667 139712194304.79764 23228732.366696164
44703314467.96655 139712881417.82303 23228754.72109094
44701155979.49274 139713568498.2929 23228777.088779215
44698997480.17572 139714255546.20706 23228799.469759166
44696838970.01598 139714942561.56528 23228821.86402896
44694680449.014015 139715629544.36737 23228844.271586772
44692521917.170296 139716316494.61313 23228866.69243077
44690363374.48532 139717003412.30237 23228889.12655912
44688204820.95957 139717690297.43488 23228911.573969994
44686046256.59353 139718377150.01047 23228934.03466156
44683887681.38768 139719063970.02893 23228956.508631993
44681729095.342514 139719750757.49008 23228978.995879456
44679570498.45852 139720437512.3937 23229001.49640212
44677411890.73618 139721124234.7396 23229024.01019815
44675253272.17599 139721810924.52756 23229046.537265718
44673094642.77841 139722497581.7574 23229069.07760299
44670936002.54395 139723184206.4289 23229091.63120813
44668777351.47309 139723870798.54187 23229114.198079307
44666618689.566315 139724557358.09613 23229136.77821469
44664460016.82411 139725243885.09146 23229159.37161244
44662301333.24696 139725930379.52765 23229181.97827073
44660142638.83536 139726616841.4045 23229204.59818772
44657983933.58978 139727303270.72186 23229227.231361575
44655825217.51072 139727989667.4795 23229249.877790462
44653666490.598656 139728676031.6772 23229272.537472546
44651507752.85408 139729362363.31476 23229295.21040599
44649349004.27748 139730048662.392 23229317.89658896
44647190244.86934 139730734928.90872 23229340.59601962
44645031474.63014 139731421162.86472 23229363.30869613
44642872693.56038 139732107364.2598 23229386.034616653
44640713901.66053 139732793533.09375 23229408.773779355
44638555098.93108 139733479669.36636 23229431.5261824
44636396285.37253 139734165773.07745 23229454.291823946
44634237460.98535 139734851844.2268 23229477.070702158
44632078625.770035 139735537882.81424 23229499.862815194
44629919779.727066 139736223888.83957 23229522.668161217
44627760922.85693 139736909862.30255 23229545.48673839
44625602055.16012 139737595803.203 23229568.318544872
44623443176.63711 139738281711.54074 23229591.163578823
44621284287.28839 139738967587.31555 23229614.021838404
44619125387.114456 139739653430.52725 23229636.893321775
44616966476.11578 139740339241.17563 23229659.77802709
44614807554.29286 139741025019.26047 23229682.675952516
44612648621.64618 139741710764.7816 23229705.587096207
44610489678.176216 139742396477.73877 23229728.511456322
44608330723.88347 139743082158.13184 23229751.44903102
44606171758.76842 139743767805.96057 23229774.39981846
44604012782.83154 139744453421.2248 23229797.3638168
44601853796.07334 139745139003.9243 23229820.341024198
44599694798.49429 139745824554.05887 23229843.331438806
44597535790.09489 139746510071.62833 23229866.335058782
44595376770.87561 139747195556.63245 23229889.351882286
44593217740.836945 139747881009.07104 23229912.38190747
44591058699.97938 139748566428.94394 23229935.42513249
44588899648.3034 139749251816.25092 23229958.481555507
44586740585.80949 139749937170.99176 23229981.55117467
44584581512.49814 139750622493.1663 23230004.633988135
44582422428.369835 139751307782.7743 23230027.72999406
44580263333.425064 139751993039.81558 23230050.83919059
44578104227.66431 139752678264.28995 23230073.96157589
44575945111.08805 139753363456.19717 23230097.09714811
44573785983.696785 139754048615.53708 23230120.2459054
44571626845.491 139754733742.30948 23230143.407845914
44569467696.471176 139755418836.51416 23230166.582967807
44567308536.6378 139756103898.1509 23230189.77126923
44565149365.99136 139756788927.21954 23230212.97274833
44562990184.53235 139757473923.71985 23230236.18740327
44560830992.26124 139758158887.65164 23230259.415232193
44558671789.17853 139758843819.01474 23230282.65623325
44556512575.2847 139759528717.8089 23230305.910404596
44554353350.58023 139760213584.03394 23230329.17774438
44552194115.06562 139760898417.68967 23230352.458250754
44550034868.74135 139761583218.77588 23230375.751921862
44547875611.6079 139762267987.2924 23230399.05875586
44545716343.66577 139762952723.23898 23230422.378750894
44543557064.915436 139763637426.61545 23230445.711905114
44541397775.35739 139764322097.4216 23230469.05821667
44539238474.99212 139765006735.65723 23230492.417683702
44537079163.82011 139765691341.32214 23230515.790304366
44534919841.841835 139766375914.41614 23230539.17607681
44532760509.0578 139767060454.93903 23230562.57499918
44530601165.46848 139767744962.8906 23230585.98706962
44528441811.07437 139768429438.27066 23230609.41228628
44526282445.875946 139769113881.079 23230632.850647308
44524123069.8737 139769798291.31546 23230656.302150846
44521963683.06812 139770482668.9798 23230679.766795043
44519804285.459694 139771167014.0718 23230703.244578045
44517644877.0489 139771851326.5913 23230726.735497992
44515485457.83623 139772535606.5381 23230750.239553034
44513326027.82217 139773219853.91196 23230773.756741315
44511166587.0072 139773904068.71274 23230797.28706098
44509007135.39182 139774588250.9402 23230820.83051017
44506847672.97651 139775272400.59415 23230844.38708703
44504688199.76176 139775956517.67438 23230867.956789702
44502528715.74805 139776640602.18073 23230891.539616335
44500369220.93587 139777324654.11295 23230915.135565065
44498209715.3257 139778008673.47086 23230938.74463404
44496050198.91804 139778692660.25427 23230962.366821397
44493890671.71336 139779376614.46298 23230986.00212528
44491731133.712166 139780060536.09677 23231009.650543835
44489571584.91493 139780744425.15546 23231033.312075194
44487412025.32214 139781428281.63885 23231056.986717504
44485252454.934296 139782112105.54672 23231080.674468905
44483092873.75187 139782795896.8789 23231104.37532754
44480933281.77535 139783479655.6352 23231128.089291543
44478773679.005226 139784163381.81537 23231151.816359058
44476614065.441986 139784847075.41925 23231175.55652822
44474454441.08611 139785530736.44662 23231199.309797175
44472294805.938095 139786214364.89728 23231223.076164056
44470135159.99842 139786897960.77106 23231246.855627004
44467975503.26758 139787581524.06772 23231270.648184158
44465815835.74605 139788265054.78708 23231294.453833655
44463656157.43432 139788948552.92896 23231318.27257363
44461496468.33288 139789632018.49313 23231342.104402225
44459336768.442215 139790315451.4794 23231365.949317575
44457177057.76282 139790998851.88757 23231389.807317816
44455017336.295166 139791682219.71744 23231413.678401083
44452857604.03975 139792365554.9688 23231437.562565513
44450697860.997055 139793048857.6415 23231461.459809244
44448538107.16757 139793732127.7353 23231485.37013041
44446378342.55179 139794415365.25 23231509.293527145
44444218567.150185 139795098570.1854 23231533.229997586
44442058780.96325 139795781742.5413 23231557.179539867
44439898983.99147 139796464882.3175 23231581.14215212
44437739176.23534 139797147989.51382 23231605.117832478
44435579357.695335 139797831064.13007 23231629.10657908
44433419528.37195 139798514106.16602 23231653.108390056
44431259688.26566 139799197115.62146 23231677.123263538
44429099837.37697 139799880092.49622 23231701.15119766
44426939975.70635 139800563036.7901 23231725.192190554
44424780103.2543 139801245948.5029 23231749.24624035
44422620220.0213 139801928827.6344 23231773.313345186
44420460326.007835 139802611674.18442 23231797.39350319
44418300421.21439 139803294488.15274 23231821.48671249
44416140505.641464 139803977269.53918 23231845.59297122
44413980579.289536 139804660018.34354 23231869.71227751
44411820642.15909 139805342734.5656 23231893.84462949
44409660694.25062 139806025418.2052 23231917.99002529
44407500735.564606 139806708069.26212 23231942.14846304
44405340766.10154 139807390687.73615 23231966.31994087
44403180785.86191 139808073273.62708 23231990.504456908
44401020794.84619 139808755826.93475 23232014.702009283
44398860793.054886 139809438347.65894 23232038.91259612
44396700780.48847 139810120835.79944 23232063.136215556
44394540757.14744 139810803291.35608 23232087.37286571
44392380723.03227 139811485714.32864 23232111.622544713
44390220678.143456 139812168104.71692 23232135.88525069
44388060622.48148 139812850462.52072 23232160.16098177
44385900556.04684 139813532787.73984 23232184.44973608
44383740478.840004 139814215080.37408 23232208.751511745
44381580390.86147 139814897340.42325 23232233.066306893
44379420292.11173 139815579567.88715 23232257.394119646
44377260182.59127 139816261762.76556 23232281.734948132
44375100062.30057 139816943925.05832 23232306.088790476
44372939931.24012 139817626054.7652 23232330.4556448
44370779789.41041 139818308151.88602 23232354.835509233
44368619636.81192 139818990216.42056 23232379.228381895
44366459473.445145 139819672248.36865 23232403.63426091
44364299299.31056 139820354247.73007 23232428.053144407
44362139114.40867 139821036214.50464 23232452.485030502
44359978918.739944 139821718148.69214 23232476.92991732
44357818712.30488 139822400050.29236 23232501.387802985
44355658495.10396 139823081919.3051 23232525.85868562
44353498267.13767 139823763755.73022 23232550.342563346
44351338028.40651 139824445559.56747 23232574.839434285
44349177778.91095 139825127330.81665 23232599.349296555
44347017518.65149 139825809069.47757 23232623.87214828
44344857247.62861 139826490775.55002 23232648.40798758
44342696965.8428 139827172449.0338 23232672.956812575
44340536673.29454 139827854089.92874 23232697.51862139
44338376369.98433 139828535698.23462 23232722.09341214
44336216055.91264 139829217273.95126 23232746.681182943
44334055731.07998 139829898817.07843 23232771.28193192
44331895395.48682 139830580327.61597 23232795.895657193
44329735049.133644 139831261805.56363 23232820.52235688
44327574692.02095 139831943250.92123 23232845.162029095
44325414324.14922 139832624663.6886 23232869.81467196
44323253945.51895 139833306043.8655 23232894.48028359
44321093556.130615 139833987391.45178 23232919.158862103
44318933155.98471 139834668706.4472 23232943.85040562
44316772745.08172 139835349988.8516 23232968.55491225
44314612323.42213 139836031238.66473 23232993.272380117
44312451891.006424 139836712455.8864 23233018.002807334
44310291447.8351 139837393640.51645 23233042.746192016
44308130993.90864 139838074792.55466 23233067.502532277
44305970529.22752 139838755912.00082 23233092.271826237
44303810053.79225 139839436998.85474 23233117.054072008
44301649567.6033 139840118053.1162 23233141.849267706
44299489070.66116 139840799074.78503 23233166.657411445
44297328562.966324 139841480063.86102 23233191.47850134
44295168044.51927 139842161020.344 23233216.3125355
44293007515.320496 139842841944.23373 23233241.159512043
44290846975.370476 139843522835.53003 23233266.01942908
44288686424.66971 139844203694.2327 23233290.892284725
44286525863.21867 139844884520.34152 23233315.778077092
44284365291.01787 139845565313.85632 23233340.67680429
44282204708.06777 139846246074.7769 23233365.58846443
44280044114.36887 139846926803.10303 23233390.51305563
44277883509.92165 139847607498.83453 23233415.450575996
44275722894.72661 139848288161.97122 23233440.40102364
44273562268.784225 139848968792.51288 23233465.364396673
44271401632.094986 139849649390.45932 23233490.340693206
44269240984.659386 139850329955.81033 23233515.329911347
44267080326.477905 139851010488.5657 23233540.33204921
44264919657.55103 139851690988.72525 23233565.3471049
44262758977.87926 139852371456.2888 23233590.375076525
44260598287.463066 139853051891.2561 23233615.415962197
44258437586.30295 139853732293.627 23233640.469760027
44256276874.39938 139854412663.4013 23233665.53646812
44254116151.75287 139855093000.57877 23233690.616084583
44251955418.363884 139855773305.1592 23233715.708607525
44249794674.23292 139856453577.14246 23233740.814035054
44247633919.36046 139857133816.5283 23233765.932365276
44245473153.747 139857814023.3165 23233791.063596297
44243312377.39302 139858494197.5069 23233816.207726225
44241151590.29901 139859174339.0993 23233841.364753164
44238990792.46546 139859854448.0935 23233866.534675222
44236829983.89286 139860534524.4893 23233891.717490505
44234669164.58169 139861214568.28647 23233916.91319712
44232508334.53244 139861894579.48483 23233942.121793166
44230347493.7456 139862574558.0842 23233967.34327675
44228186642.22165 139863254504.08435 23233992.577645976
44226025779.96108 139863934417.4851 23234017.82489895
44223864906.964386 139864614298.2863 23234043.085033774
44221704023.23205 139865294146.48764 23234068.35804855
44219543128.76456 139865973962.08902 23234093.643941384
44217382223.56239 139866653745.0902 23234118.942710377
44215221307.62605 139867333495.491 23234144.254353635
44213060380.95602 139868013213.2912 23234169.578869257
44210899443.55278 139868692898.4906 23234194.916255344
44208738495.416824 139869372551.08902 23234220.26651
44206577536.54864 139870052171.08624 23234245.629631322
44204416566.94871 139870731758.4821 23234271.005617414
44202255586.61752 139871411313.27634 23234296.394466378
44200094595.55557 139872090835.46878 23234321.79617631
44197933593.76334 139872770325.05927 23234347.210745316
44195772581.241325 139873449782.04755 23234372.63817149
44193611557.99 139874129206.43344 23234398.078452937
44191450524.00986 139874808598.21677 23234423.531587753
44189289479.301384 139875487957.3973 23234448.997574035
44187128423.865074 139876167283.97488 23234474.476409882
44184967357.70141 139876846577.94928 23234499.968093395
44182806280.810875 139877525839.3203 23234525.47262267
44180645193.19396 139878205068.08777 23234550.989995807
44178484094.85116 139878884264.25143 23234576.5202109
44176322985.78295 139879563427.81113 23234602.063266046
44174161865.98983 139880242558.76666 23234627.619159345
44172000735.47228 139880921657.11783 23234653.18788889
44169839594.2308 139881600722.86444 23234678.76945278
44167678442.265854 139882279756.0063 23234704.36384911
44165517279.57795 139882958756.54315 23234729.971075974
44163356106.167564 139883637724.47485 23234755.591131467
44161194922.035194 139884316659.8012 23234781.224013686
44159033727.18132 139884995562.522 23234806.869720723
44156872521.60643 139885674432.63702 23234832.528250676
44154711305.31101 139886353270.1461 23234858.199601635
44152550078.29556 139887032075.049 23234883.883771695
44150388840.56056 139887710847.34558 23234909.58075895
44148227592.1065 139888389587.03558 23234935.290561493
44146066332.93385 139889068294.11884 23234961.013177417
44143905063.04312 139889746968.59515 23234986.74860481
44141743782.43479 139890425610.46432 23235012.496841773
44139582491.10935 139891104219.72614 23235038.25788639
44137421189.06728 139891782796.3804 23235064.031736758
44135259876.30908 139892461340.4269 23235089.81839096
44133098552.83523 139893139851.86548 23235115.617847096
44130937218.64622 139893818330.69592 23235141.430103254
44128775873.74253 139894496776.91803 23235167.255157523
44126614518.12466 139895175190.5316 23235193.093007993
44124453151.79309 139895853571.5364 23235218.943652753
44122291774.748314 139896531919.9323 23235244.807089895
44120130386.990814 139897210235.71906 23235270.683317505
44117968988.52108 139897888518.89648 23235296.572333675
44115807579.3396 139898566769.4644 23235322.47413649
44113646159.44686 139899244987.42255 23235348.38872404
44111484728.84335 139899923172.77078 23235374.316094413
44109323287.529564 139900601325.50888 23235400.2562457
44107161835.50598 139901279445.63666 23235426.20917598
44105000372.77309 139901957533.15393 23235452.174883347
44102838899.331375 139902635588.0605 23235478.153365884
44100677415.181335 139903313610.3561 23235504.144621678
44098515920.32345 139903991600.04062 23235530.148648817
44096354414.75821 139904669557.1138 23235556.165445387
44094192898.4861 139905347481.57547 23235582.19500947
44092031371.507614 139906025373.42545 23235608.237339154
44089869833.823235 139906703232.66348 23235634.292432524
44087708285.43346 139907381059.28943 23235660.360287663
44085546726.33876 139908058853.30307 23235686.440902654
44083385156.539635 139908736614.7042 23235712.534275584
44081223576.036575 139909414343.4926 23235738.640404537
44079061984.83006 139910092039.66812 23235764.759287596
44076900382.920586 139910769703.23053 23235790.89092284
44074738770.30863 139911447334.17966 23235817.035308357
44072577146.99469 139912124932.51526 23235843.192442227
44070415512.97925 139912802498.23718 23235869.36232253
44068253868.262794 139913480031.3452 23235895.544947352
44066092212.84582 139914157531.83914 23235921.740314774
44063930546.728806 139914834999.71878 23235947.948422875
44061768869.91225 139915512434.98392 23235974.169269737
44059607182.39663 139916189837.63437 23236000.40285344
44057445484.18244 139916867207.66995 23236026.649172064
44055283775.27017 139917544545.09045 23236052.90822369
44053122055.6603 139918221849.89566 23236079.180006396
44050960325.353325 139918899122.0854 23236105.464518264
44048798584.34973 139919576361.65942 23236131.76175737
44046636832.65001 139920253568.61758 23236158.071721796
44044475070.25464 139920930742.9597 23236184.39440962
44042313297.164116 139921607884.6855 23236210.729818918
44040151513.37893 139922284993.79483 23236237.07794777
44037989718.89956 139922962070.2875 23236263.43879425
44035827913.7265 139923639114.1633 23236289.812356442
44033666097.86024 139924316125.42203 23236316.19863242
44031504271.30126 139924993104.0635 23236342.59762026
44029342434.050064 139925670050.0875 23236369.00931804
44027180586.107124 139926346963.49384 23236395.43372383
44025018727.47294 139927023844.28232 23236421.87083571
44022856858.14799 139927700692.45273 23236448.32065176
44020694978.13277 139928377508.00488 23236474.78317005
44018533087.42776 139929054290.9386 23236501.258388653
44016371186.03345 139929731041.25366 23236527.74630565
44014209273.95033 139930407758.94986 23236554.246919107
44012047351.178894 139931084444.027 23236580.760227107
44009885417.71963 139931761096.48492 23236607.286227718
44007723473.57301 139932437716.3234 23236633.824919015
44005561518.73955 139933114303.5422 23236660.37629907
44003399553.21971 139933790858.14117 23236686.940365955
44001237577.01399 139934467380.1201 23236713.517117746
43999075590.12289 139935143869.47876 23236740.10655251
43996913592.546875 139935820326.217 23236766.708668325
43994751584.28645 139936496750.33463 23236793.323463257
43992589565.3421 139937173141.83142 23236819.950935382
43990427535.71431 139937849500.70718 23236846.591082767
43988265495.40357 139938525826.9617 23236873.243903484
43986103444.41037 139939202120.5948 23236899.909395605
43983941382.73519 139939878381.60626 23236926.5875572
43981779310.37853 139940554609.9959 23236953.278386336
43979617227.34087 139941230805.76352 23236979.981881086
43977455133.62271 139941906968.90894 23237006.698039517
43975293029.224525 139942583099.43192 23237033.426859695
43973130914.146805 139943259197.33228 23237060.168339692
43970968788.390045 139943935262.60983 23237086.922477577
43968806651.95473 139944611295.26437 23237113.689271417
43966644504.84135 139945287295.29572 23237140.468719278
43964482347.050385 139945963262.70364 23237167.260819227
43962320178.58234 139946639197.48795 23237194.065569334
43960157999.43768 139947315099.64847 23237220.882967666
43957995809.61691 139947990969.18497 23237247.713012286
43955833609.12052 139948666806.09726 23237274.555701263
43953671397.94899 139949342610.38516 23237301.41103266
43951509176.10281 139950018382.04846 23237328.279004548
43949346943.58247 139950694121.08698 23237355.159614984
43947184700.388466 139951369827.5005 23237382.05286204
43945022446.52128 139952045501.28882 23237408.958743777
43942860181.98139 139952721142.45175 23237435.87725826
43940697906.7693 139953396750.9891 23237462.808403555
43938535620.88549 139954072326.90067 23237489.752177723
43936373324.33045 139954747870.18625 23237516.70857883
43934211017.104675 139955423380.84567 23237543.677604936
43932048699.20864 139956098858.8787 23237570.659254108
43929886370.642845 139956774304.28516 23237597.653524403
43927724031.407776 139957449717.06485 23237624.660413887
43925561681.50392 139958125097.21756 23237651.67992062
43923399320.93176 139958800444.7431 23237678.712042667
43921236949.691795 139959475759.64127 23237705.756778084
43919074567.78451 139960151041.91187 23237732.814124934
43916912175.21039 139960826291.55472 23237759.88408128
43914749771.969925 139961501508.5696 23237786.966645185
43912587358.06361 139962176692.95633 23237814.061814703
43910424933.49192 139962851844.7147 23237841.169587895
43908262498.255356 139963526963.84448 23237868.28996282
43906100052.3544 139964202050.34552 23237895.422937542
43903937595.78954 139964877104.21762 23237922.568510115
43901775128.56127 139965552125.46057 23237949.7266786
43899612650.670074 139966227114.0742 23237976.897441052
43897450162.11645 139966902070.05826 23238004.080795534
43895287662.90087 139967576993.41257 23238031.2767401
43893125153.023834 139968251884.13693 23238058.48527281
43890962632.485825 139968926742.23117 23238085.70639172
43888800101.28734 139969601567.69507 23238112.940094884
43886637559.428856 139970276360.52844 23238140.186380364
43884475006.91087 139970951120.73108 23238167.445246212
43882312443.73387 139971625848.3028 23238194.716690484
43880149869.898346 139972300543.24338 23238222.000711236
43877987285.40478 139972975205.5526 23238249.297306523
43875824690.25366 139973649835.23035 23238276.606474403
43873662084.44549 139974324432.27634 23238303.92821293
43871499467.98074 139974998996.69043 23238331.262520153
43869336840.85991 139975673528.4724 23238358.609394133
43867174203.08348 139976348027.62207 23238385.96883292
43865011554.65195 139977022494.13922 23238413.34083457
43862848895.565796 139977696928.02365 23238440.725397132
43860686225.825516 139978371329.27518 23238468.122518662
43858523545.431595 139979045697.8936 23238495.53219721
43856360854.38452 139979720033.8787 23238522.954430833
43854198152.68479 139980394337.23032 23238550.389217578
43852035440.332886 139981068607.94824 23238577.8365555
43849872717.32929 139981742846.03226 23238605.29644265
43847709983.6745 139982417051.48218 23238632.768877078
43845547239.369 139983091224.29782 23238660.253856834
43843384484.413284 139983765364.47897 23238687.75137997
43841221718.80784 139984439472.02542 23238715.261444535
43839058942.553154 139985113546.93698 23238742.78404858
43836896155.64971 139985787589.21347 23238770.319190156
43834733358.09801 139986461598.85468 23238797.866867308
43832570549.89853 139987135575.8604 23238825.427078087
43830407731.051765 139987809520.23047 23238852.999820545
43828244901.558205 139988483431.96466 23238880.585092727
43826082061.418335 139989157311.06277 23238908.18289268
43823919210.632645 139989831157.52463 23238935.793218452
43821756349.20162 139990504971.35 23238963.416068096
43819593477.125755 139991178752.53873 23238991.051439654
43817430594.40554 139991852501.09058 23239018.69933117
43815267701.04146 139992526217.00537 23239046.3597407
43813104797.034004 139993199900.2829 23239074.03266628
43810941882.38366 139993873550.92297 23239101.718105964
43808778957.09092 139994547168.92538 23239129.416057795
43806616021.156265 139995220754.28995 23239157.126519818
43804453074.58019 139995894307.01648 23239184.849490076
43802290117.36319 139996567827.10477 23239212.584966615
43800127149.505745 139997241314.5546 23239240.33294748
43797964171.00835 139997914769.36578 23239268.093430717
43795801181.87148 139998588191.53815 23239295.86641437
43793638182.09564 139999261581.07147 23239323.651896477
43791475171.68132 139999934937.96558 23239351.449875087
43789312150.629 140000608262.22025 23239379.260348238
43787149118.93917 140001281553.83527 23239407.08331398
43784986076.61232 140001954812.8105 23239434.918770347
43782823023.64894 140002628039.14566 23239462.766715385
43780659960.049515 140003301232.84064 23239490.627147138
43778496885.81454 140003974393.89517 23239518.500063647
43776333800.944496 140004647522.3091 23239546.38546295
43774170705.43988 140005320618.0822 23239574.28334309
43772007599.30118 140005993681.21432 23239602.19370211
43769844482.528885 140006666711.70523 23239630.116538044
43767681355.12348 140007339709.55472 23239658.051848933
43765518217.08546 140008012674.7626 23239685.99963282
