6.2110741699822796e+35
6.2110742163326114e+35
6.21107426268781e+35
6.211074309047864e+35
6.2110743554127835e+35
6.211074401782564e+35
6.211074448157201e+35
6.211074494536704e+35
6.211074540921065e+35
6.21107458731028e+35
6.211074633704358e+35
6.211074680103288e+35
6.211074726507078e+35
6.211074772915725e+35
6.2110748193292264e+35
6.211074865747582e+35
6.211074912170789e+35
6.2110749585988555e+35
6.211075005031773e+35
6.2110750514695404e+35
6.211075097912165e+35
6.211075144359634e+35
6.211075190811956e+35
6.211075237269127e+35
6.211075283731149e+35
6.2110753301980164e+35
6.211075376669733e+35
6.2110754231463e+35
6.211075469627712e+35
6.211075516113971e+35
6.211075562605074e+35
6.211075609101021e+35
6.211075655601812e+35
6.211075702107449e+35
6.2110757486179284e+35
6.21107579513325e+35
6.211075841653411e+35
6.2110758881784176e+35
6.2110759347082606e+35
6.211075981242944e+35
6.211076027782467e+35
6.2110760743268275e+35
6.211076120876029e+35
6.211076167430067e+35
6.211076213988939e+35
6.211076260552648e+35
6.211076307121193e+35
6.211076353694575e+35
6.2110764002727865e+35
6.211076446855834e+35
6.2110764934437165e+35
6.2110765400364304e+35
6.211076586633975e+35
6.211076633236347e+35
6.211076679843555e+35
6.211076726455593e+35
6.211076773072457e+35
6.21107681969415e+35
6.211076866320669e+35
6.2110769129520174e+35
6.211076959588195e+35
6.211077006229195e+35
6.2110770528750206e+35
6.211077099525675e+35
6.211077146181147e+35
6.211077192841446e+35
6.2110772395065684e+35
6.211077286176512e+35
6.211077332851277e+35
6.211077379530863e+35
6.211077426215271e+35
6.2110774729044966e+35
6.211077519598541e+35
6.211077566297403e+35
6.2110776130010866e+35
6.2110776597095884e+35
6.211077706422901e+35
6.211077753141034e+35
6.211077799863977e+35
6.2110778465917375e+35
6.2110778933243146e+35
6.211077940061701e+35
6.2110779868039015e+35
6.211078033550914e+35
6.211078080302742e+35
6.2110781270593754e+35
6.211078173820818e+35
6.211078220587077e+35
6.211078267358142e+35
6.2110783141340096e+35
6.211078360914693e+35
6.2110784077001774e+35
6.21107845449047e+35
6.2110785012855704e+35
6.2110785480854744e+35
6.211078594890184e+35
6.2110786416996945e+35
6.211078688514011e+35
6.211078735333133e+35
6.211078782157051e+35
6.21107882898577e+35
6.211078875819295e+35
6.2110789226576145e+35
6.211078969500738e+35
6.211079016348659e+35
6.211079063201376e+35
6.211079110058893e+35
6.2110791569212056e+35
6.2110792037883126e+35
6.21107925066022e+35
6.2110792975369164e+35
6.211079344418411e+35
6.2110793913047005e+35
6.211079438195779e+35
6.211079485091651e+35
6.211079531992315e+35
6.211079578897772e+35
6.211079625808018e+35
6.2110796727230505e+35
6.211079719642879e+35
6.211079766567491e+35
6.2110798134968935e+35
6.2110798604310794e+35
6.211079907370054e+35
6.2110799543138185e+35
6.211080001262364e+35
6.2110800482156956e+35
6.21108009517381e+35
6.2110801421367094e+35
6.211080189104392e+35
6.211080236076856e+35
6.2110802830541005e+35
6.211080330036126e+35
6.2110803770229334e+35
6.2110804240145176e+35
6.211080471010883e+35
6.211080518012027e+35
6.211080565017949e+35
6.2110806120286444e+35
6.21108065904412e+35
6.2110807060643675e+35
6.211080753089395e+35
6.2110808001191925e+35
6.211080847153766e+35
6.211080894193112e+35
6.211080941237228e+35
6.21108098828612e+35
6.211081035339783e+35
6.211081082398215e+35
6.21108112946142e+35
6.2110811765293905e+35
6.211081223602131e+35
6.211081270679638e+35
6.211081317761916e+35
6.211081364848956e+35
6.211081411940766e+35
6.211081459037338e+35
6.211081506138677e+35
6.211081553244782e+35
6.2110816003556484e+35
6.211081647471275e+35
6.211081694591669e+35
6.211081741716822e+35
6.211081788846733e+35
6.21108183598141e+35
6.211081883120843e+35
6.211081930265035e+35
6.2110819774139845e+35
6.211082024567692e+35
6.2110820717261615e+35
6.211082118889383e+35
6.211082166057361e+35
6.2110822132300934e+35
6.2110822604075824e+35
6.211082307589822e+35
6.211082354776816e+35
6.211082401968562e+35
6.211082449165061e+35
6.21108249636631e+35
6.211082543572311e+35
6.211082590783062e+35
6.2110826379985616e+35
6.211082685218809e+35
6.2110827324438075e+35
6.211082779673545e+35
6.2110828269080396e+35
6.211082874147274e+35
6.2110829213912555e+35
6.211082968639982e+35
6.211083015893453e+35
6.2110830631516665e+35
6.21108311041462e+35
6.2110831576823194e+35
6.2110832049547604e+35
6.21108325223194e+35
6.21108329951386e+35
6.211083346800519e+35
6.211083394091919e+35
6.211083441388056e+35
6.211083488688934e+35
6.211083535994542e+35
6.2110835833048925e+35
6.2110836306199764e+35
6.2110836779397916e+35
6.211083725264343e+35
6.211083772593632e+35
6.2110838199276524e+35
6.211083867266403e+35
6.211083914609884e+35
6.211083961958102e+35
6.211084009311045e+35
6.211084056668719e+35
6.211084104031123e+35
6.211084151398254e+35
6.211084198770113e+35
6.211084246146702e+35
6.2110842935280154e+35
6.211084340914054e+35
6.211084388304817e+35
6.211084435700308e+35
6.211084483100517e+35
6.211084530505456e+35
6.211084577915114e+35
6.2110846253294904e+35
6.211084672748592e+35
6.211084720172415e+35
6.211084767600956e+35
6.2110848150342156e+35
6.211084862472196e+35
6.211084909914895e+35
6.211084957362307e+35
6.21108500481444e+35
6.211085052271287e+35
6.211085099732849e+35
6.211085147199127e+35
6.211085194670116e+35
6.211085242145817e+35
6.21108528962624e+35
6.2110853371113676e+35
6.211085384601206e+35
6.211085432095757e+35
6.211085479595016e+35
6.2110855270989906e+35
6.2110855746076694e+35
6.2110856221210536e+35
6.211085669639151e+35
6.211085717161953e+35
6.2110857646894586e+35
6.211085812221668e+35
6.211085859758586e+35
6.211085907300209e+35
6.2110859548465356e+35
6.2110860023975586e+35
6.2110860499532906e+35
6.2110860975137236e+35
6.211086145078857e+35
6.211086192648688e+35
6.211086240223218e+35
6.211086287802453e+35
6.211086335386379e+35
6.211086382975003e+35
6.211086430568326e+35
6.211086478166346e+35
6.211086525769064e+35
6.211086573376472e+35
6.2110866209885736e+35
6.2110866686053725e+35
6.211086716226866e+35
6.2110867638530466e+35
6.211086811483916e+35
6.211086859119483e+35
6.211086906759739e+35
6.21108695440468e+35
6.211087002054316e+35
6.211087049708637e+35
6.211087097367646e+35
6.211087145031343e+35
6.2110871926997254e+35
6.211087240372794e+35
6.211087288050548e+35
6.211087335732979e+35
6.211087383420101e+35
6.2110874311119044e+35
6.21108747880839e+35
6.211087526509561e+35
6.211087574215404e+35
6.211087621925933e+35
6.211087669641141e+35
6.211087717361028e+35
6.211087765085594e+35
6.211087812814831e+35
6.211087860548755e+35
6.211087908287351e+35
6.21108795603062e+35
6.211088003778567e+35
6.211088051531187e+35
6.211088099288482e+35
6.211088147050448e+35
6.2110881948170865e+35
6.211088242588394e+35
6.211088290364375e+35
6.2110883381450325e+35
6.2110883859303505e+35
6.211088433720341e+35
6.211088481514997e+35
6.211088529314323e+35
6.211088577118318e+35
6.211088624926978e+35
6.211088672740299e+35
6.211088720558292e+35
6.21108876838094e+35
6.2110888162082635e+35
6.211088864040243e+35
6.211088911876883e+35
6.211088959718189e+35
6.2110890075641516e+35
6.211089055414778e+35
6.211089103270059e+35
6.2110891511300015e+35
6.211089198994604e+35
6.211089246863867e+35
6.211089294737778e+35
6.211089342616351e+35
6.21108939049958e+35
6.211089438387464e+35
6.211089486279999e+35
6.2110895341771875e+35
6.211089582079029e+35
6.211089629985529e+35
6.21108967789667e+35
6.21108972581247e+35
6.211089773732917e+35
6.211089821658013e+35
6.2110898695877576e+35
6.21108991752215e+35
6.211089965461192e+35
6.211090013404877e+35
6.2110900613532114e+35
6.2110901093061926e+35
6.211090157263815e+35
6.211090205226082e+35
6.211090253192995e+35
6.2110903011645464e+35
6.211090349140745e+35
6.2110903971215805e+35
6.211090445107061e+35
6.2110904930971756e+35
6.2110905410919335e+35
6.21109058909133e+35
6.211090637095364e+35
6.211090685104034e+35
6.211090733117343e+35
6.211090781135289e+35
6.2110908291578666e+35
6.2110908771850804e+35
6.2110909252169266e+35
6.211090973253405e+35
6.211091021294523e+35
6.211091069340267e+35
6.211091117390642e+35
6.211091165445649e+35
6.211091213505285e+35
6.211091261569553e+35
6.211091309638449e+35
6.2110913577119685e+35
6.2110914057901175e+35
6.211091453872896e+35
6.211091501960297e+35
6.211091550052325e+35
6.211091598148975e+35
6.21109164625025e+35
6.211091694356147e+35
6.21109174246667e+35
6.2110917905818106e+35
6.211091838701569e+35
6.211091886825956e+35
6.21109193495496e+35
6.211091983088581e+35
6.211092031226823e+35
6.211092079369679e+35
6.211092127517157e+35
6.211092175669243e+35
6.211092223825951e+35
6.211092271987276e+35
6.2110923201532084e+35
6.211092368323759e+35
6.2110924164989205e+35
6.211092464678695e+35
6.211092512863081e+35
6.2110925610520786e+35
6.211092609245685e+35
6.211092657443901e+35
6.2110927056467285e+35
6.211092753854163e+35
6.211092802066202e+35
6.211092850282847e+35
6.211092898504103e+35
6.21109294672996e+35
6.2110929949604215e+35
6.21109304319549e+35
6.211093091435162e+35
6.211093139679433e+35
6.211093187928308e+35
6.211093236181782e+35
6.211093284439862e+35
6.2110933327025376e+35
6.2110933809698144e+35
6.211093429241691e+35
6.211093477518162e+35
6.211093525799232e+35
6.2110935740849e+35
6.211093622375161e+35
6.211093670670017e+35
6.2110937189694684e+35
6.21109376727351e+35
6.211093815582147e+35
6.211093863895379e+35
6.211093912213201e+35
6.2110939605356156e+35
6.211094008862616e+35
6.21109405719421e+35
6.211094105530392e+35
6.21109415387116e+35
6.211094202216517e+35
6.211094250566462e+35
6.211094298920991e+35
6.211094347280109e+35
6.211094395643807e+35
6.211094444012091e+35
6.21109449238496e+35
6.21109454076241e+35
6.211094589144443e+35
6.211094637531057e+35
6.2110946859222514e+35
6.211094734318025e+35
6.211094782718377e+35
6.211094831123311e+35
6.211094879532819e+35
6.2110949279469064e+35
6.211094976365571e+35
6.21109502478881e+35
6.2110950732166224e+35
6.211095121649015e+35
6.211095170085975e+35
6.211095218527511e+35
6.2110952669736206e+35
6.2110953154242964e+35
6.2110953638795515e+35
6.2110954123393695e+35
6.21109546080376e+35
6.211095509272721e+35
6.211095557746246e+35
6.211095606224344e+35
6.2110956547070056e+35
6.211095703194233e+35
6.211095751686023e+35
6.211095800182384e+35
6.211095848683307e+35
6.211095897188791e+35
6.211095945698841e+35
6.211095994213447e+35
6.2110960427326225e+35
6.211096091256353e+35
6.2110961397846435e+35
6.211096188317494e+35
6.211096236854902e+35
6.211096285396874e+35
6.211096333943394e+35
6.2110963824944726e+35
6.211096431050112e+35
6.211096479610304e+35
6.21109652817505e+35
6.2110965767443464e+35
6.2110966253181985e+35
6.211096673896598e+35
6.211096722479556e+35
6.211096771067066e+35
6.2110968196591196e+35
6.211096868255729e+35
6.21109691685688e+35
6.2110969654625854e+35
6.211097014072838e+35
6.211097062687632e+35
6.211097111306979e+35
6.211097159930865e+35
6.2110972085592966e+35
6.211097257192272e+35
6.211097305829792e+35
6.211097354471851e+35
6.2110974031184574e+35
6.211097451769601e+35
6.211097500425288e+35
6.211097549085512e+35
6.211097597750276e+35
6.211097646419574e+35
6.2110976950934156e+35
6.2110977437717936e+35
6.211097792454707e+35
6.211097841142156e+35
6.211097889834137e+35
6.211097938530657e+35
6.211097987231702e+35
6.2110980359372875e+35
6.2110980846474035e+35
6.211098133362046e+35
6.211098182081223e+35
6.211098230804931e+35
6.211098279533165e+35
6.211098328265927e+35
6.21109837700322e+35
6.2110984257450414e+35
6.211098474491387e+35
6.2110985232422524e+35
6.211098571997648e+35
6.211098620757569e+35
6.211098669522012e+35
6.21109871829098e+35
6.211098767064468e+35
6.211098815842478e+35
6.211098864625009e+35
6.211098913412058e+35
6.211098962203629e+35
6.211099010999721e+35
6.2110990598003235e+35
6.211099108605448e+35
6.211099157415087e+35
6.211099206229242e+35
6.211099255047915e+35
6.211099303871101e+35
6.211099352698798e+35
6.21109940153101e+35
6.211099450367732e+35
6.211099499208968e+35
6.211099548054717e+35
6.211099596904972e+35
6.211099645759735e+35
6.211099694619013e+35
6.211099743482796e+35
6.211099792351088e+35
6.211099841223882e+35
6.2110998901011855e+35
6.211099938982992e+35
6.211099987869305e+35
6.2111000367601206e+35
6.2111000856554404e+35
6.211100134555262e+35
6.2111001834595846e+35
6.211100232368411e+35
6.211100281281731e+35
6.211100330199555e+35
6.211100379121875e+35
6.211100428048701e+35
6.211100476980018e+35
6.2111005259158296e+35
6.2111005748561396e+35
6.211100623800948e+35
6.211100672750251e+35
6.211100721704043e+35
6.2111007706623305e+35
6.21110081962511e+35
6.211100868592381e+35
6.211100917564144e+35
6.211100966540397e+35
6.211101015521141e+35
6.21110106450637e+35
6.211101113496091e+35
6.211101162490297e+35
6.2111012114889905e+35
6.211101260492169e+35
6.211101309499837e+35
6.211101358511986e+35
6.211101407528619e+35
6.2111014565497324e+35
6.211101505575331e+35
6.2111015546054134e+35
6.211101603639979e+35
6.211101652679019e+35
6.21110170172254e+35
6.2111017507705426e+35
6.211101799823022e+35
6.2111018488799745e+35
6.211101897941409e+35
6.211101947007319e+35
6.211101996077705e+35
6.211102045152565e+35
6.2111020942318946e+35
6.211102143315702e+35
6.211102192403982e+35
6.211102241496734e+35
6.211102290593953e+35
6.2111023396956455e+35
6.211102388801803e+35
6.211102437912435e+35
6.211102487027536e+35
6.2111025361470984e+35
6.2111025852711335e+35
6.211102634399633e+35
6.211102683532596e+35
6.211102732670022e+35
6.211102781811916e+35
6.211102830958274e+35
6.2111028801090906e+35
6.21110292926437e+35
6.211102978424112e+35
6.21110302758831e+35
6.2111030767569725e+35
6.211103125930092e+35
6.21110317510767e+35
6.211103224289705e+35
6.2111032734761954e+35
6.211103322667143e+35
6.2111033718625446e+35
6.211103421062403e+35
6.211103470266714e+35
6.2111035194754796e+35
6.211103568688696e+35
6.2111036179063615e+35
6.2111036671284795e+35
6.211103716355052e+35
6.211103765586071e+35
6.2111038148215405e+35
6.2111038640614566e+35
6.211103913305816e+35
6.211103962554625e+35
6.2111040118078825e+35
6.2111040610655835e+35
6.211104110327727e+35
6.2111041595943165e+35
6.211104208865351e+35
6.211104258140825e+35
6.211104307420739e+35
6.211104356705097e+35
6.211104405993893e+35
6.2111044552871304e+35
6.2111045045848025e+35
6.211104553886918e+35
6.211104603193465e+35
6.2111046525044544e+35
6.211104701819877e+35
6.211104751139729e+35
6.211104800464025e+35
6.21110484979275e+35
6.211104899125908e+35
6.211104948463498e+35
6.2111049978055194e+35
6.2111050471519736e+35
6.211105096502852e+35
6.211105145858168e+35
6.211105195217909e+35
6.2111052445820734e+35
6.211105293950671e+35
6.211105343323692e+35
6.2111053927011384e+35
6.211105442083009e+35
6.211105491469306e+35
6.211105540860028e+35
6.211105590255166e+35
6.21110563965473e+35
6.2111056890587176e+35
6.211105738467123e+35
6.211105787879955e+35
6.211105837297197e+35
6.211105886718861e+35
6.2111059361449386e+35
6.21110598557544e+35
6.2111060350103535e+35
6.211106084449683e+35
6.211106133893425e+35
6.211106183341584e+35
6.211106232794155e+35
6.211106282251141e+35
6.2111063317125356e+35
6.211106381178342e+35
6.21110643064856e+35
6.211106480123187e+35
6.211106529602224e+35
6.211106579085665e+35
6.211106628573516e+35
6.211106678065778e+35
6.2111067275624356e+35
6.21110677706351e+35
6.2111068265689806e+35
6.211106876078859e+35
6.2111069255931415e+35
6.211106975111823e+35
6.2111070246349066e+35
6.211107074162392e+35
6.2111071236942786e+35
6.2111071732305645e+35
6.2111072227712496e+35
6.21110727231633e+35
6.2111073218658055e+35
6.2111073714196815e+35
6.211107420977953e+35
6.211107470540616e+35
6.2111075201076736e+35
6.211107569679131e+35
6.211107619254974e+35
6.211107668835215e+35
6.211107718419846e+35
6.2111077680088666e+35
6.211107817602273e+35
6.2111078672000746e+35
6.211107916802262e+35
6.211107966408836e+35
6.2111080160198e+35
6.211108065635147e+35
6.211108115254883e+35
6.211108164878999e+35
6.211108214507503e+35
6.2111082641403875e+35
6.211108313777657e+35
6.2111083634193046e+35
6.2111084130653375e+35
6.211108462715745e+35
6.211108512370537e+35
6.211108562029706e+35
6.211108611693254e+35
6.211108661361179e+35
6.2111087110334835e+35
6.211108760710157e+35
6.211108810391209e+35
6.211108860076638e+35
6.211108909766439e+35
6.2111089594606116e+35
6.211109009159161e+35
6.2111090588620756e+35
6.211109108569364e+35
6.211109158281018e+35
6.211109207997045e+35
6.211109257717441e+35
6.2111093074422054e+35
6.211109357171332e+35
6.211109406904833e+35
6.2111094566426916e+35
6.211109506384918e+35
6.2111095561315105e+35
6.211109605882465e+35
6.211109655637782e+35
6.2111097053974575e+35
6.211109755161499e+35
6.211109804929899e+35
6.211109854702657e+35
6.2111099044797754e+35
6.211109954261254e+35
6.2111100040470845e+35
6.211110053837279e+35
6.211110103631822e+35
6.211110153430723e+35
6.2111102032339836e+35
6.211110253041589e+35
6.211110302853553e+35
6.2111103526698664e+35
6.211110402490531e+35
6.2111104523155505e+35
6.211110502144916e+35
6.2111105519786314e+35
6.211110601816693e+35
6.211110651659107e+35
6.211110701505868e+35
6.211110751356969e+35
6.21111080121242e+35
6.211110851072218e+35
6.211110900936358e+35
6.2111109508048406e+35
6.2111110006776645e+35
6.2111110505548314e+35
6.21111110043634e+35
6.211111150322189e+35
6.211111200212375e+35
6.211111250106902e+35
6.211111300005767e+35
6.2111113499089676e+35
6.211111399816506e+35
6.21111144972838e+35
6.211111499644588e+35
6.211111549565133e+35
6.211111599490009e+35
6.211111649419218e+35
6.211111699352761e+35
6.211111749290631e+35
6.211111799232837e+35
6.211111849179374e+35
6.2111118991302335e+35
6.211111949085425e+35
6.211111999044942e+35
6.211112049008788e+35
6.2111120989769564e+35
6.211112148949453e+35
6.211112198926275e+35
6.2111122489074186e+35
6.211112298892891e+35
6.211112348882678e+35
6.21111239887679e+35
6.211112448875223e+35
6.2111124988779754e+35
6.211112548885047e+35
6.211112598896441e+35
6.211112648912144e+35
6.211112698932169e+35
6.211112748956514e+35
6.211112798985168e+35
6.211112849018145e+35
6.211112899055429e+35
6.211112949097029e+35
6.21111299914294e+35
6.211113049193163e+35
6.211113099247697e+35
6.211113149306542e+35
6.2111131993696986e+35
6.211113249437161e+35
6.211113299508932e+35
6.2111133495850094e+35
6.2111133996653946e+35
6.211113449750086e+35
6.211113499839082e+35
6.21111354993238e+35
6.2111136000299856e+35
6.211113650131893e+35
6.211113700238102e+35
6.2111137503486115e+35
6.21111380046342e+35
6.21111385058253e+35
6.211113900705942e+35
6.211113950833649e+35
6.211114000965653e+35
6.211114051101955e+35
6.211114101242551e+35
6.211114151387444e+35
6.211114201536634e+35
6.211114251690113e+35
6.211114301847886e+35
6.211114352009948e+35
6.211114402176308e+35
6.211114452346956e+35
6.211114502521895e+35
6.21111455270112e+35
6.211114602884638e+35
6.211114653072437e+35
6.211114703264531e+35
6.211114753460908e+35
6.2111148036615645e+35
6.211114853866515e+35
6.21111490407574e+35
6.211114954289253e+35
6.211115004507047e+35
6.211115054729126e+35
6.211115104955482e+35
6.211115155186122e+35
6.211115205421037e+35
6.211115255660232e+35
6.2111153059037044e+35
6.211115356151456e+35
6.211115406403484e+35
6.211115456659782e+35
6.211115506920361e+35
6.211115557185213e+35
6.211115607454334e+35
6.211115657727728e+35
6.211115708005402e+35
6.211115758287338e+35
6.2111158085735476e+35
6.211115858864024e+35
6.2111159091587694e+35
6.211115959457789e+35
6.2111160097610685e+35
6.211116060068613e+35
6.211116110380429e+35
6.211116160696509e+35
6.2111162110168526e+35
6.211116261341456e+35
6.2111163116703244e+35
6.2111163620034566e+35
6.2111164123408455e+35
6.211116462682498e+35
6.2111165130284105e+35
6.2111165633785815e+35
6.211116613733007e+35
6.2111166640916924e+35
6.211116714454633e+35
6.211116764821832e+35
6.211116815193283e+35
6.211116865568987e+35
6.2111169159489476e+35
6.2111169663331595e+35
6.2111170167216245e+35
6.211117067114337e+35
6.211117117511303e+35
6.2111171679125165e+35
6.2111172183179805e+35
6.211117268727691e+35
6.211117319141649e+35
6.2111173695598534e+35
6.211117419982305e+35
6.2111174704090024e+35
6.2111175208399414e+35
6.2111175712751216e+35
6.2111176217145505e+35
6.211117672158216e+35
6.211117722606123e+35
6.211117773058275e+35
6.211117823514662e+35
6.2111178739752884e+35
6.211117924440156e+35
6.211117974909256e+35
6.211118025382597e+35
6.2111180758601685e+35
6.2111181263419784e+35
6.211118176828022e+35
6.2111182273182985e+35
6.21111827781281e+35
6.21111832831155e+35
6.211118378814523e+35
6.2111184293217255e+35
6.2111184798331565e+35
6.2111185303488206e+35
6.21111858086871e+35
6.211118631392824e+35
6.211118681921167e+35
6.2111187324537364e+35
6.211118782990531e+35
6.211118833531546e+35
6.21111888407679e+35
6.211118934626253e+35
6.211118985179937e+35
6.211119035737843e+35
6.211119086299969e+35
6.2111191368663155e+35
6.211119187436882e+35
6.211119238011662e+35
6.211119288590664e+35
6.21111933917388e+35
6.21111938976131e+35
6.211119440352959e+35
6.211119490948818e+35
6.211119541548893e+35
6.211119592153178e+35
6.2111196427616796e+35
6.211119693374385e+35
6.2111197439913044e+35
6.2111197946124345e+35
6.2111198452377704e+35
6.2111198958673196e+35
6.211119946501069e+35
6.21111999713903e+35
6.211120047781196e+35
6.2111200984275616e+35
6.2111201490781386e+35
6.2111201997329096e+35
6.2111202503918924e+35
6.211120301055071e+35
6.2111203517224534e+35
6.211120402394037e+35
6.2111204530698135e+35
6.211120503749794e+35
6.211120554433972e+35
6.2111206051223456e+35
6.211120655814915e+35
6.211120706511681e+35
6.211120757212641e+35
6.211120807917794e+35
6.211120858627142e+35
6.211120909340682e+35
6.211120960058415e+35
6.211121010780337e+35
6.211121061506451e+35
6.21112111223675e+35
6.211121162971239e+35
6.211121213709918e+35
6.211121264452784e+35
6.211121315199834e+35
6.211121365951065e+35
6.211121416706486e+35
6.211121467466089e+35
6.21112151822988e+35
6.2111215689978435e+35
6.2111216197699955e+35
6.211121670546329e+35
6.211121721326837e+35
6.211121772111527e+35
6.2111218229003895e+35
6.211121873693439e+35
6.211121924490661e+35
6.211121975292057e+35
6.211122026097631e+35
6.2111220769073795e+35
6.211122127721302e+35
6.211122178539397e+35
6.211122229361659e+35
6.211122280188098e+35
6.211122331018702e+35
6.2111223818534794e+35
6.2111224326924264e+35
6.2111224835355394e+35
6.211122534382825e+35
6.211122585234267e+35
6.2111226360898834e+35
6.211122686949662e+35
6.211122737813604e+35
6.21112278868171e+35
6.211122839553976e+35
6.211122890430408e+35
6.211122941311e+35
6.211122992195749e+35
6.2111230430846606e+35
6.211123093977731e+35
6.2111231448749595e+35
6.2111231957763436e+35
6.211123246681883e+35
6.21112329759158e+35
6.21112334850543e+35
6.211123399423432e+35
6.2111234503455896e+35
6.2111235012719e+35
6.211123552202364e+35
6.211123603136978e+35
6.2111236540757374e+35
6.211123705018651e+35
6.211123755965709e+35
6.21112380691692e+35
6.211123857872273e+35
6.211123908831772e+35
6.2111239597954185e+35
6.2111240107632064e+35
6.211124061735141e+35
6.211124112711216e+35
6.211124163691437e+35
6.211124214675796e+35
6.211124265664299e+35
6.2111243166569384e+35
6.2111243676537136e+35
6.211124418654631e+35
6.211124469659688e+35
6.2111245206688794e+35
6.211124571682205e+35
6.211124622699664e+35
6.211124673721262e+35
6.211124724746991e+35
6.211124775776854e+35
6.211124826810843e+35
6.211124877848969e+35
6.211124928891224e+35
6.211124979937607e+35
6.2111250309881195e+35
6.211125082042759e+35
6.2111251331015286e+35
6.211125184164421e+35
6.21112523523144e+35
6.211125286302585e+35
6.211125337377852e+35
6.2111253884572405e+35
6.211125439540754e+35
6.211125490628387e+35
6.211125541720141e+35
6.211125592816016e+35
6.211125643916009e+35
6.211125695020122e+35
6.211125746128351e+35
6.211125797240697e+35
6.211125848357162e+35
6.21112589947774e+35
6.2111259506024266e+35
6.211126001731235e+35
6.211126052864151e+35
6.2111261040011836e+35
6.211126155142324e+35
6.211126206287569e+35
6.2111262574369315e+35
6.211126308590402e+35
6.211126359747978e+35
6.211126410909664e+35
6.211126462075452e+35
6.21112651324535e+35
6.211126564419352e+35
6.211126615597454e+35
6.21112666677966e+35
6.211126717965971e+35
6.211126769156379e+35
6.211126820350892e+35
6.211126871549504e+35
6.2111269227522174e+35
6.2111269739590264e+35
6.211127025169932e+35
6.211127076384935e+35
6.211127127604032e+35
6.211127178827226e+35
6.211127230054514e+35
6.211127281285896e+35
6.211127332521375e+35
6.211127383760941e+35
6.211127435004601e+35
6.211127486252345e+35
6.2111275375041854e+35
6.2111275887601085e+35
6.211127640020124e+35
6.2111276912842226e+35
6.211127742552412e+35
6.2111277938246856e+35
6.211127845101043e+35
6.211127896381484e+35
6.2111279476660095e+35
6.211127998954615e+35
6.2111280502473026e+35
6.211128101544073e+35
6.21112815284492e+35
6.2111282041498505e+35
6.211128255458855e+35
6.211128306771936e+35
6.2111283580890986e+35
6.211128409410336e+35
6.211128460735646e+35
6.21112851206503e+35
6.211128563398488e+35
6.2111286147360206e+35
6.211128666077624e+35
6.211128717423297e+35
6.211128768773041e+35
6.211128820126853e+35
6.2111288714847376e+35
6.211128922846685e+35
6.211128974212703e+35
6.2111290255827856e+35
6.211129076956931e+35
6.211129128335145e+35
6.211129179717423e+35
6.2111292311037595e+35
6.211129282494163e+35
6.211129333888622e+35
6.2111293852871495e+35
6.2111294366897294e+35
6.2111294880963705e+35
6.211129539507068e+35
6.211129590921828e+35
6.21112964234064e+35
6.211129693763509e+35
6.211129745190433e+35
6.211129796621409e+35
6.21112984805644e+35
6.2111298994955226e+35
6.21112995093866e+35
6.211130002385845e+35
6.211130053837078e+35
6.211130105292367e+35
6.211130156751698e+35
6.211130208215078e+35
6.2111302596825035e+35
6.21113031115398e+35
6.211130362629495e+35
6.211130414109061e+35
6.211130465592664e+35
6.21113051708031e+35
6.2111305685720015e+35
6.211130620067734e+35
