-102554769222.66113 -203450500804.49176 -1737783849.202118
-102553074287.24117 -203451157583.0291 -1737839159.4530969
-102551379345.34792 -203451814348.59735 -1737894469.591072
-102549684396.9815 -203452471101.19638 -1737949779.6160398
-102547989442.14201 -203453127840.82614 -1738005089.5279963
-102546294480.82953 -203453784567.48654 -1738060399.3269377
-102544599513.04414 -203454441281.17755 -1738115709.01286
-102542904538.78596 -203455097981.89905 -1738171018.5857599
-102541209558.05508 -203455754669.651 -1738226328.045633
-102539514570.8516 -203456411344.43332 -1738281637.392476
-102537819577.17558 -203457068006.24594 -1738336946.626285
-102536124577.02715 -203457724655.0888 -1738392255.7470562
-102534429570.40637 -203458381290.96182 -1738447564.7547858
-102532734557.31337 -203459037913.86493 -1738502873.64947
-102531039537.74821 -203459694523.79807 -1738558182.4311051
-102529344511.71101 -203460351120.76114 -1738613491.0996873
-102527649479.20186 -203461007704.7541 -1738668799.6552126
-102525954440.22084 -203461664275.77686 -1738724108.0976775
-102524259394.76805 -203462320833.82935 -1738779416.427078
-102522564342.84358 -203462977378.9115 -1738834724.6434104
-102520869284.44754 -203463633911.02325 -1738890032.746671
-102519174219.58 -203464290430.16452 -1738945340.7368557
-102517479148.24107 -203464946936.33524 -1739000648.6139612
-102515784070.43085 -203465603429.53534 -1739055956.3779833
-102514088986.14941 -203466259909.76474 -1739111264.0289185
-102512393895.39687 -203466916377.02338 -1739166571.5667627
-102510698798.1733 -203467572831.3112 -1739221878.9915123
-102509003694.4788 -203468229272.6281 -1739277186.3031635
-102507308584.31349 -203468885700.97406 -1739332493.5017126
-102505613467.67743 -203469542116.34894 -1739387800.5871558
-102503918344.57072 -203470198518.75272 -1739443107.5594893
-102502223214.99347 -203470854908.1853 -1739498414.418709
-102500528078.94576 -203471511284.64664 -1739553721.1648116
-102498832936.42769 -203472167648.13663 -1739609027.7977931
-102497137787.43935 -203472823998.65524 -1739664334.3176496
-102495442631.98083 -203473480336.20236 -1739719640.7243774
-102493747470.05223 -203474136660.77795 -1739774947.017973
-102492052301.65364 -203474792972.38193 -1739830253.1984322
-102490357126.78516 -203475449271.01422 -1739885559.2657514
-102488661945.44688 -203476105556.67474 -1739940865.2199266
-102486966757.6389 -203476761829.36346 -1739996171.0609543
-102485271563.3613 -203477418089.0803 -1740051476.7888308
-102483576362.61418 -203478074335.82513 -1740106782.4035518
-102481881155.39764 -203478730569.59793 -1740162087.905114
-102480185941.71178 -203479386790.39862 -1740217393.2935133
-102478490721.55667 -203480042998.22714 -1740272698.5687463
-102476795494.93242 -203480699193.0834 -1740328003.730809
-102475100261.83911 -203481355374.96735 -1740383308.7796974
-102473405022.27686 -203482011543.8789 -1740438613.715408
-102471709776.24573 -203482667699.818 -1740493918.537937
-102470014523.74583 -203483323842.78455 -1740549223.2472804
-102468319264.77727 -203483979972.7785 -1740604527.8434346
-102466623999.34012 -203484636089.79977 -1740659832.3263958
-102464928727.43448 -203485292193.8483 -1740715136.69616
-102463233449.06046 -203485948284.924 -1740770440.9527237
-102461538164.21812 -203486604363.02682 -1740825745.0960832
-102459842872.9076 -203487260428.15668 -1740881049.1262343
-102458147575.12895 -203487916480.3135 -1740936353.0431736
-102456452270.8823 -203488572519.49722 -1740991656.8468971
-102454756960.16771 -203489228545.70776 -1741046960.5374012
-102453061642.98529 -203489884558.94507 -1741102264.1146817
-102451366319.33513 -203490540559.20908 -1741157567.5787354
-102449670989.21733 -203491196546.4997 -1741212870.929558
-102447975652.63197 -203491852520.81683 -1741268174.167146
-102446280309.57916 -203492508482.16046 -1741323477.2914956
-102444584960.05899 -203493164430.5305 -1741378780.3026028
-102442889604.07155 -203493820365.92685 -1741434083.200464
-102441194241.61693 -203494476288.34946 -1741489385.9850755
-102439498872.69524 -203495132197.79828 -1741544688.6564333
-102437803497.30655 -203495788094.2732 -1741599991.2145338
-102436108115.45097 -203496443977.77417 -1741655293.659373
-102434412727.1286 -203497099848.30112 -1741710595.9909472
-102432717332.33952 -203497755705.85397 -1741765898.2092528
-102431021931.08383 -203498411550.43268 -1741821200.3142858
-102429326523.36162 -203499067382.03714 -1741876502.3060424
-102427631109.17299 -203499723200.6673 -1741931804.1845188
-102425935688.51802 -203500379006.32306 -1741987105.9497113
-102424240261.39682 -203501034799.00436 -1742042407.6016161
-102422544827.80948 -203501690578.71115 -1742097709.1402295
-102420849387.75609 -203502346345.44336 -1742153010.5655477
-102419153941.23674 -203503002099.2009 -1742208311.8775668
-102417458488.25153 -203503657839.9837 -1742263613.0762832
-102415763028.80055 -203504313567.79172 -1742318914.1616929
-102414067562.8839 -203504969282.62485 -1742374215.1337922
-102412372090.50166 -203505624984.48303 -1742429515.9925773
-102410676611.65395 -203506280673.3662 -1742484816.7380445
-102408981126.34084 -203506936349.2743 -1742540117.37019
-102407285634.56242 -203507592012.2072 -1742595417.8890097
-102405590136.3188 -203508247662.16492 -1742650718.2945
-102403894631.61008 -203508903299.1473 -1742706018.5866575
-102402199120.43633 -203509558923.15433 -1742761318.765478
-102400503602.79765 -203510214534.1859 -1742816618.8309577
-102398808078.69415 -203510870132.242 -1742871918.783093
-102397112548.12592 -203511525717.3225 -1742927218.62188
-102395417011.09303 -203512181289.42734 -1742982518.347315
-102393721467.59561 -203512836848.55646 -1743037817.9593942
-102392025917.63373 -203513492394.70978 -1743093117.4581137
-102390330361.20749 -203514147927.88724 -1743148416.8434699
-102388634798.31699 -203514803448.08875 -1743203716.1154587
-102386939228.96231 -203515458955.31424 -1743259015.2740767
-102385243653.14355 -203516114449.56366 -1743314314.31932
-102383548070.86081 -203516769930.83694 -1743369613.2511845
-102381852482.11417 -203517425399.134 -1743424912.0696666
-102380156886.90373 -203518080854.45477 -1743480210.7747626
-102378461285.22958 -203518736296.79916 -1743535509.366469
-102376765677.09183 -203519391726.16714 -1743590807.8447814
-102375070062.49055 -203520047142.5586 -1743646106.2096965
-102373374441.42586 -203520702545.97348 -1743701404.4612103
-102371678813.89784 -203521357936.4117 -1743756702.599319
-102369983179.90659 -203522013313.87323 -1743812000.624019
-102368287539.4522 -203522668678.35797 -1743867298.5353062
-102366591892.53474 -203523324029.86584 -1743922596.333177
-102364896239.15434 -203523979368.3968 -1743977894.0176277
-102363200579.31108 -203524634693.95074 -1744033191.5886543
-102361504913.00505 -203525290006.52762 -1744088489.046253
-102359809240.23636 -203525945306.12735 -1744143786.3904202
-102358113561.00508 -203526600592.74988 -1744199083.6211522
-102356417875.31133 -203527255866.3951 -1744254380.7384448
-102354722183.15517 -203527911127.063 -1744309677.7422945
-102353026484.53671 -203528566374.75345 -1744364974.6326976
-102351330779.45605 -203529221609.4664 -1744420271.40965
-102349635067.9133 -203529876831.20178 -1744475568.0731485
-102347939349.90852 -203530532039.95953 -1744530864.6231887
-102346243625.44182 -203531187235.73956 -1744586161.059767
-102344547894.51329 -203531842418.54184 -1744641457.3828797
-102342852157.12303 -203532497588.36624 -1744696753.592523
-102341156413.27113 -203533152745.21274 -1744752049.6886933
-102339460662.95769 -203533807889.08124 -1744807345.6713865
-102337764906.18279 -203534463019.97168 -1744862641.5405989
-102336069142.94653 -203535118137.88397 -1744917937.2963266
-102334373373.24901 -203535773242.81805 -1744973232.938566
-102332677597.09032 -203536428334.77386 -1745028528.467313
-102330981814.47055 -203537083413.75134 -1745083823.8825643
-102329286025.3898 -203537738479.7504 -1745139119.184316
-102327590229.84816 -203538393532.77097 -1745194414.3725638
-102325894427.84572 -203539048572.81296 -1745249709.4473045
-102324198619.38257 -203539703599.87634 -1745305004.408534
-102322502804.45882 -203540358613.961 -1745360299.2562487
-102320806983.07455 -203541013615.0669 -1745415593.990445
-102319111155.22987 -203541668603.19394 -1745470888.6111186
-102317415320.92487 -203542323578.34207 -1745526183.1182659
-102315719480.15962 -203542978540.51123 -1745581477.5118833
-102314023632.93423 -203543633489.70132 -1745636771.791967
-102312327779.24881 -203544288425.9123 -1745692065.958513
-102310631919.10342 -203544943349.14407 -1745747360.0115178
-102308936052.49818 -203545598259.39658 -1745802653.9509773
-102307240179.43318 -203546253156.66974 -1745857947.776888
-102305544299.90851 -203546908040.9635 -1745913241.4892457
-102303848413.92426 -203547562912.27777 -1745968535.0880468
-102302152521.48053 -203548217770.6125 -1746023828.5732877
-102300456622.57741 -203548872615.9676 -1746079121.9449646
-102298760717.215 -203549527448.343 -1746134415.2030735
-102297064805.39339 -203550182267.73862 -1746189708.3476107
-102295368887.11267 -203550837074.15442 -1746245001.3785725
-102293672962.37294 -203551491867.59033 -1746300294.295955
-102291977031.17429 -203552146648.04626 -1746355587.0997546
-102290281093.51682 -203552801415.52216 -1746410879.7899673
-102288585149.4006 -203553456170.0179 -1746466172.3665893
-102286889198.82576 -203554110911.53348 -1746521464.829617
-102285193241.79237 -203554765640.0688 -1746576757.1790466
-102283497278.30054 -203555420355.62378 -1746632049.414874
-102281801308.35034 -203556075058.19836 -1746687341.5370958
-102280105331.9419 -203556729747.79248 -1746742633.545708
-102278409349.07527 -203557384424.40604 -1746797925.4407067
-102276713359.75058 -203558039088.03897 -1746853217.2220886
-102275017363.9679 -203558693738.69122 -1746908508.8898494
-102273321361.72733 -203559348376.36273 -1746963800.4439857
-102271625353.02898 -203560003001.0534 -1747019091.8844934
-102269929337.87292 -203560657612.76318 -1747074383.2113688
-102268233316.25926 -203561312211.492 -1747129674.4246082
-102266537288.1881 -203561966797.23978 -1747184965.5242078
-102264841253.6595 -203562621370.00644 -1747240256.5101638
-102263145212.67358 -203563275929.79193 -1747295547.3824723
-102261449165.23044 -203563930476.59616 -1747350838.1411295
-102259753111.33015 -203564585010.41907 -1747406128.7861319
-102258057050.97284 -203565239531.2606 -1747461419.3174753
-102256360984.15857 -203565894039.12064 -1747516709.7351563
-102254664910.88745 -203566548533.99915 -1747572000.039171
-102252968831.15958 -203567203015.89606 -1747627290.2295156
-102251272744.97504 -203567857484.81128 -1747682580.3061862
-102249576652.33392 -203568511940.74475 -1747737870.269179
-102247880553.23633 -203569166383.6964 -1747793160.1184905
-102246184447.68234 -203569820813.66617 -1747848449.8541164
-102244488335.67207 -203570475230.654 -1747903739.4760535
-102242792217.2056 -203571129634.65976 -1747959028.9842975
-102241096092.28302 -203571784025.68344 -1748014318.378845
-102239399960.90443 -203572438403.72495 -1748069607.659692
-102237703823.06993 -203573092768.7842 -1748124896.826835
-102236007678.77962 -203573747120.86115 -1748180185.8802698
-102234311528.03357 -203574401459.95572 -1748235474.8199928
-102232615370.8319 -203575055786.0678 -1748290763.6460001
-102230919207.17468 -203575710099.1974 -1748346052.3582883
-102229223037.06201 -203576364399.34436 -1748401340.9568532
-102227526860.494 -203577018686.50867 -1748456629.4416912
-102225830677.47073 -203577672960.69025 -1748511917.8127985
-102224134487.9923 -203578327221.889 -1748567206.070171
-102222438292.05879 -203578981470.1049 -1748622494.2138054
-102220742089.6703 -203579635705.33783 -1748677782.243698
-102219045880.82693 -203580289927.58774 -1748733070.1598444
-102217349665.52878 -203580944136.85455 -1748788357.9622412
-102215653443.77592 -203581598333.1382 -1748843645.6508844
-102213957215.56847 -203582252516.43863 -1748898933.2257705
-102212260980.90651 -203582906686.75574 -1748954220.6868956
-102210564739.79015 -203583560844.08948 -1749009508.0342557
-102208868492.21945 -203584214988.43976 -1749064795.2678473
-102207172238.19453 -203584869119.80652 -1749120082.3876665
-102205475977.71548 -203585523238.1897 -1749175369.3937094
-102203779710.7824 -203586177343.5892 -1749230656.2859726
-102202083437.39537 -203586831436.00497 -1749285943.064452
-102200387157.55449 -203587485515.43695 -1749341229.7291436
-102198690871.25986 -203588139581.88507 -1749396516.280044
-102196994578.51157 -203588793635.34924 -1749451802.7171495
-102195298279.30971 -203589447675.82938 -1749507089.040456
-102193601973.65437 -203590101703.32544 -1749562375.2499597
-102191905661.54565 -203590755717.83734 -1749617661.3456569
-102190209342.98366 -203591409719.36502 -1749672947.327544
-102188513017.96846 -203592063707.90842 -1749728233.195617
-102186816686.50017 -203592717683.46744 -1749783518.949872
-102185120348.57887 -203593371646.04202 -1749838804.5903056
-102183424004.20467 -203594025595.63208 -1749894090.1169136
-102181727653.37764 -203594679532.23755 -1749949375.5296924
-102180031296.09789 -203595333455.85837 -1750004660.8286383
-102178334932.36551 -203595987366.49448 -1750059946.0137475
-102176638562.1806 -203596641264.14578 -1750115231.085016
-102174942185.54324 -203597295148.81223 -1750170516.0424402
-102173245802.45354 -203597949020.49374 -1750225800.8860161
-102171549412.91159 -203598602879.19025 -1750281085.6157403
-102169853016.91748 -203599256724.90167 -1750336370.2316086
-102168156614.4713 -203599910557.62796 -1750391654.7336175
-102166460205.57315 -203600564377.36902 -1750446939.1217632
-102164763790.22313 -203601218184.1248 -1750502223.3960416
-102163067368.42131 -203601871977.8952 -1750557507.5564492
-102161370940.16782 -203602525758.68018 -1750612791.602982
-102159674505.46272 -203603179526.47968 -1750668075.5356367
-102157978064.30612 -203603833281.29358 -1750723359.354409
-102156281616.69812 -203604487023.12186 -1750778643.0592952
-102154585162.6388 -203605140751.96442 -1750833926.6502917
-102152888702.12825 -203605794467.8212 -1750889210.1273947
-102151192235.16658 -203606448170.6921 -1750944493.4906
-102149495761.75388 -203607101860.5771 -1750999776.7399044
-102147799281.89024 -203607755537.47607 -1751055059.8753037
-102146102795.57576 -203608409201.389 -1751110342.8967943
-102144406302.81053 -203609062852.3158 -1751165625.8043723
-102142709803.59464 -203609716490.25638 -1751220908.5980341
-102141013297.92818 -203610370115.21066 -1751276191.2777758
-102139316785.81125 -203611023727.17862 -1751331473.8435936
-102137620267.24396 -203611677326.16016 -1751386756.2954836
-102135923742.22638 -203612330912.15518 -1751442038.6334422
-102134227210.75862 -203612984485.16364 -1751497320.8574655
-102132530672.84076 -203613638045.18546 -1751552602.9675498
-102130834128.4729 -203614291592.22058 -1751607884.9636912
-102129137577.65514 -203614945126.26892 -1751663166.845886
-102127441020.38756 -203615598647.3304 -1751718448.6141305
-102125744456.67027 -203616252155.405 -1751773730.2684207
-102124047886.50336 -203616905650.49258 -1751829011.808753
-102122351309.88692 -203617559132.5931 -1751884293.2351236
-102120654726.82104 -203618212601.7065 -1751939574.5475285
-102118958137.30583 -203618866057.83273 -1751994855.745964
-102117261541.34137 -203619519500.97168 -1752050136.8304265
-102115564938.92775 -203620172931.12326 -1752105417.800912
-102113868330.06506 -203620826348.28745 -1752160698.6574168
-102112171714.75342 -203621479752.46414 -1752215979.3999372
-102110475092.9929 -203622133143.6533 -1752271260.028469
-102108778464.78362 -203622786521.8548 -1752326540.543009
-102107081830.12564 -203623439887.06863 -1752381820.9435532
-102105385189.01907 -203624093239.29468 -1752437101.2300978
-102103688541.464 -203624746578.5329 -1752492381.4026387
-102101991887.46054 -203625399904.7832 -1752547661.4611723
-102100295227.00876 -203626053218.04553 -1752602941.4056952
-102098598560.10876 -203626706518.31982 -1752658221.2362032
-102096901886.76065 -203627359805.606 -1752713500.9526925
-102095205206.96451 -203628013079.90396 -1752768780.5551596
-102093508520.72044 -203628666341.21365 -1752824060.0436003
-102091811828.02853 -203629319589.53503 -1752879339.4180112
-102090115128.88889 -203629972824.868 -1752934618.6783884
-102088418423.30159 -203630626047.2125 -1752989897.824728
-102086721711.26674 -203631279256.56845 -1753045176.8570263
-102085024992.78442 -203631932452.9358 -1753100455.7752795
-102083328267.85474 -203632585636.31442 -1753155734.5794837
-102081631536.47777 -203633238806.7043 -1753211013.2696354
-102079934798.65363 -203633891964.10538 -1753266291.8457305
-102078238054.3824 -203634545108.51755 -1753321570.3077655
-102076541303.66417 -203635198239.94073 -1753376848.6557362
-102074844546.49904 -203635851358.37488 -1753432126.8896391
-102073147782.88712 -203636504463.81992 -1753487405.0094705
-102071451012.82848 -203637157556.27576 -1753542683.0152264
-102069754236.32323 -203637810635.74234 -1753597960.906903
-102068057453.37144 -203638463702.2196 -1753653238.6844966
-102066360663.97324 -203639116755.7075 -1753708516.3480036
-102064663868.1287 -203639769796.2059 -1753763793.89742
-102062967065.8379 -203640422823.71478 -1753819071.332742
-102061270257.10097 -203641075838.23404 -1753874348.653966
-102059573441.91798 -203641728839.76364 -1753929625.8610878
-102057876620.28905 -203642381828.30347 -1753984902.954104
-102056179792.21423 -203643034803.8535 -1754040179.9330106
-102054482957.69365 -203643687766.4136 -1754095456.797804
-102052786116.72739 -203644340715.98376 -1754150733.5484805
-102051089269.31555 -203644993652.5639 -1754206010.185036
-102049392415.45822 -203645646576.15393 -1754261286.7074668
-102047695555.1555 -203646299486.75378 -1754316563.1157691
-102045998688.40747 -203646952384.3634 -1754371839.4099393
-102044301815.21423 -203647605268.9827 -1754427115.5899734
-102042604935.57588 -203648258140.6116 -1754482391.6558678
-102040908049.49251 -203648910999.25006 -1754537667.6076186
-102039211156.96422 -203649563844.89798 -1754592943.445222
-102037514257.99109 -203650216677.5553 -1754648219.168674
-102035817352.57323 -203650869497.22195 -1754703494.7779713
-102034120440.71072 -203651522303.8979 -1754758770.2731097
-102032423522.40367 -203652175097.583 -1754814045.6540856
-102030726597.65216 -203652827878.27725 -1754869320.920895
-102029029666.45628 -203653480645.98053 -1754924596.0735345
-102027332728.81615 -203654133400.69278 -1754979871.112
-102025635784.73183 -203654786142.41394 -1755035146.0362878
-102023938834.20343 -203655438871.14395 -1755090420.846394
-102022241877.23105 -203656091586.88272 -1755145695.5423152
-102020544913.81477 -203656744289.6302 -1755200970.1240473
-102018847943.95471 -203657396979.38626 -1755256244.5915864
-102017150967.65094 -203658049656.1509 -1755311518.944929
-102015453984.90356 -203658702319.924 -1755366793.184071
-102013756995.71266 -203659354970.70554 -1755422067.3090088
-102012060000.07834 -203660007608.4954 -1755477341.3197386
-102010362998.00069 -203660660233.29352 -1755532615.2162566
-102008665989.47981 -203661312845.09985 -1755587888.9985592
-102006968974.5158 -203661965443.9143 -1755643162.6666424
-102005271953.10873 -203662618029.73682 -1755698436.2205024
-102003574925.25871 -203663270602.56732 -1755753709.6601355
-102001877890.96584 -203663923162.40573 -1755808982.9855378
-102000180850.2302 -203664575709.252 -1755864256.1967056
-101998483803.05188 -203665228243.10605 -1755919529.2936351
-101996786749.431 -203665880763.9678 -1755974802.2763226
-101995089689.36763 -203666533271.8372 -1756030075.1447642
-101993392622.86188 -203667185766.71414 -1756085347.898956
-101991695549.91383 -203667838248.59857 -1756140620.5388944
-101989998470.52359 -203668490717.49042 -1756195893.0645754
-101988301384.69124 -203669143173.38962 -1756251165.4759955
-101986604292.41687 -203669795616.2961 -1756306437.7731507
-101984907193.70059 -203670448046.2098 -1756361709.9560373
-101983210088.54248 -203671100463.13065 -1756416982.0246515
-101981512976.94264 -203671752867.05853 -1756472253.9789896
-101979815858.90117 -203672405257.99344 -1756527525.8190477
-101978118734.41815 -203673057635.93524 -1756582797.544822
-101976421603.4937 -203673710000.8839 -1756638069.1563087
-101974724466.12788 -203674362352.83936 -1756693340.653504
-101973027322.32082 -203675014691.8015 -1756748612.0364041
-101971330172.07257 -203675667017.77032 -1756803883.3050053
-101969633015.38326 -203676319330.7457 -1756859154.4593039
-101967935852.25296 -203676971630.72757 -1756914425.499296
-101966238682.6818 -203677623917.71588 -1756969696.4249778
-101964541506.66983 -203678276191.71054 -1757024967.2363455
-101962844324.21718 -203678928452.7115 -1757080237.9333954
-101961147135.32391 -203679580700.71866 -1757135508.5161235
-101959449939.99014 -203680232935.732 -1757190778.9845262
-101957752738.21596 -203680885157.7514 -1757246049.3385997
-101956055530.00146 -203681537366.77682 -1757301319.57834
-101954358315.34674 -203682189562.80817 -1757356589.7037437
-101952661094.25189 -203682841745.84537 -1757411859.7148066
-101950963866.717 -203683493915.88837 -1757467129.611525
-101949266632.74216 -203684146072.9371 -1757522399.3938954
-101947569392.32747 -203684798216.9915 -1757577669.0619137
-101945872145.47302 -203685450348.05145 -1757632938.6155763
-101944174892.17892 -203686102466.1169 -1757688208.0548794
-101942477632.44525 -203686754571.1878 -1757743477.3798192
-101940780366.27211 -203687406663.26407 -1757798746.5903919
-101939083093.65959 -203688058742.34564 -1757854015.6865935
-101937385814.60779 -203688710808.43243 -1757909284.6684206
-101935688529.11679 -203689362861.52438 -1757964553.5358691
-101933991237.18669 -203690014901.62143 -1758019822.2889354
-101932293938.8176 -203690666928.72348 -1758075090.9276156
-101930596634.00958 -203691318942.83047 -1758130359.451906
-101928899322.76276 -203691970943.94235 -1758185627.8618026
-101927202005.07721 -203692622932.05902 -1758240896.157302
-101925504680.95303 -203693274907.18042 -1758296164.3384
-101923807350.39034 -203693926869.3065 -1758351432.405093
-101922110013.38919 -203694578818.43716 -1758406700.357377
-101920412669.9497 -203695230754.57236 -1758461968.1952486
-101918715320.07198 -203695882677.712 -1758517235.9187038
-101917017963.75609 -203696534587.85602 -1758572503.5277388
-101915320601.00214 -203697186485.00433 -1758627771.0223498
-101913623231.81021 -203697838369.1569 -1758683038.402533
-101911925856.1804 -203698490240.31363 -1758738305.668285
-101910228474.11282 -203699142098.47446 -1758793572.8196013
-101908531085.60756 -203699793943.6393 -1758848839.8564787
-101906833690.6647 -203700445775.8081 -1758904106.778913
-101905136289.28435 -203701097594.98077 -1758959373.5869007
-101903438881.46658 -203701749401.15726 -1759014640.280438
-101901741467.21152 -203702401194.3375 -1759069906.859521
-101900044046.51923 -203703052974.5214 -1759125173.3241458
-101898346619.38982 -203703704741.7089 -1759180439.6743088
-101896649185.82338 -203704356495.89993 -1759235705.9100063
-101894951745.82 -203705008237.09442 -1759290972.0312343
-101893254299.37979 -203705659965.2923 -1759346238.0379891
-101891556846.50284 -203706311680.4935 -1759401503.9302669
-101889859387.18922 -203706963382.69797 -1759456769.7080638
-101888161921.43906 -203707615071.9056 -1759512035.3713763
-101886464449.25243 -203708266748.11633 -1759567300.9202003
-101884766970.62943 -203708918411.3301 -1759622566.3545322
-101883069485.57014 -203709570061.54684 -1759677831.6743681
-101881371994.07468 -203710221698.76648 -1759733096.8797042
-101879674496.14313 -203710873322.98892 -1759788361.970537
-101877976991.77559 -203711524934.2141 -1759843626.9468622
-101876279480.97215 -203712176532.442 -1759898891.8086765
-101874581963.73291 -203712828117.6725 -1759954156.5559757
-101872884440.05795 -203713479689.90552 -1760009421.1887562
-101871186909.94737 -203714131249.14102 -1760064685.7070143
-101869489373.40128 -203714782795.37894 -1760119950.1107461
-101867791830.41975 -203715434328.61917 -1760175214.399948
-101866094281.00288 -203716085848.86166 -1760230478.574616
-101864396725.15077 -203716737356.10632 -1760285742.6347463
-101862699162.86353 -203717388850.35312 -1760341006.5803351
-101861001594.14122 -203718040331.60196 -1760396270.4113789
-101859304018.98396 -203718691799.85275 -1760451534.1278737
-101857606437.39183 -203719343255.10547 -1760506797.7298155
-101855908849.36493 -203719994697.36002 -1760562061.2172008
-101854211254.90335 -203720646126.61633 -1760617324.5900257
-101852513654.00719 -203721297542.87433 -1760672587.8482864
-101850816046.67654 -203721948946.13394 -1760727850.9919791
-101849118432.9115 -203722600336.3951 -1760783114.0211003
-101847420812.71216 -203723251713.65775 -1760838376.9356458
-101845723186.07861 -203723903077.9218 -1760893639.7356122
-101844025553.01096 -203724554429.1872 -1760948902.4209952
-101842327913.50928 -203725205767.45386 -1761004164.9917915
-101840630267.57367 -203725857092.7217 -1761059427.447997
-101838932615.20424 -203726508404.9907 -1761114689.7896082
-101837234956.40108 -203727159704.26074 -1761169952.016621
-101835537291.16426 -203727810990.53177 -1761225214.129032
-101833839619.4939 -203728462263.8037 -1761280476.1268368
-101832141941.39009 -203729113524.07648 -1761335738.0100322
-101830444256.85292 -203729764771.35004 -1761390999.778614
-101828746565.88248 -203730416005.6243 -1761446261.4325788
-101827048868.47887 -203731067226.89917 -1761501522.9719224
-101825351164.64218 -203731718435.17462 -1761556784.3966413
-101823653454.37251 -203732369630.45056 -1761612045.7067316
-101821955737.66995 -203733020812.72693 -1761667306.9021895
-101820258014.53459 -203733671982.00363 -1761722567.9830112
-101818560284.96654 -203734323138.2806 -1761777828.949193
-101816862548.96588 -203734974281.5578 -1761833089.8007312
-101815164806.5327 -203735625411.8351 -1761888350.5376217
-101813467057.6671 -203736276529.1125 -1761943611.1598608
-101811769302.36919 -203736927633.38986 -1761998871.667445
-101810071540.63904 -203737578724.66718 -1762054132.0603702
-101808373772.47676 -203738229802.94434 -1762109392.3386328
-101806675997.88243 -203738880868.22128 -1762164652.502229
-101804978216.85616 -203739531920.49792 -1762219912.5511549
-101803280429.39803 -203740182959.77423 -1762275172.4854066
-101801582635.50813 -203740833986.05008 -1762330432.3049805
-101799884835.18658 -203741484999.32544 -1762385692.0098727
-101798187028.43346 -203742135999.60022 -1762440951.6000795
-101796489215.24886 -203742786986.87436 -1762496211.0755973
-101794791395.63287 -203743437961.1478 -1762551470.4364219
-101793093569.5856 -203744088922.42044 -1762606729.6825497
-101791395737.10713 -203744739870.69223 -1762661988.813977
-101789697898.19756 -203745390805.9631 -1762717247.8307
-101788000052.85698 -203746041728.23297 -1762772506.7327147
-101786302201.08548 -203746692637.5018 -1762827765.5200174
-101784604342.88316 -203747343533.76947 -1762883024.1926043
-101782906478.25012 -203747994417.03595 -1762938282.7504718
-101781208607.18645 -203748645287.30115 -1762993541.193616
-101779510729.69225 -203749296144.565 -1763048799.522033
-101777812845.7676 -203749946988.82742 -1763104057.7357192
-101776114955.4126 -203750597820.08835 -1763159315.8346708
-101774417058.62735 -203751248638.34772 -1763214573.818884
-101772719155.41194 -203751899443.60547 -1763269831.6883547
-101771021245.76646 -203752550235.8615 -1763325089.4430795
-101769323329.69101 -203753201015.11578 -1763380347.0830543
-101767625407.18568 -203753851781.36823 -1763435604.6082754
-101765927478.25056 -203754502534.61874 -1763490862.0187392
-101764229542.88576 -203755153274.86728 -1763546119.3144417
-101762531601.09135 -203755804002.11374 -1763601376.4953792
-101760833652.86746 -203756454716.3581 -1763656633.561548
-101759135698.21416 -203757105417.60025 -1763711890.5129442
-101757437737.13153 -203757756105.84012 -1763767147.349564
-101755739769.61969 -203758406781.07767 -1763822404.0714037
-101754041795.67873 -203759057443.3128 -1763877660.6784594
-101752343815.30873 -203759708092.54547 -1763932917.1707273
-101750645828.5098 -203760358728.77557 -1763988173.5482037
-101748947835.28203 -203761009352.00305 -1764043429.8108847
-101747249835.6255 -203761659962.22784 -1764098685.9587667
-101745551829.54033 -203762310559.4499 -1764153941.9918456
-101743853817.0266 -203762961143.6691 -1764209197.9101179
-101742155798.0844 -203763611714.8854 -1764264453.7135797
-101740457772.71382 -203764262273.09872 -1764319709.4022272
-101738759740.91496 -203764912818.309 -1764374964.9760566
-101737061702.68793 -203765563350.51614 -1764430220.4350643
-101735363658.0328 -203766213869.72012 -1764485475.7792463
-101733665606.94969 -203766864375.92084 -1764540731.0085988
-101731967549.43867 -203767514869.11823 -1764595986.1231182
-101730269485.49985 -203768165349.31223 -1764651241.1228004
-101728571415.1333 -203768815816.50275 -1764706496.0076418
-101726873338.33914 -203769466270.68973 -1764761750.7776387
-101725175255.11746 -203770116711.8731 -1764817005.4327872
-101723477165.46834 -203770767140.0528 -1764872259.9730835
-101721779069.39188 -203771417555.22873 -1764927514.3985238
-101720080966.88818 -203772067957.40085 -1764982768.7091043
-101718382857.95734 -203772718346.56906 -1765038022.9048214
-101716684742.59944 -203773368722.73334 -1765093276.985671
-101714986620.81458 -203774019085.89355 -1765148530.9516497
-101713288492.60284 -203774669436.04968 -1765203784.8027534
-101711590357.96434 -203775319773.20163 -1765259038.5389783
-101709892216.89917 -203775970097.34933 -1765314292.1603208
-101708194069.40741 -203776620408.4927 -1765369545.666777
-101706495915.48917 -203777270706.6317 -1765424799.058343
-101704797755.14453 -203777920991.76627 -1765480052.3350153
-101703099588.3736 -203778571263.89627 -1765535305.49679
-101701401415.17645 -203779221523.02167 -1765590558.543663
-101699703235.55319 -203779871769.1424 -1765645811.475631
-101698005049.5039 -203780522002.2584 -1765701064.2926898
-101696306857.0287 -203781172222.36957 -1765756316.9948359
-101694608658.12767 -203781822429.47586 -1765811569.5820653
-101692910452.8009 -203782472623.5772 -1765866822.0543745
-101691212241.0485 -203783122804.67355 -1765922074.4117594
-101689514022.87053 -203783772972.7648 -1765977326.6542163
-101687815798.26712 -203784423127.85086 -1766032578.7817414
-101686117567.23834 -203785073269.9317 -1766087830.7943308
-101684419329.7843 -203785723399.00723 -1766143082.691981
-101682721085.90509 -203786373515.0774 -1766198334.474688
-101681022835.6008 -203787023618.1421 -1766253586.1424482
-101679324578.87154 -203787673708.20126 -1766308837.6952577
-101677626315.71738 -203788323785.25485 -1766364089.1331127
-101675928046.13843 -203788973849.3028 -1766419340.4560091
-101674229770.13478 -203789623900.345 -1766474591.6639438
-101672531487.70653 -203790273938.3814 -1766529842.7569125
-101670833198.85376 -203790923963.41196 -1766585093.7349114
-101669134903.57657 -203791573975.43655 -1766640344.5979369
-101667436601.87506 -203792223974.45514 -1766695595.3459852
-101665738293.74931 -203792873960.46765 -1766750845.9790523
-101664039979.19943 -203793523933.474 -1766806096.4971347
-101662341658.22551 -203794173893.47412 -1766861346.9002285
-101660643330.82764 -203794823840.46796 -1766916597.1883297
-101658944997.00592 -203795473774.4554 -1766971847.3614347
-101657246656.76044 -203796123695.43643 -1767027097.4195397
-101655548310.0913 -203796773603.41095 -1767082347.362641
-101653849956.99858 -203797423498.37888 -1767137597.1907349
-101652151597.48239 -203798073380.34018 -1767192846.9038172
-101650453231.54282 -203798723249.29474 -1767248096.5018845
-101648754859.17996 -203799373105.24252 -1767303345.9849327
-101647056480.3939 -203800022948.18344 -1767358595.3529582
-101645358095.18475 -203800672778.11743 -1767413844.6059573
-101643659703.5526 -203801322595.04443 -1767469093.743926
-101641961305.49753 -203801972398.96436 -1767524342.7668607
-101640262901.01964 -203802622189.87714 -1767579591.6747575
-101638564490.11903 -203803271967.78268 -1767634840.4676125
-101636866072.79579 -203803921732.68097 -1767690089.145422
-101635167649.05002 -203804571484.5719 -1767745337.7081823
-101633469218.8818 -203805221223.45538 -1767800586.1558895
-101631770782.29124 -203805870949.3314 -1767855834.48854
-101630072339.27844 -203806520662.19983 -1767911082.7061296
-101628373889.84348 -203807170362.06064 -1767966330.8086548
-101626675433.98645 -203807820048.91373 -1768021578.7961118
-101624976971.70746 -203808469722.75903 -1768076826.6684968
-101623278503.00659 -203809119383.5965 -1768132074.425806
-101621580027.88394 -203809769031.42603 -1768187322.0680356
-101619881546.3396 -203810418666.2476 -1768242569.5951817
-101618183058.37367 -203811068288.06107 -1768297817.0072408
-101616484563.98624 -203811717896.86642 -1768353064.3042088
-101614786063.1774 -203812367492.66357 -1768408311.486082
-101613087555.94725 -203813017075.45245 -1768463558.552857
-101611389042.29588 -203813666645.233 -1768518805.5045292
-101609690522.2234 -203814316202.00513 -1768574052.3410954
-101607991995.72989 -203814965745.76877 -1768629299.0625517
-101606293462.81544 -203815615276.52386 -1768684545.6688943
-101604594923.48016 -203816264794.27032 -1768739792.1601195
-101602896377.72414 -203816914299.0081 -1768795038.5362234
-101601197825.54745 -203817563790.7371 -1768850284.797202
-101599499266.95023 -203818213269.45724 -1768905530.943052
-101597800701.93253 -203818862735.1685 -1768960776.9737692
-101596102130.49446 -203819512187.87076 -1769016022.88935
-101594403552.63612 -203820161627.56396 -1769071268.6897905
-101592704968.3576 -203820811054.24808 -1769126514.375087
-101591006377.659 -203821460467.92297 -1769181759.9452357
-101589307780.5404 -203822109868.58862 -1769237005.4002328
-101587609177.0019 -203822759256.24493 -1769292250.7400744
-101585910567.04361 -203823408630.89185 -1769347495.9647567
-101584211950.6656 -203824057992.5293 -1769402741.0742762
-101582513327.86798 -203824707341.1572 -1769457986.0686288
-101580814698.65085 -203825356676.77548 -1769513230.947811
-101579116063.01428 -203826005999.38406 -1769568475.7118187
-101577417420.95839 -203826655308.9829 -1769623720.3606482
-101575718772.48326 -203827304605.57193 -1769678964.8942957
-101574020117.58899 -203827953889.15103 -1769734209.3127575
-101572321456.27567 -203828603159.72018 -1769789453.6160297
-101570622788.54338 -203829252417.2793 -1769844697.8041089
-101568924114.39224 -203829901661.82828 -1769899941.8769908
-101567225433.82234 -203830550893.3671 -1769955185.8346717
-101565526746.83376 -203831200111.89566 -1770010429.677148
-101563828053.4266 -203831849317.4139 -1770065673.4044158
-101562129353.60097 -203832498509.92175 -1770120917.0164714
-101560430647.35693 -203833147689.41913 -1770176160.513311
-101558731934.69461 -203833796855.90598 -1770231403.8949306
-101557033215.61409 -203834446009.38223 -1770286647.1613266
-101555334490.11546 -203835095149.8478 -1770341890.3124952
-101553635758.19882 -203835744277.30264 -1770397133.3484325
-101551937019.86426 -203836393391.74667 -1770452376.2691348
-101550238275.11186 -203837042493.1798 -1770507619.0745983
-101548539523.94174 -203837691581.602 -1770562861.7648191
-101546840766.35399 -203838340657.01315 -1770618104.3397937
-101545142002.3487 -203838989719.4132 -1770673346.799518
-101543443231.92595 -203839638768.8021 -1770728589.1439884
-101541744455.08585 -203840287805.17975 -1770783831.373201
-101540045671.82849 -203840936828.54608 -1770839073.4871519
-101538346882.15398 -203841585838.90103 -1770894315.4858375
-101536648086.06238 -203842234836.24454 -1770949557.369254
-101534949283.55382 -203842883820.5765 -1771004799.1373978
-101533250474.62837 -203843532791.8969 -1771060040.7902646
-101531551659.28613 -203844181750.20563 -1771115282.327851
-101529852837.5272 -203844830695.50262 -1771170523.750153
-101528154009.35167 -203845479627.7878 -1771225765.057167
-101526455174.75963 -203846128547.06113 -1771281006.2488892
-101524756333.75119 -203846777453.3225 -1771336247.3253157
-101523057486.32643 -203847426346.57187 -1771391488.2864428
-101521358632.48544 -203848075226.80914 -1771446729.1322665
-101519659772.22833 -203848724094.03424 -1771501969.8627832
-101517960905.55519 -203849372948.24713 -1771557210.477989
-101516262032.46611 -203850021789.44772 -1771612450.9778802
-101514563152.96118 -203850670617.63596 -1771667691.362453
-101512864267.0405 -203851319432.81174 -1771722931.6317036
-101511165374.70416 -203851968234.975 -1771778171.785628
-101509466475.95226 -203852617024.1257 -1771833411.8242228
-101507767570.78488 -203853265800.26373 -1771888651.747484
-101506068659.20213 -203853914563.38904 -1771943891.5554078
-101504369741.2041 -203854563313.50156 -1771999131.2479904
-101502670816.7909 -203855212050.60123 -1772054370.825228
-101500971885.96259 -203855860774.68796 -1772109610.2871168
-101499272948.71928 -203856509485.7617 -1772164849.6336532
-101497574005.06108 -203857158183.82233 -1772220088.864833
-101495875054.98807 -203857806868.86984 -1772275327.980653
-101494176098.50034 -203858455540.90414 -1772330566.981109
-101492477135.59799 -203859104199.92514 -1772385805.866197
-101490778166.28113 -203859752845.9328 -1772441044.6359138
-101489079190.54982 -203860401478.92703 -1772496283.2902553
-101487380208.40417 -203861050098.90775 -1772551521.8292177
-101485681219.8443 -203861698705.8749 -1772606760.2527971
-101483982224.87027 -203862347299.82843 -1772661998.5609899
-101482283223.48218 -203862995880.76822 -1772717236.7537923
-101480584215.68013 -203863644448.69424 -1772772474.8312004
-101478885201.46422 -203864293003.6064 -1772827712.7932105
-101477186180.83453 -203864941545.50467 -1772882950.6398187
-101475487153.79117 -203865590074.38892 -1772938188.3710213
-101473788120.33423 -203866238590.2591 -1772993425.9868145
-101472089080.46379 -203866887093.11514 -1773048663.4871945
-101470390034.17996 -203867535582.957 -1773103900.8721576
-101468690981.48283 -203868184059.78458 -1773159138.1416998
-101466991922.3725 -203868832523.5978 -1773214375.2958174
-101465292856.84904 -203869480974.39664 -1773269612.3345068
-101463593784.91258 -203870129412.18097 -1773324849.2577639
-101461894706.56319 -203870777836.95074 -1773380086.065585
-101460195621.80096 -203871426248.7059 -1773435322.7579663
-101458496530.626 -203872074647.44635 -1773490559.3349042
-101456797433.0384 -203872723033.17203 -1773545795.7963948
-101455098329.03827 -203873371405.88287 -1773601032.1424341
-101453399218.62567 -203874019765.5788 -1773656268.3730185
-101451700101.80072 -203874668112.25974 -1773711504.4881444
-101450000978.5635 -203875316445.92563 -1773766740.4878078
-101448301848.91412 -203875964766.57642 -1773821976.3720047
-101446602712.85266 -203876613074.212 -1773877212.1407316
-101444903570.37923 -203877261368.83234 -1773932447.7939847
-101443204421.4939 -203877909650.43732 -1773987683.33176
-101441505266.19678 -203878557919.02692 -1774042918.7540538
-101439806104.48796 -203879206174.60104 -1774098154.0608625
-101438106936.36754 -203879854417.1596 -1774153389.2521822
-101436407761.83562 -203880502646.70255 -1774208624.3280091
-101434708580.89227 -203881150863.2298 -1774263859.2883394
-101433009393.53761 -203881799066.7413 -1774319094.1331692
-101431310199.77173 -203882447257.23697 -1774374328.8624947
-101429610999.59471 -203883095434.71677 -1774429563.4763124
-101427911793.00665 -203883743599.18057 -1774484797.9746182
-101426212580.00764 -203884391750.62836 -1774540032.3574085
-101424513360.5978 -203885039889.06003 -1774595266.6246793
-101422814134.77719 -203885688014.47552 -1774650500.776427
-101421114902.54593 -203886336126.87476 -1774705734.8126478
-101419415663.9041 -203886984226.25766 -1774760968.7333379
-101417716418.85179 -203887632312.62418 -1774816202.5384934
-101416017167.3891 -203888280385.97424 -1774871436.2281106
-101414317909.51613 -203888928446.30777 -1774926669.8021855
-101412618645.23297 -203889576493.6247 -1774981903.2607145
-101410919374.53972 -203890224527.92496 -1775037136.603694
-101409220097.43646 -203890872549.20847 -1775092369.8311198
-101407520813.9233 -203891520557.47516 -1775147602.9429884
-101405821524.00032 -203892168552.72498 -1775202835.939296
-101404122227.66763 -203892816534.95782 -1775258068.8200388
-101402422924.92532 -203893464504.17365 -1775313301.5852127
-101400723615.77348 -203894112460.37238 -1775368534.2348142
-101399024300.2122 -203894760403.55392 -1775423766.7688394
-101397324978.24158 -203895408333.71823 -1775478999.1872847
-101395625649.86171 -203896056250.86523 -1775534231.4901462
-101393926315.0727 -203896704154.99487 -1775589463.67742
-101392226973.87462 -203897352046.10706 -1775644695.7491024
-101390527626.26758 -203897999924.20172 -1775699927.7051895
-101388828272.25166 -203898647789.27878 -1775755159.5456777
-101387128911.82698 -203899295641.33817 -1775810391.2705631
-101385429544.99362 -203899943480.37982 -1775865622.879842
-101383730171.75168 -203900591306.4037 -1775920854.3735106
-101382030792.10124 -203901239119.40967 -1775976085.751565
-101380331406.0424 -203901886919.3977 -1776031317.0140014
-101378632013.57526 -203902534706.36774 -1776086548.160816
-101376932614.6999 -203903182480.31967 -1776141779.192005
-101375233209.41644 -203903830241.25345 -1776197010.1075647
-101373533797.72496 -203904477989.169 -1776252240.9074912
-101371834379.62555 -203905125724.06628 -1776307471.591781
-101370134955.1183 -203905773445.9452 -1776362702.16043
-101368435524.20332 -203906421154.80566 -1776417932.6134343
-101366736086.88069 -203907068850.6476 -1776473162.9507904
-101365036643.15051 -203907716533.47098 -1776528393.1724944
-101363337193.01288 -203908364203.2757 -1776583623.2785425
-101361637736.4679 -203909011860.0617 -1776638853.2689312
-101359938273.51564 -203909659503.82892 -1776694083.1436563
-101358238804.15622 -203910307134.57727 -1776749312.902714
-101356539328.38971 -203910954752.3067 -1776804542.5461009
-101354839846.21622 -203911602357.01712 -1776859772.0738127
-101353140357.63585 -203912249948.70847 -1776915001.485846
-101351440862.64868 -203912897527.38068 -1776970230.782197
-101349741361.2548 -203913545093.03366 -1777025459.9628618
-101348041853.45433 -203914192645.66736 -1777080689.0278366
-101346342339.24734 -203914840185.2817 -1777135917.9771175
-101344642818.63394 -203915487711.87662 -1777191146.810701
-101342943291.61421 -203916135225.45206 -1777246375.5285828
-101341243758.18826 -203916782726.0079 -1777301604.1307595
-101339544218.35617 -203917430213.54413 -1777356832.6172273
-101337844672.11804 -203918077688.06064 -1777412060.9879823
-101336145119.47397 -203918725149.55737 -1777467289.2430208
-101334445560.42404 -203919372598.03427 -1777522517.382339
-101332745994.96837 -203920020033.49124 -1777577745.405933
-101331046423.10703 -203920667455.92822 -1777632973.313799
-101329346844.84012 -203921314865.34512 -1777688201.1059332
-101327647260.16774 -203921962261.7419 -1777743428.782332
-101325947669.08998 -203922609645.1185 -1777798656.3429914
-101324248071.60693 -203923257015.47482 -1777853883.7879078
-101322548467.71869 -203923904372.8108 -1777909111.1170774
-101320848857.42535 -203924551717.12634 -1777964338.3304963
-101319149240.72702 -203925199048.42142 -1778019565.4281607
-101317449617.62378 -203925846366.69592 -1778074792.4100668
-101315749988.11572 -203926493671.9498 -1778130019.2762108
-101314050352.20294 -203927140964.18298 -1778185246.026589
-101312350709.88554 -203927788243.39542 -1778240472.6611974
-101310651061.1636 -203928435509.587 -1778295699.1800325
-101308951406.03723 -203929082762.7577 -1778350925.5830903
-101307251744.50652 -203929730002.9074 -1778406151.8703673
-101305552076.57156 -203930377230.03607 -1778461378.0418594
-101303852402.23245 -203931024444.14362 -1778516604.0975628
-101302152721.48929 -203931671645.22998 -1778571830.037474
-101300453034.34216 -203932318833.29507 -1778627055.8615887
-101298753340.79117 -203932966008.33884 -1778682281.5699036
-101297053640.8364 -203933613170.3612 -1778737507.1624148
-101295353934.47794 -203934260319.3621 -1778792732.6391184
-101293654221.7159 -203934907455.34143 -1778847958.0000107
-101291954502.55035 -203935554578.29916 -1778903183.2450879
-101290254776.98141 -203936201688.23523 -1778958408.374346
-101288555045.00917 -203936848785.14954 -1779013633.3877814
-101286855306.63373 -203937495869.04202 -1779068858.2853901
-101285155561.85516 -203938142939.9126 -1779124083.0671687
-101283455810.67358 -203938789997.7612 -1779179307.733113
-101281756053.08907 -203939437042.58777 -1779234532.2832196
-101280056289.10172 -203940084074.39224 -1779289756.7174845
-101278356518.71164 -203940731093.17453 -1779344981.0359037
-101276656741.91891 -203941378098.93457 -1779400205.2384737
-101274956958.72365 -203942025091.6723 -1779455429.3251905
-101273257169.12592 -203942672071.38763 -1779510653.2960505
-101271557373.12582 -203943319038.0805 -1779565877.15105
-101269857570.72346 -203943965991.75085 -1779621100.890185
-101268157761.91895 -203944612932.39862 -1779676324.5134518
-101266457946.71234 -203945259860.0237 -1779731548.0208466
-101264758125.10376 -203945906774.62607 -1779786771.4123654
-101263058297.09329 -203946553676.2056 -1779841994.6880047
-101261358462.68103 -203947200564.76224 -1779897217.8477607
-101259658621.86707 -203947847440.29593 -1779952440.8916292
-101257958774.65149 -203948494302.8066 -1780007663.8196068
-101256258921.03441 -203949141152.2942 -1780062886.6316895
-101254559061.01591 -203949787988.7586 -1780118109.3278737
-101252859194.5961 -203950434812.1998 -1780173331.9081557
-101251159321.77505 -203951081622.61768 -1780228554.3725314
-101249459442.55287 -203951728420.01218 -1780283776.720997
-101247759556.92966 -203952375204.38324 -1780338998.9535491
-101246059664.90549 -203953021975.73077 -1780394221.0701835
-101244359766.48047 -203953668734.05472 -1780449443.0708966
-101242659861.6547 -203954315479.355 -1780504664.9556847
-101240959950.42827 -203954962211.6316 -1780559886.7245438
-101239260032.80127 -203955608930.88437 -1780615108.37747
-101237560108.7738 -203956255637.11328 -1780670329.9144597
-101235860178.34595 -203956902330.31824 -1780725551.3355093
-101234160241.5178 -203957549010.49918 -1780780772.6406147
-101232460298.28949 -203958195677.65604 -1780835993.8297722
-101230760348.66107 -203958842331.78876 -1780891214.902978
-101229060392.63264 -203959488972.89725 -1780946435.8602283
-101227360430.20432 -203960135600.98145 -1781001656.7015195
-101225660461.37617 -203960782216.0413 -1781056877.4268475
-101223960486.14832 -203961428818.0767 -1781112098.0362086
-101222260504.52083 -203962075407.0876 -1781167318.5295992
-101220560516.49382 -203962721983.0739 -1781222538.9070153
-101218860522.06738 -203963368546.0356 -1781277759.1684532
-101217160521.2416 -203964015095.9726 -1781332979.313909
-101215460514.01657 -203964661632.8848 -1781388199.343379
-101213760500.3924 -203965308156.77213 -1781443419.2568593
-101212060480.36916 -203965954667.63452 -1781498639.0543463
-101210360453.94696 -203966601165.47192 -1781553858.735836
-101208660421.1259 -203967247650.28427 -1781609078.3013248
-101206960381.90605 -203967894122.07147 -1781664297.750809
-101205260336.28754 -203968540580.83347 -1781719517.0842843
-101203560284.27043 -203969187026.5702 -1781774736.3017473
-101201860225.85484 -203969833459.28156 -1781829955.4031942
-101200160161.04085 -203970479878.9675 -1781885174.388621
-101198460089.82855 -203971126285.62796 -1781940393.2580242
-101196760012.21805 -203971772679.26285 -1781995612.0114
-101195059928.20943 -203972419059.8721 -1782050830.6487443
-101193359837.8028 -203973065427.45566 -1782106049.1700535
-101191659740.99825 -203973711782.01346 -1782161267.5753238
-101189959637.79585 -203974358123.5454 -1782216485.8645513
-101188259528.19572 -203975004452.05145 -1782271704.0377324
-101186559412.19797 -203975650767.5315 -1782326922.0948632
-101184859289.80266 -203976297069.9855 -1782382140.03594
-101183159161.0099 -203976943359.41336 -1782437357.8609588
-101181459025.81978 -203977589635.81503 -1782492575.569916
-101179758884.23239 -203978235899.19043 -1782547793.1628077
-101178058736.24783 -203978882149.5395 -1782603010.63963
-101176358581.86621 -203979528386.86215 -1782658228.0003793
-101174658421.0876 -203980174611.15833 -1782713445.2450519
-101172958253.91211 -203980820822.42798 -1782768662.3736436
-101171258080.33983 -203981467020.671 -1782823879.386151
-101169557900.37085 -203982113205.88733 -1782879096.2825704
-101167857714.00526 -203982759378.0769 -1782934313.0628974
-101166157521.24318 -203983405537.23965 -1782989529.7271287
-101164457322.08467 -203984051683.3755 -1783044746.2752604
-101162757116.52985 -203984697816.48438 -1783099962.7072887
-101161056904.5788 -203985343936.5662 -1783155179.0232098
-101159356686.23161 -203985990043.6209 -1783210395.22302
-101157656461.4884 -203986636137.64844 -1783265611.3067155
-101155956230.34924 -203987282218.6487 -1783320827.2742922
-101154255992.81424 -203987928286.62167 -1783376043.1257467
-101152555748.88348 -203988574341.56723 -1783431258.861075
-101150855498.55707 -203989220383.48532 -1783486474.4802732
-101149155241.8351 -203989866412.3759 -1783541689.9833379
-101147454978.71765 -203990512428.23886 -1783596905.370265
-101145754709.20483 -203991158431.07416 -1783652120.6410508
-101144054433.29674 -203991804420.8817 -1783707335.7956915
-101142354150.99345 -203992450397.66144 -1783762550.8341832
-101140653862.29507 -203993096361.41327 -1783817765.7565222
-101138953567.20169 -203993742312.13715 -1783872980.5627046
-101137253265.71341 -203994388249.833 -1783928195.2527268
-101135552957.83032 -203995034174.50076 -1783983409.8265848
-101133852643.55252 -203995680086.14035 -1784038624.284275
-101132152322.8801 -203996325984.7517 -1784093838.6257935
-101130451995.81316 -203996971870.33475 -1784149052.8511364
-101128751662.35178 -203997617742.8894 -1784204266.9603002
-101127051322.49606 -203998263602.41562 -1784259480.953281
-101125350976.24611 -203998909448.9133 -1784314694.8300748
-101123650623.602 -203999555282.3824 -1784369908.590678
-101121950264.56384 -204000201102.8228 -1784425122.2350867
-101120249899.13173 -204000846910.2345 -1784480335.7632973
-101118549527.30576 -204001492704.6174 -1784535549.1753058
-101116849149.08601 -204002138485.9714 -1784590762.4711084
-101115148764.4726 -204002784254.29648 -1784645975.6507015
-101113448373.46559 -204003430009.59253 -1784701188.7140813
-101111747976.06511 -204004075751.8595 -1784756401.6612437
-101110047572.27122 -204004721481.09732 -1784811614.492185
-101108347162.08405 -204005367197.3059 -1784866827.2069018
-101106646745.50366 -204006012900.4852 -1784922039.80539
-101104946322.53017 -204006658590.63513 -1784977252.2876456
-101103245893.16367 -204007304267.7556 -1785032464.653665
-101101545457.40424 -204007949931.8466 -1785087676.9034448
-101099845015.25198 -204008595582.908 -1785142889.0369806
-101098144566.707 -204009241220.93976 -1785198101.0542688
-101096444111.76938 -204009886845.9418 -1785253312.9553058
-101094743650.43922 -204010532457.91406 -1785308524.7400877
-101093043182.71661 -204011178056.85645 -1785363736.4086106
-101091342708.60165 -204011823642.7689 -1785418947.9608707
-101089642228.09444 -204012469215.65134 -1785474159.3968644
-101087941741.19505 -204013114775.50372 -1785529370.7165878
-101086241247.90361 -204013760322.32596 -1785584581.920037
-101084540748.22018 -204014405856.11798 -1785639793.0072083
-101082840242.14488 -204015051376.87973 -1785695003.9780982
-101081139729.6778 -204015696884.6111 -1785750214.8327024
-101079439210.81902 -204016342379.31207 -1785805425.5710173
-101077738685.56863 -204016987860.98254 -1785860636.1930392
-101076038153.92676 -204017633329.62247 -1785915846.698764
-101074337615.89346 -204018278785.23175 -1785971057.0881884
-101072637071.46886 -204018924227.81033 -1786026267.3613083
-101070936520.65303 -204019569657.35812 -1786081477.51812
-101069235963.44608 -204020215073.87506 -1786136687.5586197
-101067535399.8481 -204020860477.36108 -1786191897.4828036
-101065834829.85918 -204021505867.81613 -1786247107.2906678
-101064134253.47942 -204022151245.2401 -1786302316.9822085
-101062433670.70891 -204022796609.63297 -1786357526.5574222
-101060733081.54774 -204023441960.99463 -1786412736.0163047
-101059032485.99603 -204024087299.325 -1786467945.3588524
-101057331884.05385 -204024732624.62405 -1786523154.5850616
-101055631275.7213 -204025377936.8917 -1786578363.6949284
-101053930660.99847 -204026023236.12784 -1786633572.688449
-101052230039.88547 -204026668522.33243 -1786688781.5656195
-101050529412.38239 -204027313795.5054 -1786743990.3264363
-101048828778.4893 -204027959055.6467 -1786799198.9708955
-101047128138.20633 -204028604302.75623 -1786854407.4989934
-101045427491.53355 -204029249536.83392 -1786909615.910726
-101043726838.47107 -204029894757.8797 -1786964824.20609
-101042026179.01897 -204030539965.89352 -1787020032.385081
-101040325513.17735 -204031185160.8753 -1787075240.4476957
-101038624840.9463 -204031830342.82495 -1787130448.39393
-101036924162.32593 -204032475511.74243 -1787185656.2237802
-101035223477.31631 -204033120667.62766 -1787240863.9372425
-101033522785.91757 -204033765810.48056 -1787296071.534313
-101031822088.12978 -204034410940.30106 -1787351279.014988
-101030121383.95303 -204035056057.08908 -1787406486.3792636
-101028420673.38744 -204035701160.84457 -1787461693.6271362
-101026719956.43307 -204036346251.56744 -1787516900.758602
-101025019233.09004 -204036991329.25766 -1787572107.773657
-101023318503.35843 -204037636393.9151 -1787627314.6722977
-101021617767.23834 -204038281445.53973 -1787682521.45452
-101019917024.72987 -204038926484.13147 -1787737728.1203203
-101018216275.83311 -204039571509.69025 -1787792934.669695
-101016515520.54816 -204040216522.216 -1787848141.1026397
-101014814758.87509 -204040861521.70865 -1787903347.419151
-101013113990.81403 -204041506508.16812 -1787958553.6192253
-101011413216.36504 -204042151481.59436 -1788013759.7028584
-101009712435.52823 -204042796441.9873 -1788068965.6700468
-101008011648.30371 -204043441389.34686 -1788124171.5207865
-101006310854.69156 -204044086323.67294 -1788179377.2550738
-101004610054.69186 -204044731244.9655 -1788234582.8729048
-101002909248.30473 -204045376153.2245 -1788289788.374276
-101001208435.53026 -204046021048.4498 -1788344993.7591832
-100999507616.36853 -204046665930.6414 -1788400199.027623
-100997806790.81964 -204047310799.79916 -1788455404.1795912
-100996105958.8837 -204047955655.92307 -1788510609.2150843
-100994405120.56079 -204048600499.013 -1788565814.1340985
-100992704275.851 -204049245329.06894 -1788621018.93663
-100991003424.75444 -204049890146.0908 -1788676223.622675
-100989302567.2712 -204050534950.0785 -1788731428.1922295
-100987601703.40135 -204051179741.03195 -1788786632.64529
-100985900833.14502 -204051824518.9511 -1788841836.9818523
-100984199956.50229 -204052469283.8359 -1788897041.201913
-100982499073.47325 -204053114035.68625 -1788952245.3054683
-100980798184.058 -204053758774.5021 -1789007449.2925143
-100979097288.25662 -204054403500.2834 -1789062653.163047
-100977396386.06923 -204055048213.03 -1789117856.917063
-100975695477.49591 -204055692912.74188 -1789173060.5545583
-100973994562.53676 -204056337599.41898 -1789228264.0755289
-100972293641.19186 -204056982273.06122 -1789283467.4799712
-100970592713.46133 -204057626933.66852 -1789338670.7678814
-100968891779.34525 -204058271581.2408 -1789393873.939256
-100967190838.8437 -204058916215.77805 -1789449076.9940908
-100965489891.9568 -204059560837.28015 -1789504279.932382
-100963788938.68463 -204060205445.74704 -1789559482.754126
-100962087979.02728 -204060850041.17862 -1789614685.459319
-100960387012.98486 -204061494623.57486 -1789669888.0479572
-100958686040.55746 -204062139192.93567 -1789725090.5200367
-100956985061.74518 -204062783749.261 -1789780292.8755538
-100955284076.5481 -204063428292.55075 -1789835495.1145046
-100953583084.96631 -204064072822.80487 -1789890697.2368853
-100951882086.99992 -204064717340.0233 -1789945899.2426922
-100950181082.64902 -204065361844.2059 -1790001101.1319215
-100948480071.9137 -204066006335.3527 -1790056302.9045696
-100946779054.79407 -204066650813.46356 -1790111504.5606325
-100945078031.2902 -204067295278.53845 -1790166706.1001062
-100943377001.4022 -204067939730.57727 -1790221907.5229871
-100941675965.13017 -204068584169.57996 -1790277108.8292716
-100939974922.4742 -204069228595.54645 -1790332310.0189555
-100938273873.43437 -204069873008.47665 -1790387511.0920353
-100936572818.01079 -204070517408.37054 -1790442712.0485072
-100934871756.20355 -204071161795.22803 -1790497912.8883674
-100933170688.01276 -204071806169.049 -1790553113.611612
-100931469613.43848 -204072450529.83344 -1790608314.2182374
-100929768532.48082 -204073094877.58124 -1790663514.7082396
-100928067445.1399 -204073739212.29236 -1790718715.0816147
-100926366351.41577 -204074383533.9667 -1790773915.338359
-100924665251.30856 -204075027842.60422 -1790829115.478469
-100922964144.81836 -204075672138.20483 -1790884315.5019405
-100921263031.94525 -204076316420.7685 -1790939515.4087698
-100919561912.68933 -204076960690.2951 -1790994715.1989534
-100917860787.05069 -204077604946.7846 -1791049914.8724873
-100916159655.02943 -204078249190.2369 -1791105114.4293675
-100914458516.62566 -204078893420.65195 -1791160313.8695905
-100912757371.83945 -204079537638.02966 -1791215513.1931524
-100911056220.6709 -204080181842.37 -1791270712.4000494
-100909355063.12012 -204080826033.67285 -1791325911.4902778
-100907653899.18718 -204081470211.93817 -1791381110.4638336
-100905952728.8722 -204082114377.1659 -1791436309.3207133
-100904251552.17525 -204082758529.35593 -1791491508.0609128
-100902550369.09644 -204083402668.5082 -1791546706.6844285
-100900849179.63586 -204084046794.62268 -1791601905.1912565
-100899147983.79361 -204084690907.69925 -1791657103.5813932
-100897446781.56978 -204085335007.73785 -1791712301.8548346
-100895745572.96446 -204085979094.73843 -1791767500.011577
-100894044357.97775 -204086623168.70093 -1791822698.0516164
-100892343136.60976 -204087267229.62524 -1791877895.9749494
-100890641908.86055 -204087911277.51132 -1791933093.7815719
-100888940674.73024 -204088555312.35907 -1791988291.4714801
-100887239434.21892 -204089199334.16846 -1792043489.0446703
-100885538187.32668 -204089843342.9394 -1792098686.5011387
-100883836934.0536 -204090487338.67178 -1792153883.8408816
-100882135674.39981 -204091131321.3656 -1792209081.063895
-100880434408.36539 -204091775291.02075 -1792264278.1701753
-100878733135.95042 -204092419247.63718 -1792319475.1597185
-100877031857.15501 -204093063191.21478 -1792374672.032521
-100875330571.97925 -204093707121.7535 -1792429868.788579
-100873629280.42323 -204094351039.2533 -1792485065.4278886
-100871927982.48705 -204094994943.71408 -1792540261.9504461
-100870226678.17079 -204095638835.13577 -1792595458.3562477
-100868525367.47458 -204096282713.5183 -1792650654.6452894
-100866824050.39848 -204096926578.8616 -1792705850.8175676
-100865122726.9426 -204097570431.16562 -1792761046.8730783
-100863421397.10703 -204098214270.43027 -1792816242.8118181
-100861720060.89186 -204098858096.65546 -1792871438.6337829
-100860018718.2972 -204099501909.84116 -1792926634.338969
-100858317369.32314 -204100145709.98727 -1792981829.9273725
-100856616013.96976 -204100789497.09375 -1793037025.3989897
-100854914652.23717 -204101433271.1605 -1793092220.7538168
-100853213284.12546 -204102077032.18744 -1793147415.9918501
-100851511909.63472 -204102720780.17453 -1793202611.1130857
-100849810528.76505 -204103364515.1217 -1793257806.1175199
-100848109141.51654 -204104008237.02887 -1793313001.0051486
-100846407747.88928 -204104651945.89597 -1793368195.7759683
-100844706347.88338 -204105295641.72293 -1793423390.429975
-100843004941.49892 -204105939324.50967 -1793478584.9671652
-100841303528.73601 -204106582994.25613 -1793533779.3875349
-100839602109.59473 -204107226650.96225 -1793588973.6910803
-100837900684.07518 -204107870294.62793 -1793644167.8777976
-100836199252.17746 -204108513925.2531 -1793699361.947683
-100834497813.90166 -204109157542.83774 -1793754555.900733
-100832796369.24786 -204109801147.3817 -1793809749.7369435
-100831094918.21619 -204110444738.885 -1793864943.4563107
-100829393460.8067 -204111088317.3475 -1793920137.058831
-100827691997.01952 -204111731882.76917 -1793975330.5445004
-100825990526.85472 -204112375435.1499 -1794030523.913315
-100824289050.31242 -204113018974.48965 -1794085717.1652713
-100822587567.3927 -204113662500.78836 -1794140910.3003654
-100820886078.09566 -204114306014.04593 -1794196103.3185935
-100819184582.42139 -204114949514.2623 -1794251296.2199519
-100817483080.36998 -204115593001.4374 -1794306489.0044365
-100815781571.94153 -204116236475.57117 -1794361681.6720438
-100814080057.13614 -204116879936.66354 -1794416874.22277
-100812378535.95389 -204117523384.71442 -1794472066.656611
-100810677008.39488 -204118166819.72375 -1794527258.9735632
-100808975474.45921 -204118810241.69147 -1794582451.1736228
-100807273934.14699 -204119453650.6175 -1794637643.2567863
-100805572387.45828 -204120097046.50177 -1794692835.2230496
-100803870834.3932 -204120740429.3442 -1794748027.072409
-100802169274.95184 -204121383799.14474 -1794803218.8048604
-100800467709.1343 -204122027155.90332 -1794858410.4204004
-100798766136.94064 -204122670499.61984 -1794913601.919025
-100797064558.37099 -204123313830.29425 -1794968793.3007305
-100795362973.42543 -204123957147.92648 -1795023984.5655131
-100793661382.10406 -204124600452.51645 -1795079175.713369
-100791959784.40698 -204125243744.0641 -1795134366.7442942
-100790258180.33427 -204125887022.56934 -1795189557.6582851
-100788556569.88605 -204126530288.03214 -1795244748.455338
-100786854953.06238 -204127173540.4524 -1795299939.135449
-100785153329.86337 -204127816779.83005 -1795355129.6986141
-100783451700.28912 -204128460006.165 -1795410320.14483
-100781750064.33974 -204129103219.45724 -1795465510.4740925
-100780048422.01529 -204129746419.70667 -1795520700.6863978
-100778346773.31589 -204130389606.91318 -1795575890.7817423
-100776645118.24162 -204131032781.07675 -1795631080.7601223
-100774943456.79259 -204131675942.1973 -1795686270.6215336
-100773241788.96887 -204132319090.27475 -1795741460.3659728
-100771540114.77058 -204132962225.30902 -1795796649.9934359
-100769838434.1978 -204133605347.30005 -1795851839.5039191
-100768136747.25063 -204134248456.24777 -1795907028.8974187
-100766435053.92915 -204134891552.15213 -1795962218.173931
-100764733354.23349 -204135534635.01303 -1796017407.3334517
-100763031648.16371 -204136177704.8304 -1796072596.3759775
-100761329935.71992 -204136820761.60422 -1796127785.3015046
-100759628216.90222 -204137463805.33435 -1796182974.110029
-100757926491.7107 -204138106836.02075 -1796238162.8015468
-100756224760.14543 -204138749853.66336 -1796293351.3760545
-100754523022.20653 -204139392858.2621 -1796348539.8335483
-100752821277.89409 -204140035849.81686 -1796403728.174024
-100751119527.2082 -204140678828.32764 -1796458916.3974783
-100749417770.14897 -204141321793.79434 -1796514104.5039072
-100747716006.71648 -204141964746.2169 -1796569292.4933069
-100746014236.91083 -204142607685.5952 -1796624480.3656735
-100744312460.73212 -204143250611.92923 -1796679668.1210034
-100742610678.18042 -204143893525.2189 -1796734855.7592926
-100740908889.25586 -204144536425.46414 -1796790043.2805376
-100739207093.95851 -204145179312.66486 -1796845230.6847343
-100737505292.28847 -204145822186.821 -1796900417.9718792
-100735803484.24583 -204146465047.93253 -1796955605.1419683
-100734101669.8307 -204147107895.99933 -1797010792.1949978
-100732399849.04317 -204147750731.02133 -1797065979.1309638
-100730698021.88332 -204148393552.99847 -1797121165.9498627
-100728996188.35126 -204149036361.9307 -1797176352.6516907
-100727294348.44708 -204149679157.81793 -1797231539.236444
-100725592502.17088 -204150321940.6601 -1797286725.7041187
-100723890649.52275 -204150964710.45712 -1797341912.054711
-100722188790.50278 -204151607467.20892 -1797397098.2882173
-100720486925.11107 -204152250210.91547 -1797452284.4046338
-100718785053.3477 -204152892941.57666 -1797507470.4039564
-100717083175.21278 -204153535659.1924 -1797562656.2861814
-100715381290.7064 -204154178363.7627 -1797617842.0513053
-100713679399.82867 -204154821055.2874 -1797673027.699324
-100711977502.57967 -204155463733.7665 -1797728213.2302337
-100710275598.95949 -204156106399.1999 -1797783398.6440308
-100708573688.96823 -204156749051.5875 -1797838583.9407115
-100706871772.60599 -204157391690.92926 -1797893769.1202717
-100705169849.87285 -204158034317.22513 -1797948954.1827078
-100703467920.76892 -204158676930.475 -1798004139.1280162
-100701765985.2943 -204159319530.67883 -1798059323.956193
-100700064043.44907 -204159962117.83655 -1798114508.6672342
-100698362095.23332 -204160604691.94806 -1798169693.261136
-100696660140.64716 -204161247253.0133 -1798224877.737895
-100694958179.69067 -204161889801.03223 -1798280062.097507
-100693256212.36395 -204162532336.00473 -1798335246.3399684
-100691554238.6671 -204163174857.9308 -1798390430.4652753
-100689852258.60022 -204163817366.81027 -1798445614.473424
-100688150272.16339 -204164459862.64316 -1798500798.3644106
-100686448279.35672 -204165102345.42935 -1798555982.1382315
-100684746280.18028 -204165744815.1688 -1798611165.7948828
-100683044274.63419 -204166387271.86142 -1798666349.3343606
-100681342262.71852 -204167029715.50714 -1798721532.7566612
-100679640244.4334 -204167672146.1059 -1798776716.0617807
-100677938219.77888 -204168314563.65762 -1798831899.2497153
-100676236188.7551 -204168956968.16223 -1798887082.3204613
-100674534151.36212 -204169599359.61966 -1798942265.274015
-100672832107.60005 -204170241738.02985 -1798997448.1103723
-100671130057.469 -204170884103.3927 -1799052630.8295298
-100669428000.96902 -204171526455.7082 -1799107813.4314835
-100667725938.10025 -204172168794.97623 -1799162995.9162295
-100666023868.86276 -204172811121.19672 -1799218178.2837641
-100664321793.25667 -204173453434.3696 -1799273360.5340836
-100662619711.28204 -204174095734.4948 -1799328542.667184
-100660917622.939 -204174738021.5723 -1799383724.6830618
-100659215528.2276 -204175380295.60196 -1799438906.581713
-100657513427.14796 -204176022556.58374 -1799494088.3631337
-100655811319.7002 -204176664804.51758 -1799549270.0273204
-100654109205.88437 -204177307039.4034 -1799604451.574269
-100652407085.70059 -204177949261.24115 -1799659633.0039759
-100650704959.14896 -204178591470.03073 -1799714814.3164372
-100649002826.22955 -204179233665.77206 -1799769995.5116494
-100647300686.94247 -204179875848.4651 -1799825176.5896082
-100645598541.28783 -204180518018.10974 -1799880357.5503101
-100643896389.26569 -204181160174.70596 -1799935538.3937514
-100642194230.87616 -204181802318.25366 -1799990719.1199281
-100640492066.11934 -204182444448.75278 -1800045899.7288365
-100638789894.99532 -204183086566.20325 -1800101080.2204728
-100637087717.5042 -204183728670.60498 -1800156260.5948331
-100635385533.64607 -204184370761.95792 -1800211440.8519137
-100633683343.42104 -204185012840.262 -1800266620.991711
-100631981146.82918 -204185654905.51715 -1800321801.0142207
-100630278943.87059 -204186296957.7233 -1800376980.9194393
-100628576734.54538 -204186938996.88037 -1800432160.7073631
-100626874518.85362 -204187581022.98828 -1800487340.3779883
-100625172296.79543 -204188223036.047 -1800542519.931311
-100623470068.37088 -204188865036.05643 -1800597699.3673272
-100621767833.5801 -204189507023.01648 -1800652878.6860335
-100620065592.42314 -204190148996.92712 -1800708057.887426
-100618363344.90013 -204190790957.78827 -1800763236.9715006
-100616661091.01115 -204191432905.59982 -1800818415.9382539
-100614958830.7563 -204192074840.36176 -1800873594.7876818
-100613256564.13567 -204192716762.07397 -1800928773.5197806
-100611554291.14935 -204193358670.73642 -1800983952.1345468
-100609852011.79745 -204194000566.349 -1801039130.6319761
-100608149726.08006 -204194642448.91168 -1801094309.0120652
-100606447433.99727 -204195284318.42438 -1801149487.2748098
-100604745135.54916 -204195926174.887 -1801204665.4202065
-100603042830.73586 -204196568018.2995 -1801259843.4482515
-100601340519.55743 -204197209848.6618 -1801315021.3589406
-100599638202.01399 -204197851665.97382 -1801370199.1522703
-100597935878.10562 -204198493470.2355 -1801425376.8282368
