45909545096.02136 139426062113.37366 53105962.32270813
45907354896.760925 139426711836.95355 53102375.19668561
45905164698.20322 139427361520.68954 53098787.04074369
45902974500.35001 139428011164.58356 53095197.85501303
45900784303.203094 139428660768.6375 53091607.63962429
45898594106.76424 139429310332.85333 53088016.3947082
45896403911.03521 139429959857.2329 53084424.1203955
45894213716.01779 139430609341.7782 53080830.81681693
45892023521.71375 139431258786.49112 53077236.484103315
45889833328.12487 139431908191.37357 53073641.12238545
45887643135.25292 139432557556.4275 53070044.73179418
45885452943.09968 139433206881.6548 53066447.31246038
45883262751.666916 139433856167.0574 53062848.86451495
45881072560.956406 139434505412.63727 53059249.388088815
45878882370.96992 139435154618.39627 53055648.883312926
45876692181.70922 139435803784.33636 53052047.35031826
45874501993.176094 139436452910.45944 53048444.78923582
45872311805.37231 139437101996.76746 53044841.200196646
45870121618.29964 139437751043.2623 53041236.583331786
45867931431.95985 139438400049.94592 53037630.938772336
45865741246.354706 139439049016.82022 53034024.2666494
45863551061.48599 139439697943.88715 53030416.567094125
45861360877.35547 139440346831.1486 53026807.84023767
45859170693.96491 139440995678.6065 53023198.086211234
45856980511.316086 139441644486.26282 53019587.30514603
45854790329.41076 139442293254.11942 53015975.49717331
45852600148.2507 139442941982.17825 53012362.66242434
45850409967.837685 139443590670.44125 53008748.80103043
45848219788.17348 139444239318.91034 53005133.91312289
45846029609.25984 139444887927.58743 53001517.99883309
45843839431.09855 139445536496.47446 52997901.058292404
45841649253.69136 139446185025.57333 52994283.09163224
45839459077.040054 139446833514.88602 52990664.098984025
45837268901.146385 139447481964.4144 52987044.08047923
45835078726.01212 139448130374.1604 52983423.036249325
45832888551.63904 139448778744.12598 52979800.96642584
45830698378.028885 139449427074.31305 52976177.871140316
45828508205.18344 139450075364.72354 52972553.75052431
45826318033.10446 139450723615.35938 52968928.604709424
45824127861.79372 139451371826.22247 52965302.433827266
45821937691.25297 139452019997.31476 52961675.2380095
45819747521.48398 139452668128.63815 52958047.017387785
45817557352.48851 139453316220.1946 52954417.77209383
45815367184.268326 139453964271.98602 52950787.502259366
45813177016.825195 139454612284.01434 52947156.20801614
45810986850.16087 139455260256.2815 52943523.88949594
45808796684.27712 139455908188.78943 52939890.546830565
45806606519.175705 139456556081.54004 52936256.18015185
45804416354.85838 139457203934.53528 52932620.78959166
45802226191.32692 139457851747.77704 52928984.375281885
45800036028.58308 139458499521.26727 52925346.93735444
45797845866.62861 139459147255.0079 52921708.475941256
45795655705.46528 139459794949.0009 52918068.99117431
45793465545.09485 139460442603.2481 52914428.4831856
45791275385.51907 139461090217.75153 52910786.95210713
45789085226.739716 139461737792.51306 52907144.39807096
45786895068.75853 139462385327.53467 52903500.82120917
45784704911.57727 139463032822.81824 52899856.22165385
45782514755.19771 139463680278.36572 52896210.599537134
45780324599.62159 139464327694.17905 52892563.95499118
45778134444.85068 139464975070.26013 52888916.28814816
45775944290.88673 139465622406.61093 52885267.59914029
45773754137.73149 139466269703.23334 52881617.88809979
45771563985.386734 139466916960.12933 52877967.15515894
45769373833.8542 139467564177.3008 52874315.40045001
45767183683.13566 139468211354.74973 52870662.624105334
45764993533.23286 139468858492.478 52867008.826257244
45762803384.14755 139469505590.48755 52863354.00703811
45760613235.8815 139470152648.7803 52859698.16658032
45758423088.43645 139470799667.35822 52856041.3050163
45756232941.814156 139471446646.2232 52852383.4224785
45754042796.01637 139472093585.37723 52848724.519099385
45751852651.04486 139472740484.8222 52845064.595011465
45749662506.90137 139473387344.56006 52841403.65034726
45747472363.58764 139474034164.5927 52837741.68523934
45745282221.10544 139474680944.92212 52834078.699820265
45743092079.45651 139475327685.5502 52830414.69422266
45740901938.64261 139475974386.4789 52826749.668579146
45738711798.66548 139476621047.71017 52823083.62302239
45736521659.526886 139477267669.2459 52819416.557685085
45734331521.22857 139477914251.08807 52815748.47269993
45732141383.77228 139478560793.2386 52812079.368199684
45729951247.15977 139479207295.69937 52808409.2443171
45727761111.392784 139479853758.47238 52804738.10118498
45725570976.473076 139480500181.55954 52801065.93893614
45723380842.4024 139481146564.9628 52797392.75770342
45721190709.182495 139481792908.68408 52793718.55761971
45719000576.81512 139482439212.72534 52790043.33881791
45716810445.30201 139483085477.08847 52786367.10143093
45714620314.64492 139483731701.77545 52782689.84559173
45712430184.8456 139484377886.78818 52779011.5714333
45710240055.905785 139485024032.12863 52775332.27908864
45708049927.827225 139485670137.7987 52771651.968690775
45705859800.61167 139486316203.80035 52767970.640372775
45703669674.26087 139486962230.13553 52764288.29426773
45701479548.776566 139487608216.80615 52760604.93050874
45699289424.1605 139488254163.81415 52756920.54922895
45697099300.41442 139488900071.16147 52753235.150561534
45694909177.54007 139489545938.85007 52749548.734639674
45692719055.5392 139490191766.88187 52745861.3015966
45690528934.41354 139490837555.2588 52742172.85156554
45688338814.16485 139491483303.9828 52738483.38467978
45686148694.79486 139492129013.0558 52734792.901072614
45683958576.30532 139492774682.47974 52731101.40087737
45681768458.69797 139493420312.2566 52727408.8842274
45679578341.97455 139494065902.38828 52723715.35125609
45677388226.1368 139494711452.8767 52720020.80209683
45675198111.18647 139495356963.72385 52716325.23688306
45673007997.1253 139496002434.93164 52712628.65574823
45670817883.955025 139496647866.502 52708931.05882584
45668627771.67738 139497293258.4369 52705232.446249396
45666437660.29412 139497938610.73822 52701532.81815243
45664247549.80698 139498583923.40796 52697832.174668506
45662057440.21769 139499229196.44806 52694130.51593122
45659867331.528 139499874429.8604 52690427.842074186
45657677223.73965 139500519623.647 52686724.15323105
45655487116.85436 139501164777.80975 52683019.449535474
45653297010.873886 139501809892.35062 52679313.73112117
45651106905.799965 139502454967.2715 52675606.99812185
45648916801.63433 139503100002.5744 52671899.25067127
45646726698.378716 139503744998.2612 52668190.4889032
45644536596.03486 139504389954.33386 52664480.71295145
45642346494.6045 139505034870.79434 52660769.92294984
45640156394.08937 139505679747.64456 52657058.11903224
45637966294.49121 139506324584.88647 52653345.301332526
45635776195.81175 139506969382.52203 52649631.4699846
45633586098.052734 139507614140.55316 52645916.625122406
45631396001.21589 139508258858.9818 52642200.7668799
45629205905.302956 139508903537.8099 52638483.89539108
45627015810.31566 139509548177.03943 52634766.010789946
45624825716.25574 139510192776.6723 52631047.11321055
45622635623.12492 139510837336.71045 52627327.20278696
45620445530.92496 139511481857.15582 52623606.279653266
45618255439.65756 139512126338.01038 52619884.34394359
45616065349.32447 139512770779.27606 52616161.39579208
45613875259.92742 139513415180.9548 52612437.43533291
45611685171.46814 139514059543.04855 52608712.46270028
45609495083.948364 139514703865.55927 52604986.47802842
45607304997.36982 139515348148.48886 52601259.48145157
45605114911.73424 139515992391.8393 52597531.47310403
45602924827.04335 139516636595.61252 52593802.45312009
45600734743.29888 139517280759.8105 52590072.421634085
45598544660.50257 139517924884.43512 52586341.37878038
45596354578.65614 139518568969.48837 52582609.32469336
45594164497.76132 139519213014.9722 52578876.25950743
45591974417.81985 139519857020.88852 52575142.18335704
45589784338.833435 139520500987.23932 52571407.096376635
45587594260.80382 139521144914.02652 52567670.99870072
45585404183.73273 139521788801.25208 52563933.89046382
45583214107.62189 139522432648.9179 52560195.771800466
45581024032.47303 139523076457.026 52556456.64284523
45578833958.28787 139523720225.57828 52552716.50373271
45576643885.068146 139524363954.5767 52548975.35459753
45574453812.815575 139525007644.0232 52545233.19557434
45572263741.53189 139525651293.9197 52541490.02679782
45570073671.21881 139526294904.26822 52537745.84840267
45567883601.87807 139526938475.07065 52534000.660523616
45565693533.51138 139527582006.32895 52530254.463295415
45563503466.120476 139528225498.04507 52526507.25685285
45561313399.70708 139528868950.22095 52522759.04133073
45559123334.2729 139529512362.85855 52519009.81686389
45556933269.81969 139530155735.9598 52515259.583587185
45554743206.349144 139530799069.5267 52511508.3416355
45552553143.863 139531442363.56116 52507756.091143765
45550363082.362976 139532085618.06512 52504002.83224691
45548173021.85079 139532728833.04053 52500248.5650799
45545982962.32817 139533372008.48935 52496493.289777726
45543792903.79684 139534015144.41354 52492737.00647542
45541602846.25851 139534658240.81503 52488979.71530801
45539412789.714905 139535301297.6958 52485221.41641058
45537222734.16775 139535944315.05777 52481462.10991823
45535032679.61876 139536587292.9029 52477701.795966074
45532842626.06966 139537230231.23312 52473940.474689275
45530652573.52216 139537873130.0504 52470178.146223
45528462521.97799 139538515989.35672 52466414.810702465
45526272471.43886 139539158809.154 52462650.468262896
45524082421.90649 139539801589.44418 52458885.11903954
45521892373.3826 139540444330.22922 52455118.763167694
45519702325.868904 139541087031.51108 52451351.40078266
45517512279.36713 139541729693.2917 52447583.03201977
45515322233.878975 139542372315.57303 52443813.6570144
45513132189.40617 139543014898.35706 52440043.27590192
45510942145.95043 139543657441.6457 52436271.88881776
45508752103.51347 139544299945.4409 52432499.49589735
45506562062.09701 139544942409.74463 52428726.09727617
45504372021.70275 139545584834.55884 52424951.69308971
45502181982.33242 139546227219.8855 52421176.283473484
45499991943.987724 139546869565.72653 52417399.86856304
45497801906.67038 139547511872.0839 52413622.44849396
45495611870.3821 139548154138.95956 52409844.02340183
45493421835.12461 139548796366.35547 52406064.59342228
45491231800.89961 139549438554.2736 52402284.15869096
45489041767.70882 139550080702.71585 52398502.71934356
45486851735.55394 139550722811.68423 52394720.27551577
45484661704.43669 139551364881.18066 52390936.82734333
45482471674.35879 139552006911.20712 52387152.374961995
45480281645.32194 139552648901.76553 52383366.918507546
45478091617.32786 139553290852.85788 52379580.458115794
45475901590.37825 139553932764.4861 52375792.99392258
45473711564.47483 139554574636.6522 52372004.526063755
45471521539.61931 139555216469.35803 52368215.054675214
45469331515.81339 139555858262.60562 52364424.579892874
45467141493.05879 139556500016.3969 52360633.10185267
45464951471.357216 139557141730.73386 52356840.62069058
45462761450.71037 139557783405.61844 52353047.13654259
45460571431.11997 139558425041.05258 52349252.649544716
45458381412.58772 139559066637.03824 52345457.159833014
45456191395.11533 139559708193.5774 52341660.66754355
45454001378.704506 139560349710.67197 52337863.17281243
45451811363.35695 139560991188.32394 52334064.675775774
45449621349.07437 139561632626.53528 52330265.17656974
45447431335.85848 139562274025.30792 52326464.67533049
45445241323.71098 139562915384.64383 52322663.17219424
45443051312.63358 139563556704.54498 52318860.66729723
45440861302.62799 139564197985.0133 52315057.1607757
45438671293.6959 139564839226.05078 52311252.65276594
45436481285.83903 139565480427.65933 52307447.14340425
45434291279.05907 139566121589.84094 52303640.632826984
45432101273.35773 139566762712.59756 52299833.12117048
45429911268.73672 139567403795.93118 52296024.60857115
45427721265.19773 139568044839.84372 52292215.09516539
45425531262.74248 139568685844.33716 52288404.581089646
45423341261.37266 139569326809.41345 52284593.06648038
45421151261.08997 139569967735.07455 52280780.5514741
45418961261.89613 139570608621.32242 52276967.03620732
45416771263.79283 139571249468.159 52273152.52081657
45414581266.78177 139571890275.58627 52269337.00543844
45412391270.864655 139572531043.6062 52265520.49020952
45410201276.04318 139573171772.22073 52261702.975266434
45408011282.31905 139573812461.43182 52257884.46074583
45405821289.69397 139574453111.24146 52254064.946784385
45403631298.169624 139575093721.65158 52250244.433518805
45401441307.74773 139575734292.66415 52246422.92108582
45399251318.42997 139576374824.28113 52242600.40962218
45397061330.21805 139577015316.5045 52238776.89926467
45394871343.11367 139577655769.33618 52234952.3901501
45392681357.11853 139578296182.77817 52231126.882415295
45390491372.23432 139578936556.8324 52227300.37619712
45388301388.462746 139579576891.50085 52223472.87163247
45386111405.8055 139580217186.7855 52219644.36885825
45383921424.264275 139580857442.6883 52215814.86801139
45381731443.840775 139581497659.21118 52211984.36922887
45379541464.53669 139582137836.35614 52208152.87264767
45377351486.35372 139582777974.12512 52204320.37840481
45375161509.29356 139583418072.5201 52200486.88663734
45372971533.357895 139584058131.54306 52196652.39748231
45370781558.54843 139584698151.19592 52192816.911076844
45368591584.86687 139585338131.48068 52188980.42755804
45366401612.31489 139585978072.3993 52185142.94706306
45364211640.89419 139586617973.9537 52181304.46972907
45362021670.60646 139587257836.1459 52177464.99569328
45359831701.4534 139587897658.97784 52173624.525092915
45357641733.4367 139588537442.45148 52169783.05806522
45355451766.558044 139589177186.5688 52165940.59474748
45353261800.81914 139589816891.33173 52162097.13527699
45351071836.221664 139590456556.74225 52158252.67979109
45348881872.76732 139591096182.80234 52154407.22842714
45346691910.45779 139591735769.51395 52150560.781322524
45344501949.29476 139592375316.87906 52146713.33861464
45342311989.27994 139593014824.89963 52142864.90044094
45340122030.415 139593654293.57764 52139015.466938876
45337932072.70164 139594293722.91504 52135165.03824594
45335742116.14154 139594933112.9138 52131313.61449964
45333552160.7364 139595572463.57587 52127461.19583753
45331362206.4879 139596211774.90323 52123607.78239716
45329172253.397736 139596851046.89786 52119753.37431613
45326982301.46759 139597490279.5617 52115897.971732065
45324792350.69915 139598129472.89673 52112041.5747826
45322602401.09411 139598768626.9049 52108184.18360542
45320412452.654144 139599407741.58823 52104325.798338205
45318222505.38095 139600046816.94864 52100466.41911869
45316032559.276215 139600685852.9881 52096606.04608462
45313842614.34161 139601324849.7086 52092744.67937378
45311652670.57884 139601963807.11206 52088882.31912396
45309462727.98958 139602602725.2005 52085018.96547299
45307272786.57551 139603241603.97586 52081154.61855873
45305082846.33832 139603880443.44012 52077289.27851905
45302892907.27969 139604519243.59528 52073422.945491865
45300702969.40132 139605158004.44324 52069555.61961511
45298513032.70488 139605796725.98602 52065687.30102673
45296323097.192055 139606435408.2256 52061817.98986472
45294133162.864525 139607074051.16388 52057947.68626709
45291943229.723976 139607712654.8029 52054076.39037188
45289753297.77209 139608351219.1446 52050204.10231715
45287563367.010544 139608989744.19095 52046330.82224098
45285373437.441025 139609628229.9439 52042456.55028149
45283183509.065216 139610266676.4055 52038581.28657682
45280993581.884796 139610905083.5776 52034705.03126515
45278803655.90144 139611543451.46228 52030827.784484655
45276613731.11684 139612181780.06146 52026949.54637357
45274423807.53266 139612820069.3771 52023070.31707013
45272233885.15059 139613458319.4112 52019190.096712604
45270043963.972305 139614096530.1657 52015308.8854393
45267854043.99949 139614734701.6426 52011426.68338854
45265664125.23381 139615372833.84387 52007543.49069867
45263474207.676956 139616010926.77145 52003659.307508074
45261284291.330605 139616648980.42734 51999774.13395514
45259094376.19643 139617286994.8135 51995887.970178306
45256904462.27611 139617924969.93195 51992000.816316016
45254714549.57132 139618562905.78458 51988112.67250676
45252524638.08374 139619200802.3734 51984223.538889036
45250334727.81504 139619838659.7004 51980333.41560139
45248144818.7669 139620476477.76755 51976442.302782364
45245954910.940994 139621114256.5768 51972550.20057055
45243765004.339 139621751996.13016 51968657.10910456
45241575098.962585 139622389696.42957 51964763.02852302
45239385194.81343 139623027357.477 51960867.95896461
45237195291.89321 139623664979.27444 51956971.900568
45235005390.2036 139624302561.82388 51953074.85347192
45232815489.74627 139624940105.12726 51949176.817815095
45230625590.52289 139625577609.18655 51945277.7937363
45228435692.53513 139626215074.00375 51941377.78137433
45226245795.784676 139626852499.58084 51937476.780868
45224055900.27319 139627489885.9198 51933574.792356156
45221866006.00235 139628127233.02258 51929671.81597767
45219676112.97382 139628764540.89117 51925767.85187143
45217486221.18928 139629401809.52753 51921862.90017637
45215296330.65039 139630039038.93362 51917956.96103143
45213106441.358826 139630676229.11145 51914050.03457559
45210916553.31625 139631313380.063 51910142.120947845
45208726666.52435 139631950491.79022 51906233.220287226
45206536780.98479 139632587564.2951 51902323.33273278
45204346896.69922 139633224597.57962 51898412.4584236
45202157013.66933 139633861591.64575 51894500.597498775
45199967131.896774 139634498546.49548 51890587.75009744
45197777251.38323 139635135462.13077 51886673.916358754
45195587372.13036 139635772338.5536 51882759.0964219
45193397494.13984 139636409175.76593 51878843.29042608
45191207617.41332 139637045973.76978 51874926.49851054
45189017741.952484 139637682732.56708 51871008.72081453
45186827867.75899 139638319452.15985 51867089.957477346
45184637994.8345 139638956132.55005 51863170.20863829
45182448123.180695 139639592773.73965 51859249.47443671
45180258252.799225 139640229375.73065 51855327.75501196
45178068383.69176 139640865938.525 51851405.05050344
45175878515.85996 139641502462.1247 51847481.36105056
45173688649.305504 139642138946.5317 51843556.68679277
45171498784.030045 139642775391.74802 51839631.02786953
45169308920.03524 139643411797.7756 51835704.384420335
45167119057.32276 139644048164.61646 51831776.75658471
45164929195.89427 139644684492.27255 51827848.1445022
45162739335.751434 139645320780.74585 51823918.54831237
45160549476.89591 139645957030.03836 51819987.96815483
45158359619.32936 139646593240.15204 51816056.404169194
45156169763.053444 139647229411.08887 51812123.85649512
45153979908.069824 139647865542.85086 51808190.32527228
45151790054.380165 139648501635.43997 51804255.810640365
45149600201.98613 139649137688.8582 51800320.31273912
45147410350.889366 139649773703.10745 51796383.83170829
45145220501.091545 139650409678.1898 51792446.36768766
45143030652.59432 139651045614.10718 51788507.920817025
45140840805.39936 139651681510.86157 51784568.491236225
45138650959.508316 139652317368.455 51780628.07908512
45136461114.922844 139652953186.88937 51776686.684503585
45134271271.64461 139653588966.16675 51772744.30763154
45132081429.67526 139654224706.28906 51768800.948608905
45129891589.016464 139654860407.2583 51764856.607575655
45127701749.66987 139655496069.07648 51760911.28467177
45125511911.63714 139656131691.74554 51756964.980037265
45123322074.91993 139656767275.2675 51753017.69381218
45121132239.5199 139657402819.6443 51749069.426136576
45118942405.4387 139658038324.87793 51745120.17715055
45116752572.677986 139658673790.9704 51741169.94699421
45114562741.23941 139659309217.92368 51737218.7358077
45112372911.12463 139659944605.73975 51733266.5437312
45110183082.33531 139660579954.42062 51729313.37090489
45107993254.87309 139661215263.96826 51725359.217469
45105803428.73963 139661850534.38464 51721404.08356377
45103613603.936584 139662485765.67175 51717447.96932947
45101423780.46561 139663120957.83157 51713490.874906406
45099233958.32835 139663756110.8661 51709532.800434895
45097044137.52646 139664391224.7773 51705573.74605529
45094854318.06159 139665026299.5672 51701613.71190797
45092664499.9354 139665661335.23773 51697652.69813333
45090474683.149536 139666296331.7909 51693690.704871796
45088284867.70565 139666931289.2287 51689727.732263826
45086095053.60539 139667566207.5531 51685763.7804499
45083905240.85042 139668201086.7661 51681798.84957051
45081715429.44237 139668835926.86972 51677832.939766206
45079525619.3829 139669470727.86588 51673866.05117753
45077335810.67365 139670105489.7566 51669898.18394507
45075146003.31629 139670740212.54385 51665929.33820943
45072956197.312454 139671374896.22964 51661959.51411124
45070766392.663795 139672009540.81595 51657988.71179118
45068576589.371956 139672644146.30475 51654016.93138992
45066386787.43859 139673278712.69806 51650044.173048176
45064196986.86534 139673913239.99783 51646070.43690668
45062007187.653854 139674547728.2061 51642095.7231062
45059817389.80578 139675182177.32477 51638120.03178752
45057627593.32276 139675816587.3559 51634143.36309147
45055437798.20645 139676450958.30145 51630165.71715888
45053248004.45849 139677085290.16342 51626187.09413061
45051058212.08052 139677719582.9438 51622207.49414757
45048868421.074196 139678353836.64456 51618226.91735066
45046678631.441154 139678988051.2677 51614245.36388083
45044488843.183044 139679622226.81522 51610262.83387905
45042299056.301506 139680256363.2891 51606279.32748633
45040109270.79819 139680890460.6913 51602294.84484367
45037919486.67473 139681524519.02386 51598309.386092134
45035729703.93277 139682158538.28876 51594322.95137279
45033539922.57396 139682792518.48798 51590335.54082673
45031350142.59994 139683426459.62347 51586347.154595084
45029160364.012344 139684060361.69727 51582357.79281901
45026970586.81283 139684694224.71136 51578367.455639675
45024780811.00302 139685328048.66772 51574376.14319828
45022591036.58457 139685961833.56836 51570383.85563606
45020401263.55912 139686595579.41525 51566390.59309427
45018211491.9283 139687229286.2104 51562396.35571418
45016021721.693756 139687862953.95578 51558401.143637106
45013831952.85713 139688496582.65338 51554404.957004376
45011642185.42006 139689130172.3052 51550407.79595734
45009452419.38418 139689763722.91324 51546409.66063739
45007262654.75113 139690397234.4795 51542410.551185936
45005072891.52255 139691030707.00595 51538410.4677444
45002883129.70009 139691664140.4946 51534409.41045426
45000693369.28537 139692297534.94742 51530407.37945698
44998503610.28003 139692930890.3664 51526404.37489409
44996313852.685715 139693564206.75354 51522400.39690712
44994124096.50405 139694197484.11084 51518395.445637636
44991934341.73669 139694830722.4403 51514389.521227226
44989744588.38525 139695463921.74393 51510382.6238175
44987554836.45137 139696097082.02368 51506374.75355011
44985365085.9367 139696730203.28156 51502365.91056672
44983175336.84286 139697363285.51956 51498356.095009014
44980985589.171486 139697996328.7397 51494345.30701871
44978795842.92422 139698629332.9439 51490333.54673756
44976606098.10269 139699262298.13425 51486320.814307325
44974416354.708534 139699895224.31268 51482307.10986981
44972226612.74338 139700528111.4812 51478292.43356682
44970036872.20886 139701160959.6418 51474276.78554022
44967847133.10661 139701793768.7965 51470260.16593187
44965657395.43827 139702426538.9473 51466242.57488368
44963467659.20546 139703059270.09616 51462224.01253756
44961277924.40981 139703691962.2451 51458204.47903547
44959088191.05296 139704324615.3961 51454183.97451937
44956898459.13654 139704957229.55115 51450162.499131285
44954708728.66218 139705589804.71225 51446140.05301323
44952518999.6315 139706222340.8814 51442116.63630725
44950329272.04614 139706854838.0606 51438092.24915543
44948139545.90773 139707487296.25186 51434066.89169988
44945949821.217896 139708119715.45715 51430040.56408272
44943760097.978264 139708752095.67847 51426013.266446106
44941570376.19047 139709384436.91782 51421984.99893223
44939380655.85613 139710016739.17722 51417955.761683285
44937190936.97689 139710649002.45862 51413925.55484151
44935001219.55437 139711281226.76407 51409894.378549166
44932811503.59019 139711913412.09552 51405862.232948534
44930621789.085976 139712545558.455 51401829.11818192
44928432076.043365 139713177665.84448 51397795.034391664
44926242364.46398 139713809734.266 51393759.98172013
44924052654.34944 139714441763.7215 51389723.96030969
44921862945.70138 139715073754.213 51385686.970302776
44919673238.521416 139715705705.74255 51381649.01184182
44917483532.81118 139716337618.3121 51377610.08506928
44915293828.572296 139716969491.92365 51373570.19012765
44913104125.80638 139717601326.5792 51369529.32715944
44910914424.51507 139718233122.28076 51365487.4963072
44908724724.699974 139718864879.03033 51361444.697713494
44906535026.362724 139719496596.8299 51357400.93152091
44904345329.50494 139720128275.68146 51353356.197872065
44902155634.12824 139720759915.58704 51349310.49690961
44899965940.23426 139721391516.5486 51345263.82877621
44897776247.82461 139722023078.5682 51341216.19361456
44895586556.90091 139722654601.6478 51337167.591567375
44893396867.46479 139723286085.7894 51333118.02277741
44891207179.51787 139723917530.995 51329067.48738743
44889017493.06176 139724548937.2666 51325015.98554025
44886827808.09808 139725180304.6062 51320963.51737867
44884638124.62846 139725811633.0158 51316910.08304556
44882448442.654526 139726442922.49744 51312855.68268377
44880258762.17788 139727074173.05307 51308800.31643622
44878069083.20015 139727705384.6847 51304743.98444583
44875879405.722946 139728336557.39435 51300686.686855555
44873689729.747894 139728967691.18402 51296628.423808366
44871500055.27661 139729598786.0557 51292569.195447266
44869310382.310715 139730229842.01138 51288509.00191529
44867120710.851814 139730860859.0531 51284447.843355484
44864931040.901535 139731491837.18283 51280385.719910935
44862741372.46149 139732122776.4026 51276322.631724745
44860551705.533295 139732753676.7144 51272258.57894005
44858362040.11857 139733384538.1202 51268193.561699994
44856172376.218925 139734015360.62207 51264127.58014777
44853982713.835976 139734646144.22195 51260060.63442659
44851793052.97134 139735276888.9219 51255992.72467967
44849603393.626625 139735907594.72388 51251923.85105029
44847413735.80345 139736538261.6299 51247854.01368172
44845224079.50343 139737168889.642 51243783.21271727
44843034424.72818 139737799478.76215 51239711.44830029
44840844771.4793 139738430028.99237 51235638.720574126
44838655119.758415 139739060540.33466 51231565.029682174
44836465469.56714 139739691012.79102 51227490.37576785
44834275820.907074 139740321446.36343 51223414.75897458
44832086173.77984 139740951841.05396 51219338.17944584
44829896528.18704 139741582196.86456 51215260.637325116
44827706884.130295 139742212513.79724 51211182.13275592
44825517241.611206 139742842791.85403 51207102.6658818
44823327600.63139 139743473031.03693 51203022.23684631
44821137961.19246 139744103231.34793 51198940.84579306
44818948323.29601 139744733392.78903 51194858.49286565
44816758686.943665 139745363515.36227 51190775.17820773
44814569052.13703 139745993599.06964 51186690.90196297
44812379418.87771 139746623643.91315 51182605.66427507
44810189787.16731 139747253649.89478 51178519.465287745
44808000157.007454 139747883617.01657 51174432.305144735
44805810528.399734 139748513545.28052 51170344.183989815
44803620901.345764 139749143434.68863 51166255.10196678
44801431275.847145 139749773285.24292 51162165.059219465
44799241651.90549 139750403096.94537 51158074.0558917
44797052029.52239 139751032869.798 51153982.09212737
44794862408.69947 139751662603.80283 51149889.16807036
44792672789.43833 139752292298.96185 51145795.28386461
44790483171.74058 139752921955.2771 51141700.43965407
44788293555.60781 139753551572.75055 51137604.6355827
44786103941.04163 139754181151.38425 51133507.871794514
44783914328.043655 139754810691.18018 51129410.14843354
44781724716.61548 139755440192.14035 51125311.46564382
44779535106.758705 139756069654.26678 51121211.82356945
44777345498.47494 139756699077.56146 51117111.22235451
44775155891.765785 139757328462.02643 51113009.66214314
44772966286.63284 139757957807.66367 51108907.143079504
44770776683.07772 139758587114.4752 51104803.66530777
44768587081.10201 139759216382.463 51100699.228972144
44766397480.70732 139759845611.62915 51096593.83421686
44764207881.89525 139760474801.97562 51092487.48118618
44762018284.6674 139761103953.50443 51088380.17002438
44759828689.02537 139761733066.21756 51084271.90087576
44757639094.97076 139762362140.11703 51080162.67388467
44755449502.505165 139762991175.2049 51076052.48919545
44753259911.630196 139763620171.48312 51071941.346952505
44751070322.34744 139764249128.95374 51067829.24730023
44748880734.65851 139764878047.61874 51063716.19038306
44746691148.56499 139765506927.48016 51059602.17634547
44744501564.06848 139766135768.54 51055487.20533193
44742311981.170586 139766764570.8003 51051371.27748696
44740122399.8729 139767393334.263 51047254.392955095
44737932820.177025 139768022058.93018 51043136.5518809
44735743242.08455 139768650744.80383 51039017.75440897
44733553665.59708 139769279391.88596 51034898.0006839
44731364090.716194 139769908000.1786 51030777.29085035
44729174517.443504 139770536569.68372 51026655.62505297
44726984945.7806 139771165100.40335 51022533.00343646
44724795375.72908 139771793592.33954 51018409.42614553
44722605807.290535 139772422045.49426 51014284.89332493
44720416240.46656 139773050459.86954 51010159.40511941
44718226675.25875 139773678835.4674 51006032.961673774
44716037111.66869 139774307172.28986 51001905.56313284
44713847549.69799 139774935470.3389 50997777.20964145
44711657989.34823 139775563729.61658 50993647.90134447
44709468430.62101 139776191950.12488 50989517.6383868
44707278873.517914 139776820131.8658 50985386.42091335
44705089318.04054 139777448274.84143 50981254.24906908
44702899764.19048 139778076379.0537 50977121.122998945
44700710211.96933 139778704444.50467 50972987.042847954
44698520661.37867 139779332471.19635 50968852.00876112
44696331112.4201 139779960459.13074 50964716.0208835
44694141565.0952 139780588408.30988 50960579.07936016
44691952019.40556 139781216318.73575 50956441.18433619
44689762475.35278 139781844190.4104 50952302.33595673
44687572932.93845 139782472023.33582 50948162.53436691
44685383392.164154 139783099817.51404 50944021.779711924
44683193853.03148 139783727572.94708 50939880.07213696
44681004315.542015 139784355289.63696 50935737.41178724
44678814779.69735 139784982967.5857 50931593.79880802
44676625245.49907 139785610606.7953 50927449.233344585
44674435712.94876 139786238207.26776 50923303.71554223
44672246182.04801 139786865769.00513 50919157.245546274
44670056652.79841 139787493292.0094 50915009.82350208
44667867125.20154 139788120776.28262 50910861.44955502
44665677599.25899 139788748221.82678 50906712.123850495
44663488074.972336 139789375628.64392 50902561.84653394
44661298552.34318 139790002996.73605 50898410.61775081
44659109031.37309 139790630326.1052 50894258.43764658
44656919512.06367 139791257616.75336 50890105.306366764
44654729994.41648 139791884868.68256 50885951.224056885
44652540478.43313 139792512081.8948 50881796.1908625
44650350964.11518 139793139256.39215 50877640.206929184
44648161451.464226 139793766392.17657 50873483.272402555
44645971940.48185 139794393489.25012 50869325.38742824
44643782431.16963 139795020547.6148 50865166.552151896
44641592923.52915 139795647567.27264 50861006.76671921
44639403417.562 139796274548.22568 50856846.03127588
44637213913.269745 139796901490.4759 50852684.34596766
44635024410.65398 139797528394.02533 50848521.71094029
44632834909.71628 139798155258.876 50844358.12633956
44630645410.45822 139798782085.02994 50840193.592311285
44628455912.88139 139799408872.48914 50836028.109001294
44626266416.98737 139800035621.25565 50831861.676555455
44624076922.77774 139800662331.33148 50827694.29511965
44621887430.25407 139801289002.71866 50823525.964839794
44619697939.41794 139801915635.4192 50819356.68586182
44617508450.270935 139802542229.4351 50815186.45833169
44615318962.81463 139803168784.7684 50811015.28239539
44613129477.0506 139803795301.42114 50806843.15819894
44610939992.98042 139804421779.39532 50802670.08588837
44608750510.60568 139805048218.69296 50798496.06560975
44606561029.92795 139805674619.3161 50794321.097509176
44604371550.9488 139806300981.26675 50790145.18173275
44602182073.669815 139806927304.54694 50785968.31842662
44599992598.09257 139807553589.15866 50781790.50773694
44597803124.218636 139808179835.10397 50777611.74980992
44595613652.04959 139808806042.3849 50773432.044791766
44593424181.587006 139809432211.00345 50769251.39282872
44591234712.83246 139810058340.96164 50765069.79406704
44589045245.78752 139810684432.2615 50760887.24865303
44586855780.453766 139811310484.90506 50756703.75673301
44584666316.83277 139811936498.89435 50752519.31845331
44582476854.9261 139812562474.23138 50748333.93396031
44580287394.73534 139813188410.91818 50744147.6034004
44578097936.26205 139813814308.95676 50739960.326919995
44575908479.507805 139814440168.34915 50735772.10466554
44573719024.47418 139815065989.0974 50731582.936783515
44571529571.16275 139815691771.20352 50727392.823420405
44569340119.57508 139816317514.66953 50723201.764722735
44567150669.712746 139816943219.49744 50719009.76083705
44564961221.57731 139817568885.6893 50714816.811909914
44562771775.17035 139818194513.24713 50710622.91808793
44560582330.49343 139818820102.17294 50706428.07951772
44558392887.54812 139819445652.46878 50702232.296345934
44556203446.33599 139820071164.13666 50698035.56871924
44554014006.85861 139820696637.1786 50693837.896784335
44551824569.117546 139821322071.59662 50689639.28068794
44549635133.114365 139821947467.3928 50685439.720576815
44547445698.85064 139822572824.5691 50681239.21659773
44545256266.327934 139823198143.12756 50677037.768897474
44543066835.54781 139823823423.07025 50672835.37762288
44540877406.51184 139824448664.39917 50668632.04292079
44538687979.22159 139825073867.11633 50664427.764938086
44536498553.67862 139825699031.2238 50660222.54382167
44534309129.88451 139826324156.72354 50656016.37971846
44532119707.840805 139826949243.61765 50651809.27277541
44529930287.54909 139827574291.9081 50647601.2231395
44527740869.01092 139828199301.59695 50643392.23095773
44525551452.22785 139828824272.68622 50639182.29637713
44523362037.20146 139829449205.17795 50634971.41954474
44521172623.933304 139830074099.07416 50630759.60060765
44518983212.42495 139830698954.37686 50626546.839712955
44516793802.677956 139831323771.0881 50622333.13700779
44514604394.693886 139831948549.2099 50618118.4926393
44512414988.474304 139832573288.7443 50613902.90675467
44510225584.020775 139833197989.69333 50609686.379501104
44508036181.334854 139833822652.05902 50605468.91102583
44505846780.418106 139834447275.84338 50601250.5014761
44503657381.27209 139835071861.04846 50597031.150999196
44501467983.89836 139835696407.67627 50592810.859742425
44499278588.29849 139836320915.72885 50588589.62785311
44497089194.47404 139836945385.20825 50584367.455478616
44494899802.42655 139837569816.11646 50580144.342766315
44492710412.1576 139838194208.45554 50575920.289863616
44490521023.66873 139838818562.2275 50571695.29691795
44488331636.96152 139839442877.43442 50567469.36407678
44486142252.037506 139840067154.07828 50563242.49148758
44483952868.89826 139840691392.1611 50559014.67929786
44481763487.545334 139841315591.68497 50554785.92765515
44479574107.980286 139841939752.6519 50550556.23670702
44477384730.20467 139842563875.06387 50546325.60660104
44475195354.220055 139843187958.92297 50542094.03748482
44473005980.027985 139843812004.23123 50537861.52950599
44470816607.63002 139844436010.99066 50533628.08281222
44468627237.02771 139845059979.20328 50529393.69755118
44466437868.22262 139845683908.87115 50525158.3738706
44464248501.21629 139846307799.9963 50520922.11191819
44462059136.01029 139846931652.58075 50516684.91184172
44459869772.60616 139847555466.62656 50512446.77378897
44457680411.00546 139848179242.1357 50508207.69790776
44455491051.20975 139848802979.1103 50503967.68434592
44453301693.22057 139849426677.5523 50499726.73325132
44451112337.03949 139850050337.4638 50495484.844771825
44448922982.668045 139850673958.8468 50491242.01905536
44446733630.107796 139851297541.70334 50486998.25624986
44444544279.36029 139851921086.03546 50482753.55650329
44442354930.42708 139852544591.84518 50478507.91996363
44440165583.309715 139853168059.13455 50474261.34677889
44437976238.00975 139853791487.9056 50470013.837097116
44435786894.52873 139854414878.16037 50465765.391066365
44433597552.86822 139855038229.90088 50461516.00883472
44431408213.02975 139855661543.12918 50457265.6905503
44429218875.01488 139856284817.8473 50453014.43636124
44427029538.82515 139856908054.05725 50448762.246415704
44424840204.46212 139857531251.7611 50444509.12086189
44422650871.92733 139858154410.96088 50440255.059847996
44420461541.22233 139858777531.65863 50436000.063522264
44418272212.34867 139859400613.85635 50431744.13203297
44416082885.30789 139860023657.55612 50427487.26552839
44413893560.10155 139860646662.75995 50423229.46415684
44411704236.731186 139861269629.4699 50418970.72806667
44409514915.19835 139861892557.688 50414711.05740623
44407325595.50458 139862515447.41626 50410450.45232392
44405136277.65143 139863138298.65674 50406188.91296815
44402946961.640434 139863761111.41147 50401926.43948737
44400757647.47315 139864383885.6825 50397663.03203003
44398568335.151115 139865006621.47186 50393398.69074463
44396379024.67588 139865629318.7816 50389133.41577969
44394189716.04898 139866251977.6137 50384867.207283735
44392000409.271965 139866874597.97028 50380600.06540535
44389811104.346375 139867497179.85333 50376331.990293115
44387621801.27375 139868119723.2649 50372062.98209565
44385432500.05563 139868742228.20703 50367793.0409616
44383243200.69357 139869364694.68176 50363522.167039625
44381053903.18911 139869987122.69113 50359250.360478416
44378864607.54378 139870609512.23718 50354977.621426694
44376675313.759125 139871231863.32193 50350703.9500332
44374486021.83669 139871854175.94742 50346429.34644671
44372296731.778015 139872476450.11572 50342153.810816005
44370107443.58464 139873098685.82886 50337877.34328991
44367918157.2581 139873720883.08887 50333599.94401727
44365728872.79994 139874343041.89777 50329321.61314694
44363539590.21169 139874965162.25763 50325042.35082782
44361350309.4949 139875587244.17047 50320762.15720884
44359161030.65111 139876209287.63837 50316481.03243893
44356971753.68184 139876831292.66333 50312198.976667054
44354782478.588646 139877453259.2474 50307915.99004222
44352593205.373055 139878075187.39264 50303632.072713435
44350403934.036606 139878697077.10104 50299347.224829756
44348214664.58084 139879318928.3747 50295061.446540244
44346025397.00729 139879940741.21564 50290774.73799399
44343836131.3175 139880562515.6259 50286487.099340126
44341646867.51299 139881184251.60748 50282198.53072778
44339457605.59531 139881805949.1625 50277909.032306135
44337268345.56598 139882427608.29297 50273618.604224384
44335079087.426544 139883049229.00092 50269327.24663174
44332889831.178535 139883670811.2884 50265034.95967746
44330700576.823494 139884292355.15744 50260741.7435108
44328511324.362946 139884913860.6101 50256447.598281056
44326322073.79842 139885535327.6484 50252152.52413756
44324132825.13146 139886156756.2744 50247856.52122965
44321943578.363594 139886778146.49017 50243559.5897067
44319754333.49635 139887399498.29773 50239261.7297181
44317565090.53127 139888020811.6991 50234962.941413276
44315375849.46988 139888642086.69635 50230663.22494167
44313186610.31371 139889263323.2915 50226362.58045276
44310997373.06429 139889884521.48663 50222061.00809604
44308808137.72316 139890505681.28375 50217758.50802103
44306618904.29184 139891126802.68494 50213455.08037727
44304429672.77186 139891747885.6922 50209150.72531434
44302240443.16475 139892368930.30762 50204845.44298183
44300051215.472046 139892989936.5332 50200539.23352937
44297861989.69527 139893610904.37103 50196232.0971066
44295672765.835945 139894231833.82312 50191924.033863194
44293483543.895615 139894852724.89154 50187615.04394885
44291294323.8758 139895473577.5783 50183305.12751329
44289105105.77803 139896094391.8855 50178994.28470626
44286915889.60383 139896715167.81512 50174682.51567753
44284726675.35472 139897335905.36926 50170369.82057689
44282537463.032234 139897956604.54996 50166056.199554175
44280348252.63789 139898577265.35922 50161741.65275923
44278159044.17323 139899197887.79913 50157426.18034193
44275969837.63977 139899818471.87173 50153109.78245216
44273780633.03903 139900439017.57907 50148792.45923985
44271591430.37254 139901059524.9232 50144474.21085495
44269402229.64183 139901679993.90613 50140155.03744743
44267213030.84841 139902300424.52994 50135834.93916729
44265023833.99382 139902920816.79666 50131513.916164555
44262834639.079575 139903541170.70837 50127191.96858926
44260645446.10719 139904161486.2671 50122869.096591495
44258456255.07821 139904781763.47485 50118545.30032135
44256267065.99413 139905402002.33374 50114220.57992894
44254077878.8565 139906022202.8458 50109894.93556443
44251888693.66682 139906642365.01306 50105568.367377974
44249699510.42661 139907262488.8376 50101240.87551978
44247510329.13741 139907882574.3214 50096912.46014007
44245321149.800735 139908502621.46658 50092583.1213891
44243131972.4181 139909122630.27515 50088252.85941713
44240942796.99102 139909742600.74918 50083921.67437447
44238753623.52102 139910362532.8907 50079589.566411436
44236564452.00962 139910982426.70175 50075256.53567837
44234375282.45834 139911602282.18442 50070922.58232566
44232186114.868706 139912222099.34073 50066587.7065037
44229996949.24222 139912841878.17276 50062251.9083629
44227807785.58041 139913461618.68253 50057915.18805373
44225618623.88479 139914081320.8721 50053577.54572665
44223429464.156876 139914700984.74353 50049238.98153216
44221240306.39819 139915320610.29886 50044899.49562078
44219051150.61025 139915940197.54013 50040559.088143066
44216861996.79457 139916559746.4694 50036217.75924959
44214672844.95266 139917179257.0887 50031875.50909095
44212483695.086044 139917798729.40015 50027532.33781777
44210294547.196236 139918418163.40573 50023188.245580696
44208105401.284744 139919037559.1075 50018843.2325304
44205916257.35309 139919656916.50754 50014497.29881758
44203727115.40278 139920276235.60788 50010150.44459297
44201537975.43533 139920895516.41058 50005802.6700073
44199348837.45226 139921514758.9177 50001453.97521137
44197159701.455086 139922133963.1313 49997104.36035595
44194970567.44531 139922753129.0534 49992753.825591885
44192781435.42445 139923372256.6861 49988402.37107001
44190592305.39402 139923991346.0314 49984049.99694121
44188403177.35553 139924610397.09137 49979696.70335637
44186214051.310486 139925229409.86807 49975342.49046642
44184024927.26041 139925848384.36356 49970987.35842232
44181835805.2068 139926467320.57986 49966631.30737502
44179646685.15118 139927086218.51907 49962274.33747554
44177457567.09505 139927705078.18323 49957916.44887488
44175268451.03992 139928323899.57437 49953557.64172411
44173079336.987305 139928942682.69458 49949197.91617429
44170890224.93871 139929561427.54587 49944837.27237653
44168701114.89565 139930180134.13034 49940475.71048195
44166512006.85963 139930798802.45 49936113.23064169
44164322900.83215 139931417432.50696 49931749.83300693
44162133796.814735 139932036024.30322 49927385.51772887
44159944694.808876 139932654577.84085 49923020.28495873
44157755594.816086 139933273093.12192 49918654.13484775
44155566496.837875 139933891570.14847 49914287.06754722
44153377400.87575 139934510008.92258 49909919.08320842
44151188306.931206 139935128409.4463 49905550.18198269
44148999215.00576 139935746771.72165 49901180.36402136
44146810125.100914 139936365095.7507 49896809.62947582
44144621037.21817 139936983381.53552 49892437.97849745
44142431951.35904 139937601629.0782 49888065.411237694
44140242867.52502 139938219838.3807 49883691.92784799
44138053785.71761 139938838009.4452 49879317.52847981
44135864705.93833 139939456142.27365 49874942.21328464
44133675628.188675 139940074236.86816 49870565.98241402
44131486552.470146 139940692293.23077 49866188.83601949
44129297478.78425 139941310311.36356 49861810.77425263
44127108407.132484 139941928291.26855 49857431.79726502
44124919337.51636 139942546232.94785 49853051.905208305
44122730269.93736 139943164136.40344 49848671.09823411
44120541204.397 139943782001.63745 49844289.37649412
44118352140.89679 139944399828.65192 49839906.74014003
44116163079.43821 139945017617.44888 49835523.18932356
44113974020.02277 139945635368.03043 49831138.72419646
44111784962.65198 139946253080.3986 49826753.344910495
44109595907.32732 139946870754.55542 49822367.051617466
44107406854.05029 139947488390.503 49817979.8444692
44105217802.82241 139948105988.24338 49813591.72361753
44103028753.645164 139948723547.77863 49809202.68921434
44100839706.52005 139949341069.11078 49804812.74141152
44098650661.44857 139949958552.2419 49800421.880361
44096461618.43221 139950575997.1741 49796030.10621472
44094272577.47249 139951193403.9094 49791637.41912465
44092083538.570885 139951810772.44983 49787243.81924278
44089894501.7289 139952428102.7975 49782849.30672114
44087705466.94803 139953045394.95444 49778453.88171178
44085516434.229774 139953662648.9227 49774057.54436676
44083327403.57562 139954279864.70438 49769660.29483818
44081138374.987076 139954897042.3015 49765262.13327816
44078949348.46563 139955514181.71616 49760863.05983885
44076760324.01277 139956131282.95038 49756463.07467241
44074571301.63 139956748346.00626 49752062.17793104
44072382281.31881 139957365370.88583 49747660.369766966
44070193263.08069 139957982357.5912 49743257.65033242
44068004246.91714 139958599306.12436 49738854.01977968
44065815232.82964 139959216216.48743 49734449.478261046
44063626220.8197 139959833088.68243 49730044.025928825
44061437210.8888 139960449922.71146 49725637.66293537
44059248203.03844 139961066718.57657 49721230.38943305
44057059197.2701 139961683476.27982 49716822.20557425
44054870193.58529 139962300195.82324 49712413.1115114
44052681191.98548 139962916877.20895 49708003.107396945
44050492192.47217 139963533520.43896 49703592.19338334
44048303195.046844 139964150125.51538 49699180.369623095
44046114199.711006 139964766692.44025 49694767.63626872
44043925206.46613 139965383221.21564 49690353.993472755
44041736215.31371 139965999711.8436 49685939.44138777
44039547226.25524 139966616164.3262 49681523.98016637
44037358239.292206 139967232578.6655 49677107.60996116
44035169254.426094 139967848954.86356 49672690.33092479
44032980271.65839 139968465292.92245 49668272.14320991
44030791290.99058 139969081592.84424 49663853.046969235
44028602312.42416 139969697854.631 49659433.04235547
44026413335.9606 139970314078.2848 49655012.12952136
44024224361.6014 139970930263.80768 49650590.30861968
44022035389.348045 139971546411.20172 49646167.579803206
44019846419.20202 139972162520.46896 49641743.943224765
44017657451.16481 139972778591.6115 49637319.3990372
44015468485.2379 139973394624.6314 49632893.94739337
44013279521.42277 139974010619.5307 49628467.58844618
44011090559.7209 139974626576.3115 49624040.32234853
44008901600.13379 139975242494.97583 49619612.14925336
44006712642.66291 139975858375.5258 49615183.069313645
44004523687.30975 139976474217.9634 49610753.08268237
44002334734.0758 139977090022.29077 49606322.18951256
44000145782.962524 139977705788.50995 49601890.38995724
43997956833.97141 139978321516.62302 49597457.68416949
43995767887.10395 139978937206.63202 49593024.07230239
43993578942.36162 139979552858.53903 49588589.554509066
43991389999.745895 139980168472.34613 49584154.13094264
43989201059.25826 139980784048.0554 49579717.80175629
43987012120.9002 139981399585.66885 49575280.5671032
43984823184.673195 139982015085.1886 49570842.42713658
43982634250.57872 139982630546.6167 49566403.38200967
43980445318.618256 139983245969.95523 49561963.43187574
43978256388.79328 139983861355.20624 49557522.57688808
43976067461.10528 139984476702.3718 49553080.81719999
43973878535.55572 139985092011.45398 49548638.152964815
43971689612.14609 139985707282.45483 49544194.584335916
43969500690.87785 139986322515.37646 49539750.11146668
43967311771.7525 139986937710.22092 49535304.734510526
43965122854.77151 139987552866.99026 49530858.45362089
43962933939.93635 139988167985.68658 49526411.26895122
43960745027.2485 139988783066.31195 49521963.180655025
43958556116.709435 139989398108.8684 49517514.1888858
43956367208.32063 139990013113.35803 49513064.29379708
43954178302.08357 139990628079.7829 49508613.49554244
43951989397.999725 139991243008.14508 49504161.79427545
43949800496.070564 139991857898.44666 49499709.190149724
43947611596.29757 139992472750.68967 49495255.683318906
43945422698.682205 139993087564.87622 49490801.27393665
43943233803.22595 139993702341.00836 49486345.962156646
43941044909.93028 139994317079.08817 49481889.748132594
43938856018.79667 139994931779.1177 49477432.63201824
43936667129.826584 139995546441.09906 49472974.61396733
43934478243.0215 139996161065.0343 49468515.694133654
43932289358.38289 139996775650.92548 49464055.87267102
43930100475.912224 139997390198.7747 49459595.14973327
43927911595.61097 139998004708.58398 49455133.52547425
43925722717.480606 139998619180.35544 49450671.00004785
43923533841.5226 139999233614.09113 49446207.573607974
43921344967.73842 139999848009.79312 49441743.24630856
43919156096.12953 140000462367.4635 49437278.01830356
43916967226.69742 140001076687.10434 49432811.88974696
43914778359.443535 140001690968.71768 49428344.860792756
43912589494.36936 140002305212.30563 49423876.93159499
43910400631.47636 140002919417.87027 49419408.102307715
43908211770.766 140003533585.41364 49414938.373085015
43906022912.239746 140004147714.9378 49410467.74408099
43903834055.89907 140004761806.4449 49405996.21544977
43901645201.74544 140005375859.93692 49401523.78734552
43899456349.78032 140005989875.416 49397050.45992241
43897267500.00518 140006603852.88416 49392576.23333465
43895078652.42148 140007217792.34354 49388101.107736476
43892889807.030685 140007831693.79617 49383625.08328213
43890700963.834274 140008445557.24414 49379148.16012589
43888512122.8337 140009059382.6895 49374670.33842207
43886323284.03043 140009673170.13437 49370191.61832499
43884134447.425934 140010286919.58078 49365711.999989
43881945613.02167 140010900631.03082 49361231.48356849
43879756780.8191 140011514304.48657 49356750.06921785
43877567950.81969 140012127939.9501 49352267.75709152
43875379123.0249 140012741537.4235 49347784.54734394
43873190297.4362 140013355096.9088 49343300.44012959
43871001474.05505 140013968618.40814 49338815.43560298
43868812652.88291 140014582101.92355 49334329.53391862
43866623833.92124 140015195547.45712 49329842.73523107
43864435017.17151 140015808955.01093 49325355.03969491
43862246202.63517 140016422324.58704 49320866.447464734
43860057390.31368 140017035656.18753 49316376.958695166
43857868580.20851 140017648949.81448 49311886.57354086
43855679772.32111 140018262205.47 49307395.29215649
43853490966.652954 140018875423.15613 49302903.11469675
43851302163.20549 140019488602.87494 49298410.04131636
43849113361.98018 140020101744.62854 49293916.07217008
43846924562.97848 140020714848.41898 49289421.207412675
43844735766.20185 140021327914.24835 49284925.44719895
43842546971.65175 140021940942.1187 49280428.79168372
43840358179.329636 140022553932.03217 49275931.241021834
43838169389.23696 140023166883.99078 49271432.795368165
43835980601.37519 140023779797.99664 49266933.45487761
43833791815.74577 140024392674.05182 49262433.21970508
43831603032.350174 140025005512.1584 49257932.09000554
43829414251.18984 140025618312.31842 49253430.06593395
43827225472.266235 140026231074.53403 49248927.1476453
43825036695.5808 140026843798.80725 49244423.33529462
43822847921.13501 140027456485.1402 49239918.62903695
43820659148.930305 140028069133.5349 49235413.02902736
43818470378.96814 140028681743.9935 49230906.53542094
43816281611.24998 140029294316.51804 49226399.148372814
43814092845.77726 140029906851.1106 49221890.868038125
43811904082.551445 140030519347.7733 49217381.69457204
43809715321.57399 140031131806.50815 49212871.62812974
43807526562.846344 140031744227.3173 49208360.66886646
43805337806.36996 140032356610.20276 49203848.81693744
43803149052.146286 140032968955.16666 49199336.072497934
43800960300.17678 140033581262.2111 49194822.43570324
43798771550.46288 140034193531.3381 49190307.90670867
43796582803.00606 140034805762.54977 49185792.485669576
43794394057.80775 140035417955.8482 49181276.17274131
43792205314.8694 140036030111.23547 49176758.96807927
43790016574.192474 140036642228.71365 49172240.87183886
43787827835.77841 140037254308.28482 49167721.88417553
43785639099.62866 140037866349.95108 49163202.00524474
43783450365.744675 140038478353.7145 49158681.23520198
43781261634.1279 140039090319.57715 49154159.57420276
43779072904.779785 140039702247.54114 49149637.02240262
43776884177.701775 140040314137.60852 49145113.57995712
43774695452.895325 140040925989.7814 49140589.24702185
43772506730.36188 140041537804.06186 49136064.02375241
43770318010.102875 140042149580.45197 49131537.91030446
43768129292.11977 140042761318.9538 49127010.906833634
43765940576.414 140043373019.56946 49122483.01349563
43763751862.98702 140043984682.30103 49117954.23044617
43761563151.84027 140044596307.15057 49113424.557840966
43759374442.9752 140045207894.12018 49108893.99583579
43757185736.39324 140045819443.21194 49104362.54458642
43754997032.095856 140046430954.42795 49099830.204248674
43752808330.08448 140047042427.77026 49095296.97497838
43750619630.36056 140047653863.241 49090762.85693139
43748430932.92553 140048265260.84222 49086227.85026359
43746242237.78084 140048876620.57602 49081691.95513089
43744053544.927925 140049487942.44446 49077155.17168922
43741864854.36824 140050099226.44965 49072617.50009453
43739676166.10322 140050710472.59366 49068078.940502815
43737487480.1343 140051321680.8786 49063539.493070066
43735298796.46294 140051932851.30652 49058999.157952316
43733110115.09056 140052543983.87952 49054457.935305625
43730921436.018616 140053155078.5997 49049915.82528607
43728732759.248535 140053766135.46915 49045372.82804975
43726544084.78177 140054377154.48993 49040828.943752795
43724355412.61975 140054988135.66412 49036284.17255136
43722166742.763916 140055599078.99384 49031738.51460163
43719978075.215706 140056209984.48114 49027191.9700598
43717789409.97656 140056820852.12814 49022644.53908209
43715600747.04792 140057431681.93692 49018096.22182476
43713412086.43122 140058042473.90955 49013547.01844408
43711223428.1279 140058653228.04813 49008996.92909636
43709034772.1394 140059263944.35474 49004445.95393792
43706846118.46714 140059874622.83145 48999894.093125105
43704657467.11257 140060485263.48038 48995341.34681429
43702468818.07713 140061095866.3036 48990787.715161875
43700280171.36225 140061706431.3032 48986233.198324285
43698091526.96937 140062316958.48126 48981677.79645797
43695902884.89991 140062927447.8399 48977121.5097194
43693714245.15532 140063537899.3812 48972564.33826508
43691525607.73703 140064148313.1072 48968006.28225151
43689336972.64647 140064758689.02005 48963447.34183525
43687148339.88508 140065369027.1218 48958887.51717288
43684959709.454285 140065979327.41455 48954326.80842098
43682771081.35553 140066589589.9004 48949765.21573617
43680582455.59024 140067199814.5814 48945202.739275105
43678393832.15984 140067810001.45966 48940639.379194446
43676205211.06578 140068420150.5373 48936075.13565089
43674016592.30948 140069030261.81638 48931510.008801155
43671827975.89237 140069640335.29898 48926943.998801984
43669639361.81589 140070250370.9872 48922377.10581014
43667450750.08145 140070860368.88318 48917809.32998242
43665262140.690506 140071470328.98895 48913240.671475634
43663073533.64447 140072080251.3066 48908671.13044663
43660884928.94478 140072690135.83826 48904100.70705227
43658696326.59286 140073299982.58597 48899529.40144944
43656507726.59014 140073909791.55185 48894957.21379506
43654319128.93806 140074519562.738 48890384.144246064
43652130533.63803 140075129296.14648 48885810.19295942
43649941940.69149 140075738991.77942 48881235.36009211
43647753350.09986 140076348649.6389 48876659.64580116
43645564761.86457 140076958269.72696 48872083.05024359
43643376175.98705 140077567852.04575 48867505.573576465
43641187592.46873 140078177396.59735 48862927.21595688
43638999011.31102 140078786903.38385 48858347.97754194
43636810432.51536 140079396372.40735 48853767.858488776
43634621856.08317 140080005803.66992 48849186.85895456
43632433282.01588 140080615197.17368 48844604.979096465
43630244710.3149 140081224552.9207 48840022.2190717
43628056140.981674 140081833870.91306 48835438.57903751
43625867574.01762 140082443151.1529 48830854.05915114
43623679009.42415 140083052393.64227 48826268.65956988
43621490447.2027 140083661598.3833 48821682.38045103
43619301887.35468 140084270765.37805 48817095.221951924
43617113329.88153 140084879894.62863 48812507.18422992
43614924774.78467 140085488986.13712 48807918.26744239
43612736222.065506 140086098039.90564 48803328.47174675
43610547671.72547 140086707055.93625 48798737.79730042
43608359123.76599 140087316034.23108 48794146.24426086
43606170578.18848 140087924974.7922 48789553.81278555
43603982034.994354 140088533877.6217 48784960.503031984
43601793494.18504 140089142742.72168 48780366.3151577
43599604955.76196 140089751570.09424 48775771.24932024
43597416419.72653 140090360359.7415 48771175.30567718
43595227886.08017 140090969111.6655 48766578.48438613
43593039354.824295 140091577825.86838 48761980.78560471
43590850825.96033 140092186502.3522 48757382.20949057
43588662299.489685 140092795141.11908 48752782.75620138
43586473775.41379 140093403742.1711 48748182.42589484
43584285253.73405 140094012305.5104 48743581.21872868
43582096734.45188 140094620831.13904 48738979.134860635
43579908217.56871 140095229319.0591 48734376.17444849
43577719703.08595 140095837769.2727 48729772.33765004
43575531191.00502 140096446181.78192 48725167.6246231
43573342681.32733 140097054556.58887 48720562.035525516
43571154174.0543 140097662893.69565 48715955.57051516
43568965669.18734 140098271193.10434 48711348.22974993
43566777166.72787 140098879454.81705 48706740.01338774
43564588666.6773 140099487678.83588 48702130.92158653
43562400169.03705 140100095865.1629 48697520.954504274
43560211673.808525 140100704013.80026 48692910.112298965
43558023180.99315 140101312124.75003 48688298.395128615
43555834690.59233 140101920198.01428 48683685.803151265
43553646202.60748 140102528233.59515 48679072.336524986
43551457717.040016 140103136231.49472 48674457.995407864
43549269233.89134 140103744191.7151 48669842.77995802
43547080753.16287 140104352114.25836 48665226.690333575
43544892274.85602 140104959999.12662 48660609.726692714
43542703798.97219 140105567846.32196 48655991.88919361
43540515325.5128 140106175655.8465 48651373.17799448
43538326854.47926 140106783427.70233 48646753.59325357
43536138385.87298 140107391161.89154 48642133.135129124
43533949919.695366 140107998858.41626 48637511.80377944
43531761455.94783 140108606517.27856 48632889.59936282
43529572994.63178 140109214138.48056 48628266.52203761
43527384535.74863 140109821722.02435 48623642.57196216
43525196079.299774 140110429267.91202 48619017.74929486
43523007625.28663 140111036776.14566 48614392.054194115
43520819173.7106 140111644246.72742 48609765.48681835
43518630724.573105 140112251679.65936 48605138.04732603
43516442277.87554 140112859074.94357 48600509.73587563
43514253833.619316 140113466432.58218 48595880.552625656
43512065391.80583 140114073752.57727 48591250.49773464
43509876952.4365 140114681034.93097 48586619.57136115
43507688515.512726 140115288279.64536 48581987.77366374
43505500081.03591 140115895486.72253 48577355.10480102
43503311649.00746 140116502656.1646 48572721.56493163
43501123219.42879 140117109787.9737 48568087.15421422
43498934792.301285 140117716882.15186 48563451.87280746
43496746367.62636 140118323938.70123 48558815.72087005
43494557945.40542 140118930957.6239 48554178.698560715
43492369525.63986 140119537938.92197 48549540.80603821
43490181108.33109 140120144882.59753 48544902.0434613
43487992693.480515 140120751788.6527 48540262.41098879
43485804281.08953 140121358657.0896 48535621.90877951
43483615871.15954 140121965487.9103 48530980.5369923
43481427463.69194 140122572281.11694 48526338.29578602
43479239058.68814 140123179036.7116 48521695.18531959
43477050656.149536 140123785754.69638 48517051.20575191
43474862256.07753 140124392435.0734 48512406.357241936
43472673858.47352 140124999077.84473 48507760.63994863
43470485463.338905 140125605683.01248 48503114.05403099
43468297070.67509 140126212250.5788 48498466.599648036
43466108680.48347 140126818780.54575 48493818.27695881
43463920292.765434 140127425272.91544 48489169.08612237
43461731907.5224 140128031727.68997 48484519.02729782
43459543524.75575 140128638144.87146 48479868.10064427
43457355144.46689 140129244524.462 48475216.30632085
43455166766.65721 140129850866.4637 48470563.64448675
43452978391.32812 140130457170.8787 48465910.11530113
43450790018.481 140131063437.70905 48461255.71892322
43448601648.117256 140131669666.95688 48456600.45551225
43446413280.23828 140132275858.6243 48451944.325227484
43444224914.845474 140132882012.7134 48447287.32822821
43442036551.94022 140133488129.2263 48442629.46467374
43439848191.52393 140134094208.16507 48437970.73472341
43437659833.59799 140134700249.53186 48433311.13853657
43435471478.163795 140135306253.32877 48428650.676272616
43433283125.22273 140135912219.5579 48423989.34809095
43431094774.77621 140136518148.22134 48419327.154151
43428906426.8256 140137124039.32123 48414664.094612226
43426718081.372314 140137729892.85965 48410000.16963411
43424529738.41774 140138335708.8387 48405335.37937616
43422341397.963264 140138941487.26053 48400669.7239979
43420153060.010284 140139547228.1272 48396003.203658886
43417964724.56019 140140152931.44083 48391335.8185187
43415776391.614365 140140758597.20352 48386667.56873694
43413588061.17421 140141364225.41742 48381998.45447324
43411399733.24111 140141969816.0846 48377328.47588725
43409211407.81646 140142575369.20715 48372657.633138634
43407023084.90164 140143180884.78723 48367985.92638711
43404834764.49805 140143786362.8269 48363313.35579239
43402646446.60707 140144391803.3283 48358639.92151423
43400458131.230095 140144997206.29355 48353965.6237124
43398269818.368515 140145602571.72473 48349290.46254669
43396081508.02371 140146207899.62396 48344614.43817694
43393893200.197075 140146813189.99335 48339937.55076298
43391704894.88999 140147418442.835 48335259.80046469
43389516592.10385 140148023658.151 48330581.18744196
43387328291.840034 140148628835.94348 48325901.71185471
