2561596667519.3555 -4542620726826.329 -254878491031.05347
2561597033124.9663 -4542620615957.319 -254878608649.54785
2561597398730.5635 -4542620505088.286 -254878726268.0409
2561597764336.1475 -4542620394219.229 -254878843886.5326
2561598129941.718 -4542620283350.147 -254878961505.02295
2561598495547.275 -4542620172481.043 -254879079123.51196
2561598861152.8184 -4542620061611.914 -254879196741.99963
2561599226758.3486 -4542619950742.762 -254879314360.486
2561599592363.865 -4542619839873.585 -254879431978.971
2561599957969.3687 -4542619729004.385 -254879549597.45468
2561600323574.8584 -4542619618135.16 -254879667215.937
2561600689180.335 -4542619507265.912 -254879784834.418
2561601054785.798 -4542619396396.641 -254879902452.89764
2561601420391.247 -4542619285527.345 -254880020071.37595
2561601785996.683 -4542619174658.025 -254880137689.85294
2561602151602.1055 -4542619063788.682 -254880255308.32858
2561602517207.5146 -4542618952919.314 -254880372926.8029
2561602882812.91 -4542618842049.924 -254880490545.27585
2561603248418.2925 -4542618731180.509 -254880608163.74747
2561603614023.661 -4542618620311.07 -254880725782.21774
2561603979629.0166 -4542618509441.607 -254880843400.68668
2561604345234.3584 -4542618398572.121 -254880961019.1543
2561604710839.687 -4542618287702.61 -254881078637.62057
2561605076445.002 -4542618176833.076 -254881196256.0855
2561605442050.303 -4542618065963.519 -254881313874.5491
2561605807655.5913 -4542617955093.937 -254881431493.01135
2561606173260.8657 -4542617844224.331 -254881549111.47226
2561606538866.127 -4542617733354.701 -254881666729.93182
2561606904471.3745 -4542617622485.048 -254881784348.39008
2561607270076.609 -4542617511615.37 -254881901966.847
2561607635681.8296 -4542617400745.669 -254882019585.30255
2561608001287.037 -4542617289875.944 -254882137203.75677
2561608366892.231 -4542617179006.195 -254882254822.20966
2561608732497.4116 -4542617068136.423 -254882372440.6612
2561609098102.5786 -4542616957266.626 -254882490059.1114
2561609463707.732 -4542616846396.806 -254882607677.56027
2561609829312.872 -4542616735526.961 -254882725296.0078
2561610194917.9985 -4542616624657.093 -254882842914.454
2561610560523.112 -4542616513787.201 -254882960532.89886
2561610926128.2114 -4542616402917.285 -254883078151.34238
2561611291733.298 -4542616292047.346 -254883195769.78455
2561611657338.3706 -4542616181177.382 -254883313388.22537
2561612022943.43 -4542616070307.395 -254883431006.6649
2561612388548.476 -4542615959437.383 -254883548625.10306
2561612754153.509 -4542615848567.348 -254883666243.5399
2561613119758.528 -4542615737697.289 -254883783861.97537
2561613485363.533 -4542615626827.206 -254883901480.40952
2561613850968.5254 -4542615515957.1 -254884019098.84232
2561614216573.504 -4542615405086.969 -254884136717.27377
2561614582178.469 -4542615294216.814 -254884254335.70392
2561614947783.421 -4542615183346.636 -254884371954.13272
2561615313388.3594 -4542615072476.434 -254884489572.56018
2561615678993.284 -4542614961606.208 -254884607190.9863
2561616044598.196 -4542614850735.958 -254884724809.41107
2561616410203.0938 -4542614739865.685 -254884842427.8345
2561616775807.9785 -4542614628995.387 -254884960046.2566
2561617141412.8496 -4542614518125.065 -254885077664.67737
2561617507017.707 -4542614407254.72 -254885195283.0968
2561617872622.5513 -4542614296384.351 -254885312901.5149
2561618238227.382 -4542614185513.958 -254885430519.93164
2561618603832.199 -4542614074643.541 -254885548138.34705
2561618969437.003 -4542613963773.101 -254885665756.7611
2561619335041.7935 -4542613852902.636 -254885783375.17383
2561619700646.5703 -4542613742032.147 -254885900993.58524
2561620066251.334 -4542613631161.635 -254886018611.9953
2561620431856.084 -4542613520291.099 -254886136230.40402
2561620797460.821 -4542613409420.539 -254886253848.8114
2561621163065.544 -4542613298549.955 -254886371467.21744
2561621528670.2534 -4542613187679.348 -254886489085.62213
2561621894274.9497 -4542613076808.716 -254886606704.02548
2561622259879.6323 -4542612965938.061 -254886724322.42752
2561622625484.302 -4542612855067.382 -254886841940.82822
2561622991088.9575 -4542612744196.679 -254886959559.22757
2561623356693.6 -4542612633325.952 -254887077177.62558
2561623722298.229 -4542612522455.201 -254887194796.02225
2561624087902.8447 -4542612411584.427 -254887312414.41757
2561624453507.447 -4542612300713.628 -254887430032.81155
2561624819112.0356 -4542612189842.806 -254887547651.20422
2561625184716.611 -4542612078971.96 -254887665269.59555
2561625550321.1724 -4542611968101.09 -254887782887.98553
2561625915925.7207 -4542611857230.196 -254887900506.37418
2561626281530.2554 -4542611746359.278 -254888018124.76147
2561626647134.777 -4542611635488.337 -254888135743.14743
2561627012739.2847 -4542611524617.371 -254888253361.53204
2561627378343.7793 -4542611413746.382 -254888370979.91534
2561627743948.2603 -4542611302875.369 -254888488598.2973
2561628109552.728 -4542611192004.332 -254888606216.67792
2561628475157.182 -4542611081133.271 -254888723835.0572
2561628840761.623 -4542610970262.187 -254888841453.43512
2561629206366.0503 -4542610859391.078 -254888959071.8117
2561629571970.464 -4542610748519.945 -254889076690.18695
2561629937574.8643 -4542610637648.789 -254889194308.56088
2561630303179.251 -4542610526777.609 -254889311926.93347
2561630668783.6245 -4542610415906.405 -254889429545.30472
2561631034387.9844 -4542610305035.178 -254889547163.67462
2561631399992.331 -4542610194163.926 -254889664782.04318
2561631765596.664 -4542610083292.65 -254889782400.4104
2561632131200.984 -4542609972421.351 -254889900018.77628
2561632496805.29 -4542609861550.027 -254890017637.14084
2561632862409.583 -4542609750678.681 -254890135255.50406
2561633228013.8623 -4542609639807.31 -254890252873.86594
2561633593618.128 -4542609528935.915 -254890370492.22647
2561633959222.3804 -4542609418064.496 -254890488110.58566
2561634324826.619 -4542609307193.054 -254890605728.9435
2561634690430.8447 -4542609196321.587 -254890723347.30002
2561635056035.0566 -4542609085450.097 -254890840965.6552
2561635421639.2554 -4542608974578.583 -254890958584.00906
2561635787243.4404 -4542608863707.045 -254891076202.36157
2561636152847.6123 -4542608752835.483 -254891193820.71274
2561636518451.7705 -4542608641963.897 -254891311439.06256
2561636884055.9155 -4542608531092.288 -254891429057.41104
2561637249660.047 -4542608420220.654 -254891546675.75818
2561637615264.1646 -4542608309348.997 -254891664294.104
2561637980868.269 -4542608198477.316 -254891781912.4485
2561638346472.36 -4542608087605.611 -254891899530.79163
2561638712076.4375 -4542607976733.883 -254892017149.13342
2561639077680.5015 -4542607865862.13 -254892134767.47388
2561639443284.5522 -4542607754990.354 -254892252385.813
2561639808888.5894 -4542607644118.553 -254892370004.15076
2561640174492.6133 -4542607533246.729 -254892487622.4872
2561640540096.6235 -4542607422374.881 -254892605240.82233
2561640905700.6206 -4542607311503.009 -254892722859.1561
2561641271304.604 -4542607200631.113 -254892840477.48853
2561641636908.5737 -4542607089759.193 -254892958095.8196
2561642002512.5303 -4542606978887.25 -254893075714.14935
2561642368116.473 -4542606868015.283 -254893193332.47775
2561642733720.403 -4542606757143.292 -254893310950.80484
2561643099324.319 -4542606646271.277 -254893428569.13058
2561643464928.2217 -4542606535399.238 -254893546187.455
2561643830532.111 -4542606424527.176 -254893663805.77805
2561644196135.987 -4542606313655.089 -254893781424.09976
2561644561739.849 -4542606202782.979 -254893899042.42014
2561644927343.698 -4542606091910.845 -254894016660.73917
2561645292947.5337 -4542605981038.687 -254894134279.0569
2561645658551.3555 -4542605870166.505 -254894251897.37326
2561646024155.164 -4542605759294.299 -254894369515.6883
2561646389758.959 -4542605648422.069 -254894487134.00198
2561646755362.7407 -4542605537549.815 -254894604752.31433
2561647120966.509 -4542605426677.538 -254894722370.62534
2561647486570.2637 -4542605315805.237 -254894839988.935
2561647852174.005 -4542605204932.912 -254894957607.24335
2561648217777.733 -4542605094060.563 -254895075225.55035
2561648583381.4473 -4542604983188.19 -254895192843.85602
2561648948985.1484 -4542604872315.794 -254895310462.16034
2561649314588.836 -4542604761443.373 -254895428080.46332
2561649680192.51 -4542604650570.929 -254895545698.76495
2561650045796.1704 -4542604539698.461 -254895663317.06525
2561650411399.8174 -4542604428825.969 -254895780935.36423
2561650777003.451 -4542604317953.453 -254895898553.66187
2561651142607.0713 -4542604207080.913 -254896016171.95816
2561651508210.678 -4542604096208.35 -254896133790.2531
2561651873814.2715 -4542603985335.762 -254896251408.54672
2561652239417.8516 -4542603874463.15 -254896369026.839
2561652605021.418 -4542603763590.516 -254896486645.1299
2561652970624.971 -4542603652717.856 -254896604263.4195
2561653336228.5107 -4542603541845.174 -254896721881.70776
2561653701832.0366 -4542603430972.467 -254896839499.9947
2561654067435.5493 -4542603320099.736 -254896957118.28027
2561654433039.0483 -4542603209226.981 -254897074736.5645
2561654798642.534 -4542603098354.203 -254897192354.8474
2561655164246.0063 -4542602987481.401 -254897309973.12897
2561655529849.4653 -4542602876608.575 -254897427591.40918
2561655895452.9106 -4542602765735.726 -254897545209.68808
2561656261056.343 -4542602654862.852 -254897662827.96564
2561656626659.761 -4542602543989.954 -254897780446.24185
2561656992263.1665 -4542602433117.032 -254897898064.51672
2561657357866.558 -4542602322244.087 -254898015682.79025
2561657723469.936 -4542602211371.118 -254898133301.06244
2561658089073.301 -4542602100498.125 -254898250919.33328
2561658454676.652 -4542601989625.108 -254898368537.6028
2561658820279.9897 -4542601878752.067 -254898486155.871
2561659185883.314 -4542601767879.003 -254898603774.13785
2561659551486.625 -4542601657005.915 -254898721392.40335
2561659917089.9224 -4542601546132.803 -254898839010.6675
2561660282693.2065 -4542601435259.667 -254898956628.93033
2561660648296.477 -4542601324386.507 -254899074247.1918
2561661013899.7344 -4542601213513.323 -254899191865.45197
2561661379502.978 -4542601102640.115 -254899309483.7108
2561661745106.208 -4542600991766.884 -254899427101.96826
2561662110709.425 -4542600880893.629 -254899544720.2244
2561662476312.628 -4542600770020.35 -254899662338.4792
2561662841915.818 -4542600659147.047 -254899779956.73264
2561663207518.994 -4542600548273.72 -254899897574.98474
2561663573122.157 -4542600437400.369 -254900015193.23553
2561663938725.3066 -4542600326526.994 -254900132811.485
2561664304328.443 -4542600215653.596 -254900250429.7331
2561664669931.5654 -4542600104780.174 -254900368047.97986
2561665035534.6743 -4542599993906.728 -254900485666.22528
2561665401137.77 -4542599883033.258 -254900603284.46936
2561665766740.852 -4542599772159.764 -254900720902.7121
2561666132343.921 -4542599661286.246 -254900838520.95352
2561666497946.976 -4542599550412.704 -254900956139.1936
2561666863550.018 -4542599439539.139 -254901073757.43234
2561667229153.0464 -4542599328665.55 -254901191375.66974
2561667594756.0615 -4542599217791.937 -254901308993.9058
2561667960359.063 -4542599106918.3 -254901426612.1405
2561668325962.0513 -4542598996044.639 -254901544230.37387
2561668691565.026 -4542598885170.954 -254901661848.60593
2561669057167.987 -4542598774297.245 -254901779466.83664
2561669422770.9346 -4542598663423.513 -254901897085.066
2561669788373.8687 -4542598552549.757 -254902014703.29404
2561670153976.7896 -4542598441675.977 -254902132321.52072
2561670519579.697 -4542598330802.173 -254902249939.74606
2561670885182.591 -4542598219928.345 -254902367557.97006
2561671250785.471 -4542598109054.493 -254902485176.19272
2561671616388.3384 -4542597998180.617 -254902602794.41406
2561671981991.192 -4542597887306.718 -254902720412.63406
2561672347594.032 -4542597776432.795 -254902838030.85272
2561672713196.859 -4542597665558.848 -254902955649.07004
2561673078799.672 -4542597554684.877 -254903073267.286
2561673444402.4717 -4542597443810.882 -254903190885.50064
2561673810005.258 -4542597332936.863 -254903308503.71393
2561674175608.031 -4542597222062.82 -254903426121.9259
2561674541210.79 -4542597111188.754 -254903543740.13654
2561674906813.536 -4542597000314.664 -254903661358.34583
2561675272416.2686 -4542596889440.55 -254903778976.55377
2561675638018.988 -4542596778566.412 -254903896594.76038
2561676003621.6934 -4542596667692.25 -254904014212.96564
2561676369224.3857 -4542596556818.064 -254904131831.16956
2561676734827.0645 -4542596445943.855 -254904249449.37216
2561677100429.7295 -4542596335069.622 -254904367067.57343
2561677466032.3813 -4542596224195.365 -254904484685.77335
2561677831635.0195 -4542596113321.084 -254904602303.97192
2561678197237.6445 -4542596002446.779 -254904719922.16916
2561678562840.256 -4542595891572.45 -254904837540.36505
2561678928442.854 -4542595780698.098 -254904955158.5596
2561679294045.4385 -4542595669823.722 -254905072776.75284
2561679659648.01 -4542595558949.321 -254905190394.94473
2561680025250.5674 -4542595448074.897 -254905308013.13528
2561680390853.112 -4542595337200.449 -254905425631.3245
2561680756455.6426 -4542595226325.978 -254905543249.51236
2561681122058.1597 -4542595115451.481 -254905660867.69888
2561681487660.6636 -4542595004576.962 -254905778485.88406
2561681853263.154 -4542594893702.419 -254905896104.06793
2561682218865.631 -4542594782827.852 -254906013722.25046
2561682584468.094 -4542594671953.261 -254906131340.43164
2561682950070.5444 -4542594561078.6455 -254906248958.61148
2561683315672.981 -4542594450204.007 -254906366576.78998
2561683681275.4043 -4542594339329.344 -254906484194.96713
2561684046877.814 -4542594228454.657 -254906601813.14294
2561684412480.2104 -4542594117579.947 -254906719431.31744
2561684778082.5933 -4542594006705.213 -254906837049.4906
2561685143684.9624 -4542593895830.455 -254906954667.6624
2561685509287.3184 -4542593784955.673 -254907072285.8329
2561685874889.6606 -4542593674080.867 -254907189904.002
2561686240491.9897 -4542593563206.037 -254907307522.1698
2561686606094.305 -4542593452331.184 -254907425140.33624
2561686971696.6074 -4542593341456.307 -254907542758.50134
2561687337298.896 -4542593230581.405 -254907660376.66513
2561687702901.1714 -4542593119706.48 -254907777994.82758
2561688068503.433 -4542593008831.531 -254907895612.98868
2561688434105.6816 -4542592897956.559 -254908013231.14844
2561688799707.9165 -4542592787081.562 -254908130849.30685
2561689165310.1377 -4542592676206.541 -254908248467.46393
2561689530912.3457 -4542592565331.497 -254908366085.61966
2561689896514.54 -4542592454456.429 -254908483703.77408
2561690262116.721 -4542592343581.337 -254908601321.92715
2561690627718.8887 -4542592232706.221 -254908718940.0789
2561690993321.043 -4542592121831.081 -254908836558.22928
2561691358923.1836 -4542592010955.917 -254908954176.37833
2561691724525.311 -4542591900080.7295 -254909071794.52603
2561692090127.425 -4542591789205.519 -254909189412.6724
2561692455729.5254 -4542591678330.283 -254909307030.81744
2561692821331.6123 -4542591567455.024 -254909424648.96115
2561693186933.6855 -4542591456579.741 -254909542267.10352
2561693552535.7456 -4542591345704.435 -254909659885.24454
2561693918137.792 -4542591234829.1045 -254909777503.38422
2561694283739.825 -4542591123953.75 -254909895121.52255
2561694649341.8447 -4542591013078.372 -254910012739.65955
2561695014943.851 -4542590902202.97 -254910130357.79523
2561695380545.8438 -4542590791327.544 -254910247975.92957
2561695746147.823 -4542590680452.094 -254910365594.06256
2561696111749.789 -4542590569576.62 -254910483212.1942
2561696477351.7417 -4542590458701.123 -254910600830.32452
2561696842953.6807 -4542590347825.602 -254910718448.4535
2561697208555.606 -4542590236950.057 -254910836066.58112
2561697574157.518 -4542590126074.487 -254910953684.70743
2561697939759.4165 -4542590015198.895 -254911071302.8324
2561698305361.302 -4542589904323.277 -254911188920.95602
2561698670963.1733 -4542589793447.637 -254911306539.0783
2561699036565.0317 -4542589682571.973 -254911424157.19925
2561699402166.8765 -4542589571696.284 -254911541775.31885
2561699767768.708 -4542589460820.572 -254911659393.4371
2561700133370.526 -4542589349944.836 -254911777011.55402
2561700498972.3306 -4542589239069.076 -254911894629.66962
2561700864574.1216 -4542589128193.292 -254912012247.78387
2561701230175.899 -4542589017317.484 -254912129865.8968
2561701595777.663 -4542588906441.653 -254912247484.00836
2561701961379.4136 -4542588795565.798 -254912365102.1186
2561702326981.151 -4542588684689.919 -254912482720.22748
2561702692582.8745 -4542588573814.016 -254912600338.33502
2561703058184.585 -4542588462938.089 -254912717956.44125
2561703423786.2817 -4542588352062.138 -254912835574.54614
2561703789387.9653 -4542588241186.163 -254912953192.6497
2561704154989.6353 -4542588130310.165 -254913070810.7519
2561704520591.292 -4542588019434.143 -254913188428.85275
2561704886192.935 -4542587908558.097 -254913306046.95227
2561705251794.5645 -4542587797682.026 -254913423665.05045
2561705617396.1807 -4542587686805.933 -254913541283.1473
2561705982997.783 -4542587575929.814 -254913658901.24283
2561706348599.3726 -4542587465053.673 -254913776519.337
2561706714200.948 -4542587354177.508 -254913894137.42984
2561707079802.5107 -4542587243301.318 -254914011755.52133
2561707445404.0596 -4542587132425.105 -254914129373.61148
2561707811005.595 -4542587021548.868 -254914246991.7003
2561708176607.117 -4542586910672.607 -254914364609.78778
2561708542208.6255 -4542586799796.322 -254914482227.87393
2561708907810.1206 -4542586688920.014 -254914599845.95874
2561709273411.602 -4542586578043.682 -254914717464.0422
2561709639013.0703 -4542586467167.325 -254914835082.12433
2561710004614.525 -4542586356290.945 -254914952700.2051
2561710370215.9663 -4542586245414.541 -254915070318.28455
2561710735817.394 -4542586134538.113 -254915187936.36264
2561711101418.8086 -4542586023661.662 -254915305554.43942
2561711467020.2095 -4542585912785.187 -254915423172.51486
2561711832621.597 -4542585801908.6875 -254915540790.58896
2561712198222.971 -4542585691032.164 -254915658408.6617
2561712563824.3315 -4542585580155.617 -254915776026.73312
2561712929425.6787 -4542585469279.046 -254915893644.8032
2561713295027.012 -4542585358402.451 -254916011262.87192
2561713660628.3325 -4542585247525.833 -254916128880.93933
2561714026229.639 -4542585136649.19 -254916246499.0054
2561714391830.9326 -4542585025772.524 -254916364117.07013
2561714757432.2124 -4542584914895.834 -254916481735.1335
2561715123033.479 -4542584804019.12 -254916599353.19556
2561715488634.732 -4542584693142.382 -254916716971.25626
2561715854235.9717 -4542584582265.62 -254916834589.3156
2561716219837.1978 -4542584471388.835 -254916952207.37366
2561716585438.41 -4542584360512.025 -254917069825.43036
2561716951039.6094 -4542584249635.192 -254917187443.48572
2561717316640.795 -4542584138758.335 -254917305061.53973
2561717682241.9673 -4542584027881.454 -254917422679.5924
2561718047843.126 -4542583917004.549 -254917540297.64374
2561718413444.2715 -4542583806127.62 -254917657915.69373
2561718779045.4033 -4542583695250.668 -254917775533.7424
2561719144646.522 -4542583584373.691 -254917893151.78973
2561719510247.627 -4542583473496.691 -254918010769.83572
2561719875848.7188 -4542583362619.667 -254918128387.88037
2561720241449.797 -4542583251742.619 -254918246005.92368
2561720607050.8613 -4542583140865.547 -254918363623.96564
2561720972651.9126 -4542583029988.451 -254918481242.00626
2561721338252.95 -4542582919111.332 -254918598860.04553
2561721703853.9746 -4542582808234.188 -254918716478.0835
2561722069454.9854 -4542582697357.021 -254918834096.12012
2561722435055.983 -4542582586479.83 -254918951714.1554
2561722800656.967 -4542582475602.615 -254919069332.18933
2561723166257.9375 -4542582364725.376 -254919186950.22192
2561723531858.8945 -4542582253848.113 -254919304568.25317
2561723897459.8384 -4542582142970.827 -254919422186.28308
2561724263060.7686 -4542582032093.517 -254919539804.31168
2561724628661.685 -4542581921216.183 -254919657422.33893
2561724994262.5884 -4542581810338.824 -254919775040.36484
2561725359863.478 -4542581699461.442 -254919892658.3894
2561725725464.3545 -4542581588584.036 -254920010276.41263
2561726091065.2173 -4542581477706.606 -254920127894.4345
2561726456666.067 -4542581366829.153 -254920245512.45505
2561726822266.903 -4542581255951.676 -254920363130.47427
2561727187867.7256 -4542581145074.175 -254920480748.49216
2561727553468.5347 -4542581034196.649 -254920598366.5087
2561727919069.3306 -4542580923319.101 -254920715984.5239
2561728284670.113 -4542580812441.528 -254920833602.53775
2561728650270.8813 -4542580701563.932 -254920951220.55026
2561729015871.6367 -4542580590686.312 -254921068838.56143
2561729381472.3784 -4542580479808.667 -254921186456.57126
2561729747073.107 -4542580368930.999 -254921304074.57977
2561730112673.822 -4542580258053.307 -254921421692.58694
2561730478274.5234 -4542580147175.591 -254921539310.59277
2561730843875.2114 -4542580036297.852 -254921656928.59726
2561731209475.886 -4542579925420.088 -254921774546.6004
2561731575076.5474 -4542579814542.301 -254921892164.6022
2561731940677.1953 -4542579703664.489 -254922009782.60266
2561732306277.8296 -4542579592786.654 -254922127400.6018
2561732671878.45 -4542579481908.795 -254922245018.5996
2561733037479.0576 -4542579371030.912 -254922362636.59607
2561733403079.6514 -4542579260153.006 -254922480254.5912
2561733768680.232 -4542579149275.075 -254922597872.58496
2561734134280.799 -4542579038397.121 -254922715490.5774
2561734499881.3525 -4542578927519.143 -254922833108.56848
2561734865481.8926 -4542578816641.141 -254922950726.55826
2561735231082.4194 -4542578705763.114 -254923068344.5467
2561735596682.9326 -4542578594885.064 -254923185962.53378
2561735962283.4326 -4542578484006.991 -254923303580.51953
2561736327883.919 -4542578373128.894 -254923421198.50394
2561736693484.3916 -4542578262250.772 -254923538816.487
2561737059084.851 -4542578151372.627 -254923656434.46872
2561737424685.297 -4542578040494.458 -254923774052.4491
2561737790285.7295 -4542577929616.265 -254923891670.42816
2561738155886.1484 -4542577818738.048 -254924009288.40588
2561738521486.554 -4542577707859.808 -254924126906.38226
2561738887086.9463 -4542577596981.543 -254924244524.3573
2561739252687.325 -4542577486103.255 -254924362142.331
2561739618287.6904 -4542577375224.942 -254924479760.30334
2561739983888.042 -4542577264346.606 -254924597378.27435
2561740349488.3804 -4542577153468.246 -254924714996.24405
2561740715088.705 -4542577042589.862 -254924832614.2124
2561741080689.0166 -4542576931711.455 -254924950232.1794
2561741446289.3145 -4542576820833.023 -254925067850.14508
2561741811889.599 -4542576709954.568 -254925185468.1094
2561742177489.87 -4542576599076.089 -254925303086.0724
2561742543090.128 -4542576488197.586 -254925420704.03403
2561742908690.372 -4542576377319.059 -254925538321.99435
2561743274290.603 -4542576266440.508 -254925655939.95334
2561743639890.8203 -4542576155561.934 -254925773557.91098
2561744005491.024 -4542576044683.335 -254925891175.86728
2561744371091.2144 -4542575933804.713 -254926008793.82224
2561744736691.391 -4542575822926.066 -254926126411.77585
2561745102291.5547 -4542575712047.396 -254926244029.72812
2561745467891.7046 -4542575601168.703 -254926361647.67905
2561745833491.8413 -4542575490289.985 -254926479265.62866
2561746199091.9644 -4542575379411.244 -254926596883.57693
2561746564692.074 -4542575268532.479 -254926714501.52386
2561746930292.1704 -4542575157653.689 -254926832119.46945
2561747295892.2534 -4542575046774.876 -254926949737.4137
2561747661492.3228 -4542574935896.039 -254927067355.3566
2561748027092.3784 -4542574825017.179 -254927184973.29816
2561748392692.421 -4542574714138.294 -254927302591.2384
2561748758292.4497 -4542574603259.386 -254927420209.1773
2561749123892.4653 -4542574492380.453 -254927537827.11487
2561749489492.4673 -4542574381501.497 -254927655445.0511
2561749855092.456 -4542574270622.517 -254927773062.98596
2561750220692.431 -4542574159743.513 -254927890680.9195
2561750586292.393 -4542574048864.485 -254928008298.85168
2561750951892.3413 -4542573937985.434 -254928125916.78256
2561751317492.2764 -4542573827106.358 -254928243534.7121
2561751683092.1978 -4542573716227.259 -254928361152.6403
2561752048692.1055 -4542573605348.136 -254928478770.56714
2561752414292.0 -4542573494468.988 -254928596388.49265
2561752779891.881 -4542573383589.817 -254928714006.4168
2561753145491.7485 -4542573272710.623 -254928831624.33963
2561753511091.6025 -4542573161831.404 -254928949242.2611
2561753876691.4434 -4542573050952.162 -254929066860.18127
2561754242291.2705 -4542572940072.8955 -254929184478.1001
2561754607891.0845 -4542572829193.605 -254929302096.01758
2561754973490.885 -4542572718314.291 -254929419713.93372
2561755339090.672 -4542572607434.953 -254929537331.8485
2561755704690.4453 -4542572496555.592 -254929654949.76196
2561756070290.205 -4542572385676.206 -254929772567.67407
2561756435889.9517 -4542572274796.797 -254929890185.58487
2561756801489.6846 -4542572163917.363 -254930007803.49432
2561757167089.4043 -4542572053037.906 -254930125421.40244
2561757532689.1104 -4542571942158.425 -254930243039.3092
2561757898288.803 -4542571831278.92 -254930360657.21463
2561758263888.4824 -4542571720399.392 -254930478275.1187
2561758629488.1484 -4542571609519.839 -254930595893.02145
2561758995087.801 -4542571498640.263 -254930713510.92288
2561759360687.44 -4542571387760.662 -254930831128.82297
2561759726287.0654 -4542571276881.038 -254930948746.7217
2561760091886.6772 -4542571166001.391 -254931066364.6191
2561760457486.276 -4542571055121.719 -254931183982.51517
2561760823085.861 -4542570944242.023 -254931301600.40988
2561761188685.4326 -4542570833362.304 -254931419218.30325
2561761554284.9907 -4542570722482.561 -254931536836.19528
2561761919884.5356 -4542570611602.793 -254931654454.086
2561762285484.067 -4542570500723.002 -254931772071.97537
2561762651083.585 -4542570389843.1875 -254931889689.8634
2561763016683.0894 -4542570278963.349 -254932007307.7501
2561763382282.5806 -4542570168083.486 -254932124925.63544
2561763747882.058 -4542570057203.6 -254932242543.51944
2561764113481.522 -4542569946323.689 -254932360161.4021
2561764479080.9727 -4542569835443.755 -254932477779.28345
2561764844680.4097 -4542569724563.797 -254932595397.16345
2561765210279.8335 -4542569613683.815 -254932713015.0421
2561765575879.2437 -4542569502803.81 -254932830632.91943
2561765941478.6406 -4542569391923.78 -254932948250.7954
2561766307078.024 -4542569281043.727 -254933065868.67004
2561766672677.394 -4542569170163.649 -254933183486.54333
2561767038276.7505 -4542569059283.548 -254933301104.41528
2561767403876.0933 -4542568948403.423 -254933418722.28592
2561767769475.423 -4542568837523.274 -254933536340.1552
2561768135074.739 -4542568726643.102 -254933653958.02316
2561768500674.0415 -4542568615762.905 -254933771575.88977
2561768866273.3306 -4542568504882.685 -254933889193.75504
2561769231872.6064 -4542568394002.44 -254934006811.61896
2561769597471.8687 -4542568283122.172 -254934124429.48154
2561769963071.1177 -4542568172241.88 -254934242047.3428
2561770328670.353 -4542568061361.564 -254934359665.20273
2561770694269.575 -4542567950481.225 -254934477283.0613
2561771059868.7837 -4542567839600.861 -254934594900.91855
2561771425467.9785 -4542567728720.474 -254934712518.77444
2561771791067.16 -4542567617840.0625 -254934830136.629
2561772156666.328 -4542567506959.627 -254934947754.4822
2561772522265.483 -4542567396079.168 -254935065372.3341
2561772887864.624 -4542567285198.686 -254935182990.18466
2561773253463.752 -4542567174318.179 -254935300608.03387
2561773619062.866 -4542567063437.648 -254935418225.88174
2561773984661.9673 -4542566952557.094 -254935535843.72827
2561774350261.0547 -4542566841676.516 -254935653461.57346
2561774715860.129 -4542566730795.914 -254935771079.4173
2561775081459.1895 -4542566619915.288 -254935888697.2598
2561775447058.2363 -4542566509034.639 -254936006315.10098
2561775812657.27 -4542566398153.965 -254936123932.94083
2561776178256.29 -4542566287273.268 -254936241550.77933
2561776543855.297 -4542566176392.546 -254936359168.6165
2561776909454.29 -4542566065511.801 -254936476786.4523
2561777275053.27 -4542565954631.032 -254936594404.28677
2561777640652.2363 -4542565843750.239 -254936712022.1199
2561778006251.1895 -4542565732869.423 -254936829639.95172
2561778371850.129 -4542565621988.582 -254936947257.7822
2561778737449.055 -4542565511107.718 -254937064875.61133
2561779103047.968 -4542565400226.829 -254937182493.43912
2561779468646.8667 -4542565289345.917 -254937300111.26556
2561779834245.7524 -4542565178464.981 -254937417729.09067
2561780199844.6245 -4542565067584.021 -254937535346.91443
2561780565443.4834 -4542564956703.038 -254937652964.73685
2561780931042.3286 -4542564845822.03 -254937770582.55795
2561781296641.1606 -4542564734940.999 -254937888200.37772
2561781662239.979 -4542564624059.943 -254938005818.19614
2561782027838.784 -4542564513178.864 -254938123436.0132
2561782393437.5757 -4542564402297.762 -254938241053.82895
2561782759036.354 -4542564291416.635 -254938358671.64334
2561783124635.1187 -4542564180535.484 -254938476289.4564
2561783490233.8696 -4542564069654.31 -254938593907.26813
2561783855832.6074 -4542563958773.111 -254938711525.07852
2561784221431.3315 -4542563847891.889 -254938829142.88757
2561784587030.0425 -4542563737010.643 -254938946760.69528
2561784952628.7397 -4542563626129.373 -254939064378.50165
2561785318227.424 -4542563515248.079 -254939181996.30667
2561785683826.094 -4542563404366.762 -254939299614.11035
2561786049424.7515 -4542563293485.42 -254939417231.9127
2561786415023.395 -4542563182604.055 -254939534849.7137
2561786780622.0254 -4542563071722.665 -254939652467.5134
2561787146220.642 -4542562960841.252 -254939770085.31174
2561787511819.245 -4542562849959.815 -254939887703.10873
2561787877417.835 -4542562739078.3545 -254940005320.9044
2561788243016.411 -4542562628196.87 -254940122938.6987
2561788608614.974 -4542562517315.361 -254940240556.49167
2561788974213.5234 -4542562406433.829 -254940358174.28333
2561789339812.0596 -4542562295552.273 -254940475792.07364
2561789705410.582 -4542562184670.693 -254940593409.8626
2561790071009.0913 -4542562073789.09 -254940711027.65024
2561790436607.587 -4542561962907.462 -254940828645.43652
2561790802206.069 -4542561852025.811 -254940946263.22147
2561791167804.5376 -4542561741144.135 -254941063881.00507
2561791533402.9927 -4542561630262.436 -254941181498.78732
2561791899001.4346 -4542561519380.713 -254941299116.56827
2561792264599.863 -4542561408498.966 -254941416734.34787
2561792630198.278 -4542561297617.195 -254941534352.12613
2561792995796.679 -4542561186735.4 -254941651969.90305
2561793361395.0674 -4542561075853.582 -254941769587.67862
2561793726993.442 -4542560964971.739 -254941887205.45285
2561794092591.803 -4542560854089.873 -254942004823.22574
2561794458190.151 -4542560743207.983 -254942122440.9973
2561794823788.485 -4542560632326.069 -254942240058.76755
2561795189386.8057 -4542560521444.132 -254942357676.53644
2561795554985.113 -4542560410562.17 -254942475294.304
2561795920583.4067 -4542560299680.185 -254942592912.0702
2561796286181.687 -4542560188798.175 -254942710529.83505
2561796651779.954 -4542560077916.142 -254942828147.59857
2561797017378.2075 -4542559967034.085 -254942945765.36075
2561797382976.4478 -4542559856152.004 -254943063383.1216
2561797748574.6743 -4542559745269.899 -254943181000.88113
2561798114172.8877 -4542559634387.7705 -254943298618.6393
2561798479771.0874 -4542559523505.618 -254943416236.39615
2561798845369.2734 -4542559412623.441 -254943533854.15164
2561799210967.4463 -4542559301741.241 -254943651471.9058
2561799576565.6055 -4542559190859.018 -254943769089.6586
2561799942163.7515 -4542559079976.77 -254943886707.4101
2561800307761.884 -4542558969094.498 -254944004325.16025
2561800673360.003 -4542558858212.202 -254944121942.90906
2561801038958.1084 -4542558747329.883 -254944239560.65652
2561801404556.2007 -4542558636447.539 -254944357178.40265
2561801770154.2793 -4542558525565.172 -254944474796.14743
2561802135752.3447 -4542558414682.781 -254944592413.89087
2561802501350.3965 -4542558303800.366 -254944710031.63297
2561802866948.4346 -4542558192917.928 -254944827649.37375
2561803232546.4595 -4542558082035.465 -254944945267.1132
2561803598144.4707 -4542557971152.979 -254945062884.8513
2561803963742.4688 -4542557860270.469 -254945180502.58804
2561804329340.453 -4542557749387.935 -254945298120.32346
2561804694938.4243 -4542557638505.377 -254945415738.05753
2561805060536.382 -4542557527622.795 -254945533355.79025
2561805426134.326 -4542557416740.189 -254945650973.52167
2561805791732.257 -4542557305857.56 -254945768591.25174
2561806157330.1743 -4542557194974.906 -254945886208.98047
2561806522928.078 -4542557084092.2295 -254946003826.70786
2561806888525.9683 -4542556973209.528 -254946121444.4339
2561807254123.845 -4542556862326.804 -254946239062.1586
2561807619721.7085 -4542556751444.055 -254946356679.88196
2561807985319.5586 -4542556640561.282 -254946474297.60397
2561808350917.395 -4542556529678.485 -254946591915.32468
2561808716515.2183 -4542556418795.665 -254946709533.04404
2561809082113.028 -4542556307912.821 -254946827150.76205
2561809447710.824 -4542556197029.953 -254946944768.47873
2561809813308.607 -4542556086147.062 -254947062386.19406
2561810178906.3765 -4542555975264.1455 -254947180003.90805
2561810544504.1323 -4542555864381.206 -254947297621.6207
2561810910101.8745 -4542555753498.242 -254947415239.33203
2561811275699.6035 -4542555642615.255 -254947532857.04202
2561811641297.319 -4542555531732.244 -254947650474.75067
2561812006895.021 -4542555420849.209 -254947768092.45798
2561812372492.7095 -4542555309966.15 -254947885710.16394
2561812738090.385 -4542555199083.067 -254948003327.86856
2561813103688.0464 -4542555088199.961 -254948120945.57184
2561813469285.695 -4542554977316.83 -254948238563.27377
2561813834883.3296 -4542554866433.676 -254948356180.9744
2561814200480.9507 -4542554755550.498 -254948473798.67368
2561814566078.5586 -4542554644667.296 -254948591416.3716
2561814931676.153 -4542554533784.07 -254948709034.0682
2561815297273.734 -4542554422900.82 -254948826651.76346
2561815662871.3013 -4542554312017.547 -254948944269.45737
2561816028468.8555 -4542554201134.249 -254949061887.14993
2561816394066.396 -4542554090250.928 -254949179504.8412
2561816759663.9233 -4542553979367.583 -254949297122.5311
2561817125261.437 -4542553868484.214 -254949414740.21967
2561817490858.9375 -4542553757600.821 -254949532357.9069
2561817856456.4243 -4542553646717.404 -254949649975.59277
2561818222053.8975 -4542553535833.964 -254949767593.2773
2561818587651.3574 -4542553424950.5 -254949885210.9605
2561818953248.8037 -4542553314067.012 -254950002828.64236
2561819318846.237 -4542553203183.5 -254950120446.3229
2561819684443.6562 -4542553092299.964 -254950238064.0021
2561820050041.0625 -4542552981416.404 -254950355681.67996
2561820415638.455 -4542552870532.82 -254950473299.35648
2561820781235.8345 -4542552759649.213 -254950590917.03165
2561821146833.2 -4542552648765.582 -254950708534.70547
2561821512430.5527 -4542552537881.927 -254950826152.37796
2561821878027.8916 -4542552426998.248 -254950943770.04913
2561822243625.217 -4542552316114.545 -254951061387.71896
2561822609222.529 -4542552205230.818 -254951179005.38745
2561822974819.827 -4542552094347.067 -254951296623.0546
2561823340417.1123 -4542551983463.293 -254951414240.7204
2561823706014.384 -4542551872579.495 -254951531858.38486
2561824071611.642 -4542551761695.673 -254951649476.04797
2561824437208.8867 -4542551650811.827 -254951767093.70975
2561824802806.118 -4542551539927.957 -254951884711.3702
2561825168403.336 -4542551429044.063 -254952002329.02933
2561825534000.5405 -4542551318160.1455 -254952119946.6871
2561825899597.7314 -4542551207276.204 -254952237564.34354
2561826265194.9087 -4542551096392.239 -254952355181.99863
2561826630792.0728 -4542550985508.25 -254952472799.65237
2561826996389.223 -4542550874624.237 -254952590417.30478
2561827361986.3604 -4542550763740.2 -254952708034.95587
2561827727583.484 -4542550652856.14 -254952825652.60562
2561828093180.594 -4542550541972.055 -254952943270.25403
2561828458777.691 -4542550431087.946 -254953060887.9011
2561828824374.7744 -4542550320203.814 -254953178505.5468
2561829189971.844 -4542550209319.658 -254953296123.1912
2561829555568.901 -4542550098435.479 -254953413740.83423
2561829921165.944 -4542549987551.274 -254953531358.47592
2561830286762.973 -4542549876667.047 -254953648976.1163
2561830652359.9893 -4542549765782.795 -254953766593.75534
2561831017956.9917 -4542549654898.52 -254953884211.39304
2561831383553.981 -4542549544014.221 -254954001829.0294
2561831749150.9565 -4542549433129.897 -254954119446.6644
2561832114747.919 -4542549322245.551 -254954237064.29807
2561832480344.8677 -4542549211361.18 -254954354681.9304
2561832845941.803 -4542549100476.785 -254954472299.56137
2561833211538.725 -4542548989592.367 -254954589917.19104
2561833577135.6333 -4542548878707.925 -254954707534.81937
2561833942732.5283 -4542548767823.459 -254954825152.44635
2561834308329.4097 -4542548656938.969 -254954942770.072
2561834673926.278 -4542548546054.455 -254955060387.6963
2561835039523.1323 -4542548435169.917 -254955178005.31924
2561835405119.9736 -4542548324285.355 -254955295622.94086
2561835770716.8013 -4542548213400.7705 -254955413240.56116
2561836136313.6157 -4542548102516.161 -254955530858.1801
2561836501910.4165 -4542547991631.528 -254955648475.79773
2561836867507.204 -4542547880746.871 -254955766093.414
2561837233103.978 -4542547769862.19 -254955883711.02893
2561837598700.7383 -4542547658977.485 -254956001328.64252
2561837964297.4854 -4542547548092.757 -254956118946.25476
2561838329894.2188 -4542547437208.005 -254956236563.86566
2561838695490.939 -4542547326323.229 -254956354181.47525
2561839061087.6455 -4542547215438.429 -254956471799.0835
2561839426684.339 -4542547104553.6045 -254956589416.6904
2561839792281.0186 -4542546993668.757 -254956707034.29596
2561840157877.685 -4542546882783.885 -254956824651.90018
2561840523474.338 -4542546771898.989 -254956942269.50305
2561840889070.9775 -4542546661014.07 -254957059887.10458
2561841254667.6035 -4542546550129.127 -254957177504.7048
2561841620264.216 -4542546439244.16 -254957295122.30368
2561841985860.815 -4542546328359.169 -254957412739.9012
2561842351457.4004 -4542546217474.154 -254957530357.4974
2561842717053.9727 -4542546106589.115 -254957647975.09225
2561843082650.5312 -4542545995704.053 -254957765592.68576
2561843448247.0767 -4542545884818.967 -254957883210.27792
2561843813843.6084 -4542545773933.856 -254958000827.86874
2561844179440.127 -4542545663048.723 -254958118445.45825
2561844545036.632 -4542545552163.564 -254958236063.04642
2561844910633.1235 -4542545441278.383 -254958353680.63324
2561845276229.6016 -4542545330393.177 -254958471298.21872
2561845641826.066 -4542545219507.947 -254958588915.80286
2561846007422.517 -4542545108622.694 -254958706533.38565
2561846373018.9546 -4542544997737.417 -254958824150.9671
2561846738615.379 -4542544886852.116 -254958941768.5472
2561847104211.7896 -4542544775966.791 -254959059386.126
2561847469808.187 -4542544665081.442 -254959177003.70346
2561847835404.571 -4542544554196.07 -254959294621.27957
2561848201000.9414 -4542544443310.674 -254959412238.85434
2561848566597.2983 -4542544332425.254 -254959529856.42776
2561848932193.6416 -4542544221539.81 -254959647473.99985
2561849297789.9717 -4542544110654.342 -254959765091.5706
2561849663386.288 -4542543999768.85 -254959882709.14
2561850028982.5913 -4542543888883.334 -254960000326.7081
2561850394578.881 -4542543777997.795 -254960117944.27484
2561850760175.157 -4542543667112.231 -254960235561.84024
2561851125771.42 -4542543556226.645 -254960353179.4043
2561851491367.6694 -4542543445341.033 -254960470796.967
2561851856963.9053 -4542543334455.398 -254960588414.52838
2561852222560.128 -4542543223569.739 -254960706032.0884
2561852588156.337 -4542543112684.057 -254960823649.64713
2561852953752.532 -4542543001798.351 -254960941267.2045
2561853319348.7144 -4542542890912.62 -254961058884.76053
2561853684944.883 -4542542780026.866 -254961176502.31522
2561854050541.038 -4542542669141.088 -254961294119.86856
2561854416137.1797 -4542542558255.286 -254961411737.42056
2561854781733.308 -4542542447369.46 -254961529354.97122
2561855147329.423 -4542542336483.61 -254961646972.52054
2561855512925.5244 -4542542225597.737 -254961764590.06854
2561855878521.6123 -4542542114711.84 -254961882207.6152
2561856244117.687 -4542542003825.919 -254961999825.16052
2561856609713.748 -4542541892939.974 -254962117442.7045
2561856975309.7954 -4542541782054.005 -254962235060.24713
2561857340905.8296 -4542541671168.012 -254962352677.78842
2561857706501.85 -4542541560281.995 -254962470295.32837
2561858072097.8574 -4542541449395.955 -254962587912.867
2561858437693.851 -4542541338509.891 -254962705530.4043
2561858803289.8315 -4542541227623.803 -254962823147.94025
2561859168885.7983 -4542541116737.69 -254962940765.47485
2561859534481.752 -4542541005851.555 -254963058383.00812
2561859900077.692 -4542540894965.3955 -254963176000.54004
2561860265673.6187 -4542540784079.212 -254963293618.07062
2561860631269.5317 -4542540673193.005 -254963411235.59985
2561860996865.431 -4542540562306.773 -254963528853.12778
2561861362461.3174 -4542540451420.519 -254963646470.65436
2561861728057.19 -4542540340534.239 -254963764088.1796
2561862093653.0493 -4542540229647.937 -254963881705.7035
2561862459248.895 -4542540118761.61 -254963999323.22604
2561862824844.7275 -4542540007875.26 -254964116940.74725
2561863190440.5464 -4542539896988.886 -254964234558.26712
2561863556036.352 -4542539786102.487 -254964352175.78564
2561863921632.144 -4542539675216.065 -254964469793.30286
2561864287227.923 -4542539564329.619 -254964587410.81873
2561864652823.688 -4542539453443.149 -254964705028.33325
2561865018419.4395 -4542539342556.656 -254964822645.84644
2561865384015.1777 -4542539231670.139 -254964940263.35828
2561865749610.9023 -4542539120783.598 -254965057880.86877
2561866115206.614 -4542539009897.032 -254965175498.37793
2561866480802.3115 -4542538899010.443 -254965293115.88577
2561866846397.996 -4542538788123.83 -254965410733.39227
2561867211993.667 -4542538677237.193 -254965528350.89743
2561867577589.3247 -4542538566350.533 -254965645968.40125
2561867943184.9688 -4542538455463.849 -254965763585.90372
2561868308780.599 -4542538344577.141 -254965881203.40485
2561868674376.2163 -4542538233690.408 -254965998820.90463
2561869039971.82 -4542538122803.652 -254966116438.40308
2561869405567.41 -4542538011916.872 -254966234055.9002
2561869771162.987 -4542537901030.068 -254966351673.396
2561870136758.5503 -4542537790143.241 -254966469290.89044
2561870502354.1 -4542537679256.39 -254966586908.38354
2561870867949.6367 -4542537568369.515 -254966704525.8753
2561871233545.1597 -4542537457482.615 -254966822143.36572
2561871599140.6694 -4542537346595.692 -254966939760.8548
2561871964736.1655 -4542537235708.745 -254967057378.34253
2561872330331.648 -4542537124821.774 -254967174995.82895
2561872695927.117 -4542537013934.78 -254967292613.31403
2561873061522.5728 -4542536903047.762 -254967410230.79776
2561873427118.015 -4542536792160.72 -254967527848.28015
2561873792713.444 -4542536681273.653 -254967645465.7612
2561874158308.8594 -4542536570386.563 -254967763083.2409
2561874523904.261 -4542536459499.45 -254967880700.71927
2561874889499.65 -4542536348612.3125 -254967998318.19632
2561875255095.025 -4542536237725.151 -254968115935.67203
2561875620690.3867 -4542536126837.966 -254968233553.1464
2561875986285.735 -4542536015950.757 -254968351170.61942
2561876351881.0693 -4542535905063.523 -254968468788.0911
2561876717476.3906 -4542535794176.267 -254968586405.56143
2561877083071.698 -4542535683288.986 -254968704023.03043
2561877448666.9927 -4542535572401.682 -254968821640.49808
2561877814262.2734 -4542535461514.354 -254968939257.96442
2561878179857.541 -4542535350627.001 -254969056875.4294
2561878545452.795 -4542535239739.625 -254969174492.89307
2561878911048.0356 -4542535128852.225 -254969292110.35538
2561879276643.2627 -4542535017964.801 -254969409727.81635
2561879642238.4766 -4542534907077.354 -254969527345.27597
2561880007833.677 -4542534796189.882 -254969644962.73425
2561880373428.8633 -4542534685302.387 -254969762580.1912
2561880739024.0366 -4542534574414.867 -254969880197.64682
2561881104619.1963 -4542534463527.324 -254969997815.1011
2561881470214.343 -4542534352639.757 -254970115432.55405
2561881835809.4756 -4542534241752.166 -254970233050.00565
2561882201404.595 -4542534130864.552 -254970350667.4559
2561882566999.701 -4542534019976.913 -254970468284.90482
2561882932594.794 -4542533909089.251 -254970585902.3524
2561883298189.873 -4542533798201.564 -254970703519.7986
2561883663784.9385 -4542533687313.8545 -254970821137.24353
2561884029379.9907 -4542533576426.12 -254970938754.6871
2561884394975.0293 -4542533465538.362 -254971056372.12933
2561884760570.0547 -4542533354650.581 -254971173989.57022
2561885126165.0664 -4542533243762.775 -254971291607.00977
2561885491760.065 -4542533132874.946 -254971409224.44797
2561885857355.05 -4542533021987.093 -254971526841.88483
2561886222950.0215 -4542532911099.216 -254971644459.32037
2561886588544.9795 -4542532800211.315 -254971762076.75458
2561886954139.9243 -4542532689323.391 -254971879694.18744
2561887319734.8555 -4542532578435.442 -254971997311.61896
2561887685329.773 -4542532467547.47 -254972114929.04913
2561888050924.6772 -4542532356659.474 -254972232546.47797
2561888416519.568 -4542532245771.453 -254972350163.90546
2561888782114.4453 -4542532134883.409 -254972467781.3316
2561889147709.309 -4542532023995.342 -254972585398.75644
2561889513304.1597 -4542531913107.25 -254972703016.17993
2561889878898.9966 -4542531802219.135 -254972820633.60208
2561890244493.8203 -4542531691330.995 -254972938251.0229
2561890610088.6304 -4542531580442.832 -254973055868.44235
2561890975683.4272 -4542531469554.645 -254973173485.86047
2561891341278.2104 -4542531358666.434 -254973291103.27725
2561891706872.98 -4542531247778.199 -254973408720.6927
2561892072467.7363 -4542531136889.94 -254973526338.1068
2561892438062.479 -4542531026001.658 -254973643955.5196
2561892803657.2085 -4542530915113.352 -254973761572.93103
2561893169251.9243 -4542530804225.021 -254973879190.34113
2561893534846.627 -4542530693336.667 -254973996807.74988
2561893900441.316 -4542530582448.289 -254974114425.1573
2561894266035.9917 -4542530471559.888 -254974232042.56335
2561894631630.654 -4542530360671.462 -254974349659.96808
2561894997225.3027 -4542530249783.013 -254974467277.3715
2561895362819.938 -4542530138894.539 -254974584894.77356
2561895728414.5596 -4542530028006.042 -254974702512.1743
2561896094009.168 -4542529917117.5205 -254974820129.57367
2561896459603.7627 -4542529806228.976 -254974937746.9717
2561896825198.344 -4542529695340.407 -254975055364.3684
2561897190792.912 -4542529584451.814 -254975172981.76376
2561897556387.467 -4542529473563.198 -254975290599.1578
2561897921982.008 -4542529362674.558 -254975408216.5505
2561898287576.5356 -4542529251785.894 -254975525833.94186
2561898653171.05 -4542529140897.205 -254975643451.33188
2561899018765.5503 -4542529030008.493 -254975761068.72055
2561899384360.0376 -4542528919119.758 -254975878686.10788
2561899749954.511 -4542528808230.998 -254975996303.49387
2561900115548.9717 -4542528697342.215 -254976113920.8785
2561900481143.4185 -4542528586453.407 -254976231538.26184
2561900846737.852 -4542528475564.576 -254976349155.64383
2561901212332.272 -4542528364675.722 -254976466773.02448
2561901577926.6787 -4542528253786.843 -254976584390.40378
2561901943521.072 -4542528142897.94 -254976702007.78174
2561902309115.4517 -4542528032009.014 -254976819625.15836
2561902674709.818 -4542527921120.063 -254976937242.53363
2561903040304.1704 -4542527810231.089 -254977054859.90756
2561903405898.51 -4542527699342.091 -254977172477.28018
2561903771492.8354 -4542527588453.069 -254977290094.65146
2561904137087.148 -4542527477564.023 -254977407712.0214
2561904502681.447 -4542527366674.954 -254977525329.38998
2561904868275.7324 -4542527255785.86 -254977642946.75723
2561905233870.0044 -4542527144896.743 -254977760564.12314
2561905599464.263 -4542527034007.602 -254977878181.4877
2561905965058.5083 -4542526923118.437 -254977995798.85092
2561906330652.74 -4542526812229.248 -254978113416.21283
2561906696246.9585 -4542526701340.035 -254978231033.5734
2561907061841.163 -4542526590450.799 -254978348650.93262
2561907427435.3545 -4542526479561.538 -254978466268.2905
2561907793029.532 -4542526368672.254 -254978583885.64703
2561908158623.697 -4542526257782.945 -254978701503.00223
2561908524217.8477 -4542526146893.613 -254978819120.35608
2561908889811.9854 -4542526036004.258 -254978936737.7086
2561909255406.1094 -4542525925114.878 -254979054355.05978
2561909621000.22 -4542525814225.475 -254979171972.40964
2561909986594.3174 -4542525703336.047 -254979289589.75815
2561910352188.4014 -4542525592446.596 -254979407207.10532
2561910717782.4717 -4542525481557.12 -254979524824.45114
2561911083376.5283 -4542525370667.621 -254979642441.79562
2561911448970.572 -4542525259778.099 -254979760059.13876
2561911814564.6016 -4542525148888.552 -254979877676.4806
2561912180158.618 -4542525037998.981 -254979995293.82108
2561912545752.621 -4542524927109.387 -254980112911.16022
2561912911346.611 -4542524816219.769 -254980230528.49802
2561913276940.587 -4542524705330.127 -254980348145.83447
2561913642534.55 -4542524594440.461 -254980465763.1696
2561914008128.499 -4542524483550.771 -254980583380.50336
2561914373722.4346 -4542524372661.058 -254980700997.8358
2561914739316.357 -4542524261771.32 -254980818615.1669
2561915104910.2656 -4542524150881.559 -254980936232.49667
2561915470504.161 -4542524039991.773 -254981053849.8251
2561915836098.043 -4542523929101.965 -254981171467.1522
2561916201691.9116 -4542523818212.132 -254981289084.47794
2561916567285.7666 -4542523707322.275 -254981406701.80234
2561916932879.6084 -4542523596432.395 -254981524319.1254
2561917298473.4365 -4542523485542.49 -254981641936.4471
2561917664067.2515 -4542523374652.562 -254981759553.76752
2561918029661.0527 -4542523263762.609 -254981877171.08658
2561918395254.8403 -4542523152872.634 -254981994788.4043
2561918760848.6147 -4542523041982.634 -254982112405.72067
2561919126442.3755 -4542522931092.61 -254982230023.0357
2561919492036.123 -4542522820202.5625 -254982347640.3494
2561919857629.857 -4542522709312.491 -254982465257.66174
2561920223223.5776 -4542522598422.3955 -254982582874.97275
2561920588817.2847 -4542522487532.276 -254982700492.28244
2561920954410.9785 -4542522376642.134 -254982818109.5908
2561921320004.6587 -4542522265751.967 -254982935726.8978
2561921685598.3257 -4542522154861.776 -254983053344.20346
2561922051191.979 -4542522043971.562 -254983170961.50778
2561922416785.6187 -4542521933081.323 -254983288578.81076
2561922782379.245 -4542521822191.061 -254983406196.1124
2561923147972.858 -4542521711300.774 -254983523813.4127
2561923513566.4575 -4542521600410.465 -254983641430.71167
2561923879160.0435 -4542521489520.131 -254983759048.0093
2561924244753.616 -4542521378629.773 -254983876665.3056
2561924610347.1753 -4542521267739.392 -254983994282.60056
2561924975940.721 -4542521156848.986 -254984111899.89417
2561925341534.2534 -4542521045958.558 -254984229517.18643
2561925707127.772 -4542520935068.1045 -254984347134.47736
2561926072721.2773 -4542520824177.628 -254984464751.76694
2561926438314.769 -4542520713287.127 -254984582369.0552
2561926803908.2476 -4542520602396.603 -254984699986.34213
2561927169501.7124 -4542520491506.054 -254984817603.62772
2561927535095.164 -4542520380615.481 -254984935220.91196
2561927900688.602 -4542520269724.886 -254985052838.19485
2561928266282.027 -4542520158834.266 -254985170455.4764
2561928631875.438 -4542520047943.622 -254985288072.75662
2561928997468.836 -4542519937052.954 -254985405690.03552
2561929363062.22 -4542519826162.263 -254985523307.31308
2561929728655.591 -4542519715271.547 -254985640924.5893
2561930094248.948 -4542519604380.808 -254985758541.86417
2561930459842.292 -4542519493490.045 -254985876159.1377
2561930825435.6226 -4542519382599.258 -254985993776.40988
2561931191028.9395 -4542519271708.447 -254986111393.68073
2561931556622.243 -4542519160817.612 -254986229010.95023
2561931922215.533 -4542519049926.754 -254986346628.2184
2561932287808.81 -4542518939035.871 -254986464245.48526
2561932653402.073 -4542518828144.965 -254986581862.75076
2561933018995.323 -4542518717254.035 -254986699480.01492
2561933384588.5596 -4542518606363.081 -254986817097.27774
2561933750181.782 -4542518495472.104 -254986934714.5392
2561934115774.9917 -4542518384581.102 -254987052331.79935
2561934481368.1875 -4542518273690.076 -254987169949.05814
2561934846961.37 -4542518162799.026 -254987287566.3156
2561935212554.539 -4542518051907.953 -254987405183.57175
2561935578147.695 -4542517941016.856 -254987522800.82654
2561935943740.837 -4542517830125.735 -254987640418.08
2561936309333.966 -4542517719234.591 -254987758035.3321
2561936674927.081 -4542517608343.422 -254987875652.58286
2561937040520.183 -4542517497452.2295 -254987993269.83228
2561937406113.2715 -4542517386561.014 -254988110887.08035
2561937771706.346 -4542517275669.773 -254988228504.32712
2561938137299.4077 -4542517164778.51 -254988346121.57254
2561938502892.4556 -4542517053887.222 -254988463738.81662
2561938868485.49 -4542516942995.91 -254988581356.05936
2561939234078.511 -4542516832104.574 -254988698973.30075
2561939599671.519 -4542516721213.215 -254988816590.5408
2561939965264.513 -4542516610321.832 -254988934207.7795
2561940330857.494 -4542516499430.425 -254989051825.01688
2561940696450.4614 -4542516388538.994 -254989169442.25293
2561941062043.415 -4542516277647.539 -254989287059.48764
2561941427636.3555 -4542516166756.061 -254989404676.721
2561941793229.282 -4542516055864.558 -254989522293.95303
2561942158822.196 -4542515944973.031 -254989639911.18372
2561942524415.0957 -4542515834081.481 -254989757528.41306
2561942890007.9824 -4542515723189.907 -254989875145.64105
2561943255600.8555 -4542515612298.31 -254989992762.8677
2561943621193.7153 -4542515501406.6875 -254990110380.09305
2561943986786.5615 -4542515390515.042 -254990227997.31705
2561944352379.3945 -4542515279623.372 -254990345614.5397
2561944717972.214 -4542515168731.679 -254990463231.76102
2561945083565.0195 -4542515057839.962 -254990580848.981
2561945449157.812 -4542514946948.221 -254990698466.19962
2561945814750.591 -4542514836056.456 -254990816083.4169
2561946180343.3564 -4542514725164.667 -254990933700.63284
2561946545936.1084 -4542514614272.8545 -254991051317.84747
2561946911528.847 -4542514503381.018 -254991168935.06076
2561947277121.5723 -4542514392489.157 -254991286552.2727
2561947642714.284 -4542514281597.273 -254991404169.4833
2561948008306.9824 -4542514170705.365 -254991521786.69257
2561948373899.6675 -4542514059813.434 -254991639403.90048
2561948739492.339 -4542513948921.478 -254991757021.10706
2561949105084.9966 -4542513838029.498 -254991874638.3123
2561949470677.641 -4542513727137.495 -254991992255.5162
2561949836270.272 -4542513616245.468 -254992109872.71878
2561950201862.8896 -4542513505353.417 -254992227489.92
2561950567455.4937 -4542513394461.342 -254992345107.1199
2561950933048.0845 -4542513283569.243 -254992462724.31845
2561951298640.6616 -4542513172677.12 -254992580341.51566
2561951664233.2256 -4542513061784.974 -254992697958.71152
2561952029825.776 -4542512950892.804 -254992815575.90604
2561952395418.3125 -4542512840000.609 -254992933193.09924
2561952761010.836 -4542512729108.392 -254993050810.2911
2561953126603.3457 -4542512618216.149 -254993168427.48163
2561953492195.8423 -4542512507323.884 -254993286044.6708
2561953857788.325 -4542512396431.594 -254993403661.85864
2561954223380.795 -4542512285539.28 -254993521279.04514
2561954588973.251 -4542512174646.943 -254993638896.2303
2561954954565.694 -4542512063754.582 -254993756513.4141
2561955320158.123 -4542511952862.197 -254993874130.5966
2561955685750.539 -4542511841969.788 -254993991747.77774
2561956051342.9414 -4542511731077.355 -254994109364.95755
2561956416935.33 -4542511620184.898 -254994226982.13602
2561956782527.7056 -4542511509292.418 -254994344599.31314
2561957148120.0674 -4542511398399.914 -254994462216.48892
2561957513712.416 -4542511287507.386 -254994579833.66336
2561957879304.751 -4542511176614.834 -254994697450.83646
2561958244897.0728 -4542511065722.258 -254994815068.00824
2561958610489.381 -4542510954829.658 -254994932685.17868
2561958976081.676 -4542510843937.034 -254995050302.34778
2561959341673.957 -4542510733044.387 -254995167919.51553
2561959707266.225 -4542510622151.716 -254995285536.68195
2561960072858.4795 -4542510511259.0205 -254995403153.84702
2561960438450.72 -4542510400366.302 -254995520771.01074
2561960804042.9478 -4542510289473.559 -254995638388.17313
2561961169635.1616 -4542510178580.792 -254995756005.3342
2561961535227.3623 -4542510067688.002 -254995873622.49393
2561961900819.5493 -4542509956795.1875 -254995991239.6523
2561962266411.723 -4542509845902.35 -254996108856.80936
2561962632003.8833 -4542509735009.487 -254996226473.96506
2561962997596.0303 -4542509624116.602 -254996344091.11942
2561963363188.1636 -4542509513223.691 -254996461708.27243
2561963728780.2837 -4542509402330.758 -254996579325.4241
2561964094372.39 -4542509291437.801 -254996696942.57446
2561964459964.483 -4542509180544.819 -254996814559.72348
2561964825556.5625 -4542509069651.814 -254996932176.87115
2561965191148.6284 -4542508958758.785 -254997049794.0175
2561965556740.681 -4542508847865.732 -254997167411.16248
2561965922332.72 -4542508736972.655 -254997285028.30612
2561966287924.746 -4542508626079.555 -254997402645.44843
2561966653516.7583 -4542508515186.431 -254997520262.5894
2561967019108.7573 -4542508404293.282 -254997637879.72903
2561967384700.7427 -4542508293400.11 -254997755496.86734
2561967750292.7144 -4542508182506.914 -254997873114.0043
2561968115884.673 -4542508071613.694 -254997990731.13992
2561968481476.6177 -4542507960720.45 -254998108348.2742
2561968847068.5493 -4542507849827.183 -254998225965.40714
2561969212660.4673 -4542507738933.892 -254998343582.53873
2561969578252.372 -4542507628040.576 -254998461199.66898
2561969943844.263 -4542507517147.237 -254998578816.7979
2561970309436.141 -4542507406253.874 -254998696433.9255
2561970675028.0054 -4542507295360.487 -254998814051.05176
2561971040619.8564 -4542507184467.076 -254998931668.17667
2561971406211.694 -4542507073573.642 -254999049285.30023
2561971771803.5176 -4542506962680.184 -254999166902.42245
2561972137395.328 -4542506851786.701 -254999284519.54333
2561972502987.125 -4542506740893.195 -254999402136.66287
2561972868578.9087 -4542506629999.665 -254999519753.7811
2561973234170.6787 -4542506519106.111 -254999637370.89798
2561973599762.4355 -4542506408212.534 -254999754988.01352
2561973965354.1787 -4542506297318.933 -254999872605.12772
2561974330945.9087 -4542506186425.308 -254999990222.24057
2561974696537.625 -4542506075531.658 -255000107839.35208
2561975062129.328 -4542505964637.985 -255000225456.46225
2561975427721.0176 -4542505853744.288 -255000343073.57108
2561975793312.6934 -4542505742850.567 -255000460690.6786
2561976158904.356 -4542505631956.823 -255000578307.78476
2561976524496.005 -4542505521063.055 -255000695924.8896
2561976890087.6406 -4542505410169.263 -255000813541.99307
2561977255679.2627 -4542505299275.446 -255000931159.0952
2561977621270.8716 -4542505188381.606 -255001048776.196
2561977986862.467 -4542505077487.742 -255001166393.29547
2561978352454.049 -4542504966593.8545 -255001284010.3936
2561978718045.617 -4542504855699.943 -255001401627.4904
2561979083637.172 -4542504744806.008 -255001519244.58585
2561979449228.7134 -4542504633912.049 -255001636861.67996
2561979814820.241 -4542504523018.065 -255001754478.77274
2561980180411.756 -4542504412124.059 -255001872095.86417
2561980546003.257 -4542504301230.027 -255001989712.95425
2561980911594.7446 -4542504190335.973 -255002107330.043
2561981277186.2188 -4542504079441.895 -255002224947.1304
2561981642777.6797 -4542503968547.792 -255002342564.2165
2561982008369.127 -4542503857653.666 -255002460181.30124
2561982373960.561 -4542503746759.516 -255002577798.38464
2561982739551.9814 -4542503635865.342 -255002695415.4667
2561983105143.388 -4542503524971.144 -255002813032.54742
2561983470734.7817 -4542503414076.922 -255002930649.6268
2561983836326.1616 -4542503303182.677 -255003048266.70483
2561984201917.5283 -4542503192288.407 -255003165883.78152
2561984567508.8813 -4542503081394.114 -255003283500.8569
2561984933100.221 -4542502970499.797 -255003401117.93094
2561985298691.5474 -4542502859605.456 -255003518735.00363
2561985664282.8604 -4542502748711.092 -255003636352.07498
2561986029874.1597 -4542502637816.703 -255003753969.145
2561986395465.446 -4542502526922.291 -255003871586.21365
2561986761056.7183 -4542502416027.8545 -255003989203.28098
2561987126647.977 -4542502305133.395 -255004106820.34695
2561987492239.2227 -4542502194238.91 -255004224437.41162
2561987857830.4546 -4542502083344.402 -255004342054.47495
2561988223421.6733 -4542501972449.871 -255004459671.53693
2561988589012.8784 -4542501861555.315 -255004577288.59756
2561988954604.0703 -4542501750660.736 -255004694905.65686
2561989320195.2485 -4542501639766.133 -255004812522.7148
2561989685786.4136 -4542501528871.506 -255004930139.77142
2561990051377.565 -4542501417976.8545 -255005047756.8267
2561990416968.7026 -4542501307082.18 -255005165373.88065
2561990782559.827 -4542501196187.481 -255005282990.93326
2561991148150.938 -4542501085292.759 -255005400607.98453
2561991513742.0356 -4542500974398.013 -255005518225.03445
2561991879333.1196 -4542500863503.242 -255005635842.08304
2561992244924.1904 -4542500752608.448 -255005753459.13028
2561992610515.2476 -4542500641713.63 -255005871076.17618
2561992976106.2915 -4542500530818.788 -255005988693.22073
2561993341697.322 -4542500419923.923 -255006106310.26398
2561993707288.339 -4542500309029.033 -255006223927.30588
2561994072879.3423 -4542500198134.12 -255006341544.34644
2561994438470.332 -4542500087239.183 -255006459161.38565
2561994804061.3086 -4542499976344.222 -255006576778.42352
2561995169652.2715 -4542499865449.236 -255006694395.46005
2561995535243.221 -4542499754554.228 -255006812012.49524
2561995900834.157 -4542499643659.195 -255006929629.52908
2561996266425.08 -4542499532764.139 -255007047246.5616
2561996632015.9893 -4542499421869.059 -255007164863.5928
2561996997606.8853 -4542499310973.954 -255007282480.62265
2561997363197.7676 -4542499200078.826 -255007400097.65115
2561997728788.6367 -4542499089183.675 -255007517714.6783
2561998094379.492 -4542498978288.499 -255007635331.70413
2561998459970.334 -4542498867393.3 -255007752948.7286
2561998825561.1626 -4542498756498.076 -255007870565.75174
2561999191151.9775 -4542498645602.829 -255007988182.77356
2561999556742.7793 -4542498534707.558 -255008105799.79404
2561999922333.5674 -4542498423812.263 -255008223416.81317
2562000287924.3423 -4542498312916.944 -255008341033.83096
2562000653515.1035 -4542498202021.602 -255008458650.8474
2562001019105.8516 -4542498091126.235 -255008576267.86252
2562001384696.586 -4542497980230.845 -255008693884.87628
2562001750287.3066 -4542497869335.431 -255008811501.8887
2562002115878.014 -4542497758439.992 -255008929118.8998
2562002481468.708 -4542497647544.53 -255009046735.90958
2562002847059.3887 -4542497536649.045 -255009164352.918
2562003212650.0557 -4542497425753.535 -255009281969.92508
2562003578240.7095 -4542497314858.002 -255009399586.93082
2562003943831.3496 -4542497203962.444 -255009517203.9352
2562004309421.9766 -4542497093066.863 -255009634820.93826
2562004675012.59 -4542496982171.258 -255009752437.93997
2562005040603.19 -4542496871275.629 -255009870054.94037
2562005406193.7764 -4542496760379.977 -255009987671.93942
2562005771784.349 -4542496649484.3 -255010105288.93713
2562006137374.9087 -4542496538588.6 -255010222905.9335
2562006502965.4546 -4542496427692.875 -255010340522.92853
2562006868555.9873 -4542496316797.127 -255010458139.9222
2562007234146.5063 -4542496205901.355 -255010575756.91455
2562007599737.012 -4542496095005.56 -255010693373.90555
2562007965327.5044 -4542495984109.74 -255010810990.89523
2562008330917.9834 -4542495873213.896 -255010928607.88358
2562008696508.4487 -4542495762318.029 -255011046224.87057
2562009062098.901 -4542495651422.138 -255011163841.85623
2562009427689.3394 -4542495540526.223 -255011281458.84055
2562009793279.764 -4542495429630.284 -255011399075.82352
2562010158870.176 -4542495318734.321 -255011516692.80515
2562010524460.5737 -4542495207838.335 -255011634309.78543
2562010890050.9585 -4542495096942.324 -255011751926.7644
2562011255641.3296 -4542494986046.29 -255011869543.74203
2562011621231.6875 -4542494875150.231 -255011987160.71832
2562011986822.0317 -4542494764254.149 -255012104777.69327
2562012352412.363 -4542494653358.044 -255012222394.66687
2562012718002.68 -4542494542461.914 -255012340011.63913
2562013083592.984 -4542494431565.761 -255012457628.61005
2562013449183.2744 -4542494320669.583 -255012575245.57962
2562013814773.5513 -4542494209773.382 -255012692862.54785
2562014180363.815 -4542494098877.156 -255012810479.51477
2562014545954.065 -4542493987980.907 -255012928096.48035
2562014911544.302 -4542493877084.635 -255013045713.44458
2562015277134.525 -4542493766188.338 -255013163330.40747
2562015642724.735 -4542493655292.018 -255013280947.36902
2562016008314.931 -4542493544395.673 -255013398564.32922
2562016373905.1143 -4542493433499.305 -255013516181.2881
2562016739495.2837 -4542493322602.912 -255013633798.2456
2562017105085.4395 -4542493211706.496 -255013751415.2018
2562017470675.582 -4542493100810.057 -255013869032.15668
2562017836265.711 -4542492989913.593 -255013986649.1102
