-1211859311.3852997 -404622627.33951676 31633278.992755443
-1211858707.0587869 -404623577.14788234 31633273.604486976
-1211858102.7312906 -404624526.95522463 31633268.21619489
-1211857498.4028106 -404625476.7615437 31633262.827879187
-1211856894.073347 -404626426.56683946 31633257.439539865
-1211856289.7429 -404627376.371112 31633252.051176924
-1211855685.4114692 -404628326.1743612 31633246.66279037
-1211855081.0790548 -404629275.97658724 31633241.274380196
-1211854476.745657 -404630225.77778995 31633235.885946404
-1211853872.4112754 -404631175.57796943 31633230.497488994
-1211853268.0759103 -404632125.3771256 31633225.10900797
-1211852663.7395618 -404633075.1752586 31633219.720503327
-1211852059.4022295 -404634024.97236824 31633214.331975065
-1211851455.0639138 -404634974.7684546 31633208.94342319
-1211850850.7246144 -404635924.56351775 31633203.554847695
-1211850246.3843315 -404636874.3575576 31633198.166248586
-1211849642.043065 -404637824.1505742 31633192.77762586
-1211849037.7008152 -404638773.9425675 31633187.388979517
-1211848433.3575816 -404639723.73353755 31633182.00030956
-1211847829.0133646 -404640673.5234843 31633176.611615986
-1211847224.668164 -404641623.3124078 31633171.222898796
-1211846620.3219798 -404642573.100308 31633165.834157992
-1211846015.974812 -404643522.8871849 31633160.44539357
-1211845411.6266608 -404644472.67303854 31633155.056605533
-1211844807.2775261 -404645422.45786893 31633149.66779388
-1211844202.927408 -404646372.24167603 31633144.278958615
-1211843598.576306 -404647322.02445984 31633138.890099734
-1211842994.2242208 -404648271.80622035 31633133.50121724
-1211842389.871152 -404649221.5869576 31633128.11231113
-1211841785.5170996 -404650171.3666715 31633122.723381404
-1211841181.1620638 -404651121.1453622 31633117.334428065
-1211840576.8060446 -404652070.9230296 31633111.94545111
-1211839972.4490418 -404653020.6996737 31633106.556450546
-1211839368.0910556 -404653970.47529453 31633101.167426366
-1211838763.732086 -404654920.24989206 31633095.778378572
-1211838159.3721328 -404655870.0234663 31633090.389307164
-1211837555.0111961 -404656819.7960172 31633085.000212144
-1211836950.649276 -404657769.5675449 31633079.61109351
-1211836346.2863724 -404658719.33804923 31633074.22195126
-1211835741.9224854 -404659669.1075303 31633068.8327854
-1211835137.5576148 -404660618.87598807 31633063.443595927
-1211834533.1917608 -404661568.64342254 31633058.054382842
-1211833928.8249233 -404662518.40983367 31633052.665146146
-1211833324.4571023 -404663468.1752215 31633047.275885835
-1211832720.0882978 -404664417.93958604 31633041.886601914
-1211832115.71851 -404665367.7029273 31633036.49729438
-1211831511.3477385 -404666317.46524525 31633031.107963234
-1211830906.9759836 -404667267.2265399 31633025.718608476
-1211830302.6032453 -404668216.9868112 31633020.329230107
-1211829698.2295237 -404669166.74605924 31633014.939828128
-1211829093.8548186 -404670116.50428396 31633009.550402537
-1211828489.47913 -404671066.2614854 31633004.160953335
-1211827885.102458 -404672016.0176635 31632998.771480523
-1211827280.7248025 -404672965.77281827 31632993.3819841
-1211826676.3461637 -404673915.52694976 31632987.992464066
-1211826071.9665415 -404674865.2800579 31632982.60292042
-1211825467.5859358 -404675815.03214276 31632977.213353164
-1211824863.2043467 -404676764.7832043 31632971.823762298
-1211824258.8217742 -404677714.5332425 31632966.434147824
-1211823654.4382184 -404678664.28225744 31632961.04450974
-1211823050.053679 -404679614.03024906 31632955.654848043
-1211822445.6681564 -404680563.7772173 31632950.265162736
-1211821841.2816503 -404681513.5231623 31632944.875453822
-1211821236.8941607 -404682463.26808393 31632939.485721298
-1211820632.505688 -404683413.01198226 31632934.095965166
-1211820028.1162317 -404684362.75485724 31632928.706185423
-1211819423.7257922 -404685312.4967089 31632923.316382073
-1211818819.3343692 -404686262.23753726 31632917.926555112
-1211818214.9419627 -404687211.9773423 31632912.536704544
-1211817610.548573 -404688161.716124 31632907.14683037
-1211817006.1541998 -404689111.45388234 31632901.756932583
-1211816401.7588434 -404690061.1906174 31632896.36701119
-1211815797.3625035 -404691010.9263291 31632890.97706619
-1211815192.9651804 -404691960.6610175 31632885.58709758
-1211814588.5668738 -404692910.3946825 31632880.197105367
-1211813984.167584 -404693860.1273242 31632874.807089545
-1211813379.7673106 -404694809.8589426 31632869.417050116
-1211812775.366054 -404695759.5895377 31632864.02698708
-1211812170.9638143 -404696709.3191094 31632858.636900436
-1211811566.560591 -404697659.0476577 31632853.246790186
-1211810962.1563845 -404698608.7751828 31632847.856656328
-1211810357.7511945 -404699558.5016845 31632842.466498863
-1211809753.3450212 -404700508.22716284 31632837.07631779
-1211809148.9378648 -404701457.95161784 31632831.68611311
-1211808544.5297248 -404702407.6750495 31632826.29588483
-1211807940.1206017 -404703357.39745784 31632820.90563294
-1211807335.7104952 -404704307.11884284 31632815.515357442
-1211806731.2994056 -404705256.8392045 31632810.12505834
-1211806126.8873324 -404706206.5585428 31632804.734735634
-1211805522.474276 -404707156.27685773 31632799.344389323
-1211804918.0602365 -404708105.9941493 31632793.954019405
-1211804313.6452136 -404709055.71041757 31632788.563625883
-1211803709.2292073 -404710005.42566246 31632783.173208755
-1211803104.8122177 -404710955.139884 31632777.782768022
-1211802500.394245 -404711904.8530822 31632772.392303687
-1211801895.9752889 -404712854.565257 31632767.001815744
-1211801291.5553496 -404713804.2764085 31632761.611304197
-1211800687.134427 -404714753.9865366 31632756.220769048
-1211800082.712521 -404715703.6956414 31632750.830210295
-1211799478.2896318 -404716653.4037228 31632745.439627938
-1211798873.8657594 -404717603.1107809 31632740.049021978
-1211798269.4409037 -404718552.8168156 31632734.658392414
-1211797665.0150647 -404719502.5218269 31632729.267739248
-1211797060.5882425 -404720452.2258149 31632723.877062477
-1211796456.160437 -404721401.9287795 31632718.486362103
-1211795851.7316484 -404722351.63072073 31632713.095638126
-1211795247.3018765 -404723301.33163863 31632707.704890545
-1211794642.8711214 -404724251.0315331 31632702.31411936
-1211794038.439383 -404725200.73040426 31632696.923324578
-1211793434.0066614 -404726150.42825204 31632691.53250619
-1211792829.5729566 -404727100.1250765 31632686.1416642
-1211792225.1382685 -404728049.8208775 31632680.75079861
-1211791620.7025971 -404728999.51565516 31632675.359909415
-1211791016.2659426 -404729949.2094095 31632669.968996618
-1211790411.8283048 -404730898.9021404 31632664.57806022
-1211789807.389684 -404731848.59384793 31632659.18710022
-1211789202.95008 -404732798.2845321 31632653.79611662
-1211788598.5094926 -404733747.9741929 31632648.40510942
-1211787994.067922 -404734697.66283035 31632643.014078617
-1211787389.6253684 -404735647.3504444 31632637.623024214
-1211786785.1818314 -404736597.03703505 31632632.23194621
-1211786180.7373114 -404737546.7226023 31632626.84084461
-1211785576.2918081 -404738496.4071462 31632621.449719403
-1211784971.8453217 -404739446.0906667 31632616.058570597
-1211784367.397852 -404740395.77316386 31632610.667398192
-1211783762.9493992 -404741345.4546376 31632605.276202187
-1211783158.4999633 -404742295.13508797 31632599.884982582
-1211782554.049544 -404743244.81451494 31632594.493739378
-1211781949.598142 -404744194.4929185 31632589.102472574
-1211781345.1457565 -404745144.1702987 31632583.71118217
-1211780740.6923878 -404746093.8466555 31632578.319868166
-1211780136.2380362 -404747043.5219889 31632572.928530566
-1211779531.7827013 -404747993.19629896 31632567.537169367
-1211778927.326383 -404748942.8695856 31632562.145784568
-1211778322.869082 -404749892.54184884 31632556.75437617
-1211777718.4107976 -404750842.2130887 31632551.362944175
-1211777113.9515302 -404751791.88330513 31632545.97148858
-1211776509.4912796 -404752741.55249816 31632540.58000939
-1211775905.030046 -404753691.22066784 31632535.1885066
-1211775300.5678291 -404754640.8878141 31632529.796980213
-1211774696.1046293 -404755590.55393696 31632524.405430228
-1211774091.6404462 -404756540.2190364 31632519.013856646
-1211773487.17528 -404757489.88311243 31632513.622259464
-1211772882.7091308 -404758439.54616505 31632508.230638687
-1211772278.2419984 -404759389.20819426 31632502.838994313
-1211771673.7738829 -404760338.8692001 31632497.44732634
-1211771069.3047843 -404761288.52918255 31632492.05563477
-1211770464.8347025 -404762238.1881416 31632486.663919605
-1211769860.3636377 -404763187.8460772 31632481.272180844
-1211769255.8915899 -404764137.5029894 31632475.880418487
-1211768651.4185588 -404765087.1588782 31632470.488632534
-1211768046.9445448 -404766036.8137436 31632465.096822985
-1211767442.4695477 -404766986.46758556 31632459.70498984
-1211766837.9935675 -404767936.1204041 31632454.3131331
-1211766233.5166042 -404768885.7721993 31632448.92125276
-1211765629.038658 -404769835.422971 31632443.529348828
-1211765024.5597284 -404770785.07271934 31632438.1374213
-1211764420.0798159 -404771734.7214442 31632432.745470177
-1211763815.5989203 -404772684.36914563 31632427.35349546
-1211763211.1170418 -404773634.01582366 31632421.961497147
-1211762606.63418 -404774583.6614783 31632416.56947524
-1211762002.1503353 -404775533.3061095 31632411.17742974
-1211761397.6655076 -404776482.9497173 31632405.78536064
-1211760793.1796968 -404777432.5923016 31632400.393267952
-1211760188.692903 -404778382.2338625 31632395.001151666
-1211759584.2051263 -404779331.8744 31632389.609011788
-1211758979.7163665 -404780281.5139141 31632384.216848318
-1211758375.2266235 -404781231.1524047 31632378.82466125
-1211757770.7358975 -404782180.78987193 31632373.432450593
-1211757166.2441885 -404783130.4263157 31632368.04021634
-1211756561.7514966 -404784080.06173605 31632362.647958495
-1211755957.2578216 -404785029.69613296 31632357.255677056
-1211755352.7631636 -404785979.32950646 31632351.863372024
-1211754748.2675226 -404786928.9618565 31632346.4710434
-1211754143.7708986 -404787878.5931831 31632341.078691185
-1211753539.2732916 -404788828.2234863 31632335.686315376
-1211752934.7747016 -404789777.85276604 31632330.293915976
-1211752330.2751286 -404790727.48102236 31632324.901492983
-1211751725.7745726 -404791677.1082552 31632319.509046398
-1211751121.2730336 -404792626.73446465 31632314.11657622
-1211750516.7705116 -404793576.3596506 31632308.72408245
-1211749912.2670066 -404794525.98381317 31632303.331565093
-1211749307.7625186 -404795475.60695225 31632297.939024143
-1211748703.257048 -404796425.22906786 31632292.5464596
-1211748098.7505941 -404797374.85016006 31632287.15387147
-1211747494.2431574 -404798324.4702288 31632281.761259746
-1211746889.7347376 -404799274.0892741 31632276.36862443
-1211746285.225335 -404800223.70729595 31632270.975965526
-1211745680.7149491 -404801173.3242943 31632265.58328303
-1211745076.2035806 -404802122.9402693 31632260.190576945
-1211744471.691229 -404803072.5552208 31632254.79784727
-1211743867.1778946 -404804022.1691488 31632249.405094005
-1211743262.663577 -404804971.7820534 31632244.01231715
-1211742658.1482768 -404805921.39393455 31632238.619516708
-1211742053.6319935 -404806871.0047922 31632233.226692673
-1211741449.1147273 -404807820.6146264 31632227.83384505
-1211740844.596478 -404808770.2234372 31632222.440973837
-1211740240.077246 -404809719.8312245 31632217.048079036
-1211739635.557031 -404810669.43798834 31632211.655160647
-1211739031.035833 -404811619.0437287 31632206.26221867
-1211738426.513652 -404812568.6484456 31632200.869253103
-1211737821.9904883 -404813518.25213903 31632195.476263948
-1211737217.4663417 -404814467.854809 31632190.083251204
-1211736612.9412122 -404815417.45645547 31632184.690214872
-1211736008.4150996 -404816367.05707854 31632179.29715495
-1211735403.8880043 -404817316.65667814 31632173.904071443
-1211734799.359926 -404818266.25525427 31632168.51096435
-1211734194.830865 -404819215.8528069 31632163.117833667
-1211733590.3008208 -404820165.4493361 31632157.724679396
-1211732985.769794 -404821115.0448418 31632152.33150154
-1211732381.2377841 -404822064.63932407 31632146.938300095
-1211731776.7047915 -404823014.23278284 31632141.545075063
-1211731172.170816 -404823963.8252181 31632136.151826445
-1211730567.6358576 -404824913.41662985 31632130.75855424
-1211729963.0999165 -404825863.00701815 31632125.365258448
-1211729358.5629923 -404826812.596383 31632119.971939072
-1211728754.0250854 -404827762.18472433 31632114.578596108
-1211728149.4861956 -404828711.7720422 31632109.18522956
-1211727544.946323 -404829661.3583366 31632103.791839425
-1211726940.4054675 -404830610.9436075 31632098.398425702
-1211726335.863629 -404831560.5278549 31632093.004988395
-1211725731.320808 -404832510.11107886 31632087.611527503
-1211725126.777004 -404833459.6932793 31632082.218043026
-1211724522.232217 -404834409.27445626 31632076.824534964
-1211723917.6864474 -404835358.8546097 31632071.431003317
-1211723313.139695 -404836308.4337397 31632066.037448086
-1211722708.5919597 -404837258.01184624 31632060.64386927
-1211722104.0432415 -404838207.58892924 31632055.25026687
-1211721499.4935405 -404839157.16498876 31632049.856640883
-1211720894.9428568 -404840106.74002475 31632044.462991316
-1211720290.3911903 -404841056.31403726 31632039.069318164
-1211719685.838541 -404842005.8870263 31632033.675621428
-1211719081.2849088 -404842955.4589918 31632028.281901106
-1211718476.7302938 -404843905.02993387 31632022.888157204
-1211717872.174696 -404844854.5998524 31632017.494389717
-1211717267.6181154 -404845804.1687474 31632012.10059865
-1211716663.0605521 -404846753.73661894 31632006.706783995
-1211716058.502006 -404847703.303467 31632001.31294576
-1211715453.9424772 -404848652.8692915 31631995.91908394
-1211714849.3819656 -404849602.4340925 31631990.52519854
-1211714244.8204713 -404850551.99787 31631985.131289557
-1211713640.2579942 -404851501.56062406 31631979.73735699
-1211713035.6945343 -404852451.12235457 31631974.343400843
-1211712431.1300917 -404853400.68306154 31631968.949421115
-1211711826.5646663 -404854350.24274504 31631963.555417802
-1211711221.998258 -404855299.801405 31631958.161390908
-1211710617.4308672 -404856249.35904145 31631952.767340433
-1211710012.8624935 -404857198.9156544 31631947.373266377
-1211709408.293137 -404858148.47124386 31631941.97916874
-1211708803.7227979 -404859098.02580976 31631936.58504752
-1211708199.151476 -404860047.57935214 31631931.19090272
-1211707594.5791712 -404860997.13187104 31631925.79673434
-1211706990.0058837 -404861946.6833664 31631920.40254238
-1211706385.4316134 -404862896.23383826 31631915.00832684
-1211705780.8563607 -404863845.7832866 31631909.61408772
-1211705176.2801251 -404864795.33171135 31631904.21982502
-1211704571.7029068 -404865744.87911266 31631898.825538736
-1211703967.1247058 -404866694.42549044 31631893.431228876
-1211703362.545522 -404867643.9708447 31631888.036895435
-1211702757.9653556 -404868593.5151754 31631882.642538413
-1211702153.3842065 -404869543.0584826 31631877.248157814
-1211701548.8020747 -404870492.60076624 31631871.853753634
-1211700944.21896 -404871442.14202636 31631866.459325876
-1211700339.634863 -404872391.68226296 31631861.06487454
-1211699735.049783 -404873341.221476 31631855.670399625
-1211699130.4637203 -404874290.75966555 31631850.27590113
-1211698525.8766751 -404875240.29683155 31631844.88137906
-1211697921.2886472 -404876189.832974 31631839.48683341
-1211697316.6996365 -404877139.36809295 31631834.09226418
-1211696712.1096432 -404878088.90218836 31631828.697671372
-1211696107.5186672 -404879038.43526024 31631823.30305499
-1211695502.9267085 -404879987.9673086 31631817.908415027
-1211694898.3337672 -404880937.49833333 31631812.51375149
-1211694293.7398431 -404881887.02833456 31631807.119064372
-1211693689.1449366 -404882836.55731225 31631801.72435368
-1211693084.5490472 -404883786.0852664 31631796.329619408
-1211692479.9521754 -404884735.61219704 31631790.93486156
-1211691875.3543208 -404885685.1381041 31631785.540080134
-1211691270.7554836 -404886634.6629876 31631780.14527513
-1211690666.1556637 -404887584.18684757 31631774.750446554
-1211690061.5548613 -404888533.709684 31631769.3555944
-1211689456.9530761 -404889483.2314969 31631763.96071867
-1211688852.3503084 -404890432.7522862 31631758.565819364
-1211688247.746558 -404891382.272052 31631753.17089648
-1211687643.141825 -404892331.7907942 31631747.775950026
-1211687038.5361094 -404893281.30851287 31631742.380979992
-1211686433.9294112 -404894230.82520795 31631736.985986385
-1211685829.3217304 -404895180.3408795 31631731.5909692
-1211685224.713067 -404896129.8555275 31631726.195928443
-1211684620.103421 -404897079.36915195 31631720.80086411
-1211684015.4927924 -404898028.88175285 31631715.405776203
-1211683410.8811812 -404898978.39333016 31631710.01066472
-1211682806.2685874 -404899927.90388393 31631704.615529664
-1211682201.655011 -404900877.4134141 31631699.220371034
-1211681597.040452 -404901826.9219208 31631693.82518883
-1211680992.4249105 -404902776.42940384 31631688.42998305
-1211680387.8083863 -404903725.9358634 31631683.034753695
-1211679783.1908796 -404904675.4412993 31631677.639500767
-1211679178.5723903 -404905624.9457117 31631672.24422427
-1211678573.9529185 -404906574.4491005 31631666.848924197
-1211677969.3324642 -404907523.9514657 31631661.453600552
-1211677364.7110271 -404908473.45280737 31631656.058253333
-1211676760.0886075 -404909422.9531255 31631650.66288254
-1211676155.4652054 -404910372.45242 31631645.267488174
-1211675550.8408208 -404911321.9506909 31631639.872070238
-1211674946.2154536 -404912271.4479383 31631634.47662873
-1211674341.589104 -404913220.94416213 31631629.081163645
-1211673736.9617717 -404914170.43936235 31631623.68567499
-1211673132.333457 -404915119.933539 31631618.290162764
-1211672527.7041597 -404916069.42669207 31631612.894626968
-1211671923.07388 -404917018.9188216 31631607.499067597
-1211671318.4426177 -404917968.4099275 31631602.103484657
-1211670713.8103728 -404918917.9000098 31631596.707878146
-1211670109.1771455 -404919867.38906854 31631591.312248062
-1211669504.5429356 -404920816.8771037 31631585.91659441
-1211668899.9077432 -404921766.36411524 31631580.520917185
-1211668295.2715683 -404922715.8501032 31631575.125216387
-1211667690.6344109 -404923665.3350676 31631569.72949202
-1211667085.996271 -404924614.81900835 31631564.333744083
-1211666481.3571484 -404925564.30192554 31631558.937972575
-1211665876.7170434 -404926513.78381914 31631553.5421775
-1211665272.0759559 -404927463.26468915 31631548.14635885
-1211664667.433886 -404928412.74453557 31631542.750516634
-1211664062.7908337 -404929362.2233584 31631537.354650848
-1211663458.1467988 -404930311.7011576 31631531.95876149
-1211662853.5017815 -404931261.1779333 31631526.562848564
-1211662248.8557816 -404932210.65368533 31631521.16691207
-1211661644.2087994 -404933160.1284138 31631515.77095201
-1211661039.5608346 -404934109.6021187 31631510.374968376
-1211660434.9118874 -404935059.07479995 31631504.978961177
-1211659830.2619576 -404936008.5464576 31631499.58293041
-1211659225.6110456 -404936958.01709163 31631494.18687607
-1211658620.959151 -404937907.4867021 31631488.790798165
-1211658016.306274 -404938856.95528895 31631483.39469669
-1211657411.6524146 -404939806.4228522 31631477.99857165
-1211656806.9975727 -404940755.88939184 31631472.60242304
-1211656202.3417482 -404941705.3549079 31631467.20625086
-1211655597.6849415 -404942654.8194003 31631461.810055118
-1211654993.0271523 -404943604.2828691 31631456.413835805
-1211654388.3683805 -404944553.7453143 31631451.017592926
-1211653783.7086265 -404945503.2067359 31631445.62132648
-1211653179.04789 -404946452.66713387 31631440.22503647
-1211652574.386171 -404947402.12650824 31631434.82872289
-1211651969.7234697 -404948351.58485895 31631429.432385746
-1211651365.059786 -404949301.0421861 31631424.036025036
-1211650760.39512 -404950250.4984896 31631418.63964076
-1211650155.7294714 -404951199.9537695 31631413.243232917
-1211649551.0628405 -404952149.4080258 31631407.84680151
-1211648946.3952272 -404953098.86125845 31631402.450346533
-1211648341.7266314 -404954048.3134675 31631397.053867992
-1211647737.0570533 -404954997.7646529 31631391.657365885
-1211647132.3864927 -404955947.2148147 31631386.260840215
-1211646527.7149498 -404956896.6639529 31631380.86429098
-1211645923.0424247 -404957846.1120674 31631375.467718177
-1211645318.368917 -404958795.5591583 31631370.071121812
-1211644713.694427 -404959745.0052256 31631364.67450188
-1211644109.0189545 -404960694.4502692 31631359.277858384
-1211643504.3424997 -404961643.89428926 31631353.881191324
-1211642899.6650627 -404962593.33728564 31631348.4845007
-1211642294.986643 -404963542.7792584 31631343.08778651
-1211641690.3072412 -404964492.2202075 31631337.69104876
-1211641085.626857 -404965441.660133 31631332.294287443
-1211640480.9454906 -404966391.09903485 31631326.897502564
-1211639876.2631416 -404967340.53691304 31631321.500694122
-1211639271.5798104 -404968289.97376764 31631316.103862118
-1211638666.8954968 -404969239.4095986 31631310.707006548
-1211638062.210201 -404970188.8444059 31631305.310127415
-1211637457.523923 -404971138.27818954 31631299.91322472
-1211636852.8366623 -404972087.71094954 31631294.51629846
-1211636248.1484194 -404973037.1426859 31631289.11934864
-1211635643.4591942 -404973986.5733986 31631283.72237526
-1211635038.7689867 -404974936.0030877 31631278.325378314
-1211634434.077797 -404975885.43175316 31631272.92835781
-1211633829.385625 -404976834.85939497 31631267.531313743
-1211633224.6924706 -404977784.2860131 31631262.134246115
-1211632619.998334 -404978733.71160764 31631256.737154923
-1211632015.3032148 -404979683.1361785 31631251.340040173
-1211631410.6071134 -404980632.5597257 31631245.94290186
-1211630805.9100296 -404981581.98224926 31631240.545739986
-1211630201.2119637 -404982531.40374917 31631235.148554552
-1211629596.5129154 -404983480.82422537 31631229.751345556
-1211628991.8128848 -404984430.2436779 31631224.354113
-1211628387.111872 -404985379.6621068 31631218.956856884
-1211627782.4098768 -404986329.07951206 31631213.559577208
-1211627177.7068996 -404987278.49589366 31631208.16227397
-1211626573.0029402 -404988227.9112516 31631202.764947172
-1211625968.2979984 -404989177.3255859 31631197.367596816
-1211625363.5920744 -404990126.7388965 31631191.9702229
-1211624758.885168 -404991076.1511834 31631186.572825424
-1211624154.1772795 -404992025.5624467 31631181.17540439
-1211623549.4684086 -404992974.97268635 31631175.777959794
-1211622944.7585554 -404993924.3819023 31631170.38049164
-1211622340.0477202 -404994873.79009455 31631164.98299993
-1211621735.3359027 -404995823.1972632 31631159.585484657
-1211621130.623103 -404996772.6034081 31631154.187945828
-1211620525.9093208 -404997722.00852937 31631148.79038344
-1211619921.1945565 -404998671.412627 31631143.392797492
-1211619316.47881 -404999620.8157009 31631137.99518799
-1211618711.7620814 -405000570.21775115 31631132.59755493
-1211618107.0443704 -405001519.6187777 31631127.19989831
-1211617502.3256772 -405002469.0187806 31631121.80221813
-1211616897.6060019 -405003418.4177598 31631116.4045144
-1211616292.8853443 -405004367.8157153 31631111.006787106
-1211615688.1637044 -405005317.21264714 31631105.60903626
-1211615083.4410825 -405006266.6085553 31631100.211261854
-1211614478.7174783 -405007216.0034398 31631094.813463893
-1211613873.992892 -405008165.3973006 31631089.415642373
-1211613269.2673235 -405009114.7901377 31631084.0177973
-1211612664.5407727 -405010064.18195117 31631078.619928665
-1211612059.8132398 -405011013.5727409 31631073.222036477
-1211611455.0847247 -405011962.96250695 31631067.824120734
-1211610850.3552275 -405012912.35124934 31631062.426181436
-1211610245.624748 -405013861.738968 31631057.02821858
-1211609640.8932865 -405014811.125663 31631051.630232166
-1211609036.1608427 -405015760.5113343 31631046.2322222
-1211608431.4274168 -405016709.8959819 31631040.834188677
-1211607826.6930087 -405017659.2796058 31631035.4361316
-1211607221.9576185 -405018608.66220605 31631030.03805097
-1211606617.221246 -405019558.0437826 31631024.63994678
-1211606012.4838915 -405020507.4243354 31631019.24181904
-1211605407.7455547 -405021456.80386454 31631013.843667746
-1211604803.0062358 -405022406.18236995 31631008.445492897
-1211604198.265935 -405023355.55985165 31631003.047294494
-1211603593.5246518 -405024304.9363097 31630997.649072535
-1211602988.7823865 -405025254.31174403 31630992.250827026
-1211602384.039139 -405026203.68615466 31630986.85255796
-1211601779.2949095 -405027153.0595416 31630981.45426534
-1211601174.5496979 -405028102.4319048 31630976.05594917
-1211600569.8035042 -405029051.8032443 31630970.657609444
-1211599965.0563283 -405030001.1735601 31630965.259246167
-1211599360.3081703 -405030950.54285216 31630959.860859334
-1211598755.5590303 -405031899.91112053 31630954.46244895
-1211598150.8089082 -405032849.2783652 31630949.064015016
-1211597546.0578039 -405033798.64458615 31630943.665557526
-1211596941.3057175 -405034748.0097834 31630938.267076485
-1211596336.552649 -405035697.3739569 31630932.868571892
-1211595731.7985985 -405036646.73710674 31630927.47004375
-1211595127.043566 -405037596.09923285 31630922.071492054
-1211594522.2875512 -405038545.4603352 31630916.672916807
-1211593917.5305543 -405039494.8204138 31630911.27431801
-1211593312.7725754 -405040444.17946875 31630905.87569566
-1211592708.0136144 -405041393.53749996 31630900.47704976
-1211592103.2536714 -405042342.89450747 31630895.07838031
-1211591498.4927464 -405043292.2504912 31630889.679687306
-1211590893.7308393 -405044241.6054512 31630884.280970752
-1211590288.96795 -405045190.95938754 31630878.882230647
-1211589684.204079 -405046140.31230015 31630873.48346699
-1211589079.4392257 -405047089.664189 31630868.084679786
-1211588474.6733904 -405048039.0150541 31630862.68586903
-1211587869.906573 -405048988.3648955 31630857.287034724
-1211587265.1387737 -405049937.71371317 31630851.88817687
-1211586660.3699923 -405050887.0615071 31630846.489295464
-1211586055.6002288 -405051836.40827733 31630841.09039051
-1211585450.8294833 -405052785.7540238 31630835.691462006
-1211584846.0577557 -405053735.09874654 31630830.292509954
-1211584241.285046 -405054684.4424455 31630824.893534355
-1211583636.5113544 -405055633.7851208 31630819.494535204
-1211583031.7366807 -405056583.1267723 31630814.095512506
-1211582426.961025 -405057532.4674001 31630808.69646626
-1211581822.1843874 -405058481.8070041 31630803.297396466
-1211581217.4067678 -405059431.1455844 31630797.89830312
-1211580612.6281662 -405060380.48314095 31630792.49918623
-1211580007.8485825 -405061329.8196738 31630787.10004579
-1211579403.0680168 -405062279.15518284 31630781.7008818
-1211578798.2864692 -405063228.48966813 31630776.301694266
-1211578193.5039396 -405064177.8231297 31630770.902483184
-1211577588.720428 -405065127.1555675 31630765.503248554
-1211576983.9359343 -405066076.4869816 31630760.10399038
-1211576379.1504588 -405067025.8173719 31630754.70470866
-1211575774.3640013 -405067975.14673847 31630749.30540339
-1211575169.5765617 -405068924.47508126 31630743.906074572
-1211574564.7881403 -405069873.80240035 31630738.50672221
-1211573959.9987369 -405070823.12869567 31630733.107346304
-1211573355.2083514 -405071772.4539672 31630727.707946848
-1211572750.416984 -405072721.778215 31630722.30852385
-1211572145.6246347 -405073671.101439 31630716.9090773
-1211571540.8313034 -405074620.4236393 31630711.50960721
-1211570936.0369902 -405075569.7448158 31630706.110113572
-1211570331.241695 -405076519.0649686 31630700.71059639
-1211569726.445418 -405077468.3840976 31630695.311055664
-1211569121.6481588 -405078417.7022028 31630689.91149139
-1211568516.849918 -405079367.01928425 31630684.511903573
-1211567912.050695 -405080316.33534193 31630679.11229221
-1211567307.2504902 -405081265.65037584 31630673.712657306
-1211566702.4493034 -405082214.964386 31630668.312998857
-1211566097.6471348 -405083164.27737236 31630662.913316865
-1211565492.8439841 -405084113.58933496 31630657.513611328
-1211564888.0398517 -405085062.9002738 31630652.113882247
-1211564283.2347372 -405086012.21018887 31630646.714129623
-1211563678.4286408 -405086961.51908016 31630641.314353455
-1211563073.6215627 -405087910.8269477 31630635.914553743
-1211562468.8135026 -405088860.13379145 31630630.514730487
-1211561864.0044606 -405089809.43961143 31630625.114883687
-1211561259.1944368 -405090758.74440765 31630619.715013344
-1211560654.383431 -405091708.04818004 31630614.31511946
-1211560049.5714433 -405092657.35092866 31630608.915202033
-1211559444.7584739 -405093606.6526535 31630603.51526106
-1211558839.9445224 -405094555.9533546 31630598.11529655
-1211558235.129589 -405095505.2530319 31630592.715308495
-1211557630.313674 -405096454.5516854 31630587.3152969
-1211557025.4967768 -405097403.8493151 31630581.91526176
-1211556420.6788979 -405098353.14592105 31630576.51520308
-1211555815.860037 -405099302.44150317 31630571.11512086
-1211555211.0401945 -405100251.7360615 31630565.7150151
-1211554606.2193701 -405101201.0295961 31630560.314885795
-1211554001.3975637 -405102150.32210684 31630554.91473295
-1211553396.5747755 -405103099.6135938 31630549.514556568
-1211552791.7510054 -405104048.904057 31630544.11435664
-1211552186.9262536 -405104998.1934964 31630538.714133173
-1211551582.10052 -405105947.481912 31630533.313886166
-1211550977.2738044 -405106896.7693038 31630527.913615618
-1211550372.4461071 -405107846.0556718 31630522.51332153
-1211549767.617428 -405108795.341016 31630517.113003902
-1211549162.7877672 -405109744.6253364 31630511.712662738
-1211548557.9571245 -405110693.908633 31630506.312298033
-1211547953.1255 -405111643.1909058 31630500.91190979
-1211547348.2928936 -405112592.4721548 31630495.511498004
-1211546743.4593055 -405113541.75238 31630490.11106268
-1211546138.6247356 -405114491.0315814 31630484.71060382
-1211545533.7891839 -405115440.30975896 31630479.310121417
-1211544928.9526503 -405116389.58691275 31630473.909615476
-1211544324.115135 -405117338.8630427 31630468.509085998
-1211543719.2766378 -405118288.13814884 31630463.10853298
-1211543114.4371588 -405119237.4122312 31630457.707956426
-1211542509.596698 -405120186.68528974 31630452.307356335
-1211541904.7552555 -405121135.95732445 31630446.906732704
-1211541299.912831 -405122085.2283353 31630441.506085537
-1211540695.0694249 -405123034.4983224 31630436.105414834
-1211540090.225037 -405123983.7672857 31630430.70472059
-1211539485.3796675 -405124933.03522515 31630425.30400281
-1211538880.5333161 -405125882.3021408 31630419.903261494
-1211538275.685983 -405126831.56803256 31630414.50249664
-1211537670.837668 -405127780.8329005 31630409.101708252
-1211537065.9883714 -405128730.0967447 31630403.700896326
-1211536461.138093 -405129679.3595651 31630398.300060865
-1211535856.2868328 -405130628.6213616 31630392.899201866
-1211535251.4345908 -405131577.8821343 31630387.49831933
-1211534646.5813673 -405132527.1418832 31630382.09741326
-1211534041.727162 -405133476.40060824 31630376.696483653
-1211533436.8719747 -405134425.65830946 31630371.29553051
-1211532832.015806 -405135374.91498685 31630365.894553833
-1211532227.1586554 -405136324.1706404 31630360.49355362
-1211531622.300523 -405137273.42527014 31630355.09252987
-1211531017.441409 -405138222.67887604 31630349.69148259
-1211530412.5813134 -405139171.9314581 31630344.29041177
-1211529807.720236 -405140121.18301636 31630338.88931742
-1211529202.858177 -405141070.4335507 31630333.488199532
-1211528597.995136 -405142019.68306124 31630328.087058112
-1211527993.1311135 -405142968.93154794 31630322.685893156
-1211527388.2661092 -405143918.1790108 31630317.284704667
-1211526783.4001234 -405144867.42544985 31630311.883492645
-1211526178.5331557 -405145816.670865 31630306.482257087
-1211525573.6652064 -405146765.9152563 31630301.080997996
-1211524968.7962754 -405147715.1586238 31630295.679715373
-1211524363.9263628 -405148664.4009675 31630290.278409217
-1211523759.0554683 -405149613.64228725 31630284.877079528
-1211523154.1835923 -405150562.8825832 31630279.475726306
-1211522549.3107347 -405151512.1218553 31630274.074349552
-1211521944.4368954 -405152461.36010355 31630268.672949266
-1211521339.5620744 -405153410.59732795 31630263.271525446
-1211520734.6862717 -405154359.8335285 31630257.870078094
-1211520129.8094873 -405155309.0687052 31630252.46860721
-1211519524.9317214 -405156258.30285805 31630247.067112792
-1211518920.0529737 -405157207.535987 31630241.665594846
-1211518315.1732445 -405158156.76809216 31630236.264053367
-1211517710.2925336 -405159105.9991734 31630230.862488355
-1211517105.4108412 -405160055.2292308 31630225.460899815
-1211516500.528167 -405161004.45826435 31630220.05928774
-1211515895.6445112 -405161953.68627405 31630214.65765214
-1211515290.7598739 -405162902.91325986 31630209.255993005
-1211514685.874255 -405163852.13922185 31630203.85431034
-1211514080.9876542 -405164801.36415994 31630198.452604145
-1211513476.100072 -405165750.5880742 31630193.05087442
-1211512871.211508 -405166699.8109646 31630187.649121165
-1211512266.3219626 -405167649.0328311 31630182.24734438
-1211511661.4314356 -405168598.25367373 31630176.845544063
-1211511056.539927 -405169547.4734925 31630171.443720218
-1211510451.6474366 -405170496.6922874 31630166.041872844
-1211509846.7539647 -405171445.91005844 31630160.64000194
-1211509241.8595111 -405172395.1268056 31630155.23810751
-1211508636.964076 -405173344.3425289 31630149.83618955
-1211508032.0676594 -405174293.55722827 31630144.43424806
-1211507427.1702611 -405175242.77090377 31630139.03228304
-1211506822.2718813 -405176191.98355544 31630133.630294494
-1211506217.37252 -405177141.1951832 31630128.228282418
-1211505612.472177 -405178090.4057871 31630122.826246813
-1211505007.5708525 -405179039.6153671 31630117.424187683
-1211504402.6685464 -405179988.82392323 31630112.022105023
-1211503797.7652588 -405180938.03145546 31630106.619998835
-1211503192.8609896 -405181887.2379638 31630101.21786912
-1211502587.9557388 -405182836.44344825 31630095.81571588
-1211501983.0495064 -405183785.6479088 31630090.413539108
-1211501378.1422925 -405184734.8513455 31630085.01133881
-1211500773.2340972 -405185684.05375826 31630079.609114986
-1211500168.3249204 -405186633.25514716 31630074.206867635
-1211499563.414762 -405187582.45551217 31630068.80459676
-1211498958.503622 -405188531.6548533 31630063.402302355
-1211498353.5915005 -405189480.8531705 31630057.999984425
-1211497748.6783974 -405190430.05046386 31630052.59764297
-1211497143.764313 -405191379.2467333 31630047.19527799
-1211496538.849247 -405192328.4419789 31630041.792889483
-1211495933.9331994 -405193277.63620055 31630036.39047745
-1211495329.0161703 -405194226.82939833 31630030.98804189
-1211494724.0981596 -405195176.0215722 31630025.585582804
-1211494119.1791675 -405196125.2127221 31630020.183100194
-1211493514.259194 -405197074.4028482 31630014.78059406
-1211492909.3382387 -405198023.59195036 31630009.3780644
-1211492304.4163022 -405198972.7800286 31630003.97551122
-1211491699.4933841 -405199921.9670829 31629998.572934512
-1211491094.5694845 -405200871.15311337 31629993.17033428
-1211490489.6446035 -405201820.3381199 31629987.76771052
-1211489884.718741 -405202769.52210253 31629982.365063243
-1211489279.7918968 -405203718.70506126 31629976.96239244
-1211488674.8640714 -405204667.8869961 31629971.559698112
-1211488069.9352643 -405205617.067907 31629966.15698026
-1211487465.005476 -405206566.247794 31629960.75423889
-1211486860.074706 -405207515.426657 31629955.35147399
-1211486255.1429548 -405208464.6044962 31629949.94868557
-1211485650.210222 -405209413.7813114 31629944.545873627
-1211485045.2765079 -405210362.9571027 31629939.14303816
-1211484440.3418121 -405211312.1318701 31629933.740179174
-1211483835.406135 -405212261.3056136 31629928.337296665
-1211483230.4694765 -405213210.4783331 31629922.93439063
-1211482625.5318365 -405214159.65002877 31629917.531461075
-1211482020.593215 -405215108.82070047 31629912.128507998
-1211481415.6536121 -405216057.9903483 31629906.7255314
-1211480810.7130277 -405217007.15897214 31629901.32253128
-1211480205.771462 -405217956.32657206 31629895.919507638
-1211479600.8289149 -405218905.4931481 31629890.516460475
-1211478995.8853862 -405219854.65870017 31629885.11338979
-1211478390.9408762 -405220803.8232283 31629879.710295584
-1211477785.995385 -405221752.98673254 31629874.30717786
-1211477181.048912 -405222702.14921284 31629868.904036615
-1211476576.1014578 -405223651.3106692 31629863.50087185
-1211475971.1530223 -405224600.4711016 31629858.09768356
-1211475366.2036054 -405225549.6305101 31629852.694471754
-1211474761.253207 -405226498.78889465 31629847.291236427
-1211474156.3018272 -405227447.94625527 31629841.88797758
-1211473551.349466 -405228397.10259193 31629836.484695215
-1211472946.3961236 -405229346.25790465 31629831.08138933
-1211472341.4417996 -405230295.4121934 31629825.678059924
-1211471736.4864943 -405231244.56545824 31629820.274707
-1211471131.5302076 -405232193.7176991 31629814.87133056
-1211470526.5729396 -405233142.8689161 31629809.467930596
-1211469921.6146903 -405234092.01910913 31629804.064507116
-1211469316.6554596 -405235041.1682782 31629798.661060117
-1211468711.6952474 -405235990.31642336 31629793.2575896
-1211468106.7340539 -405236939.46354455 31629787.854095567
-1211467501.771879 -405237888.6096418 31629782.450578015
-1211466896.8087227 -405238837.7547151 31629777.047036946
-1211466291.8445852 -405239786.8987644 31629771.64347236
-1211465686.8794663 -405240736.0417897 31629766.239884254
-1211465081.913366 -405241685.1837911 31629760.83627263
-1211464476.9462845 -405242634.32476854 31629755.43263749
-1211463871.9782217 -405243583.46472204 31629750.028978832
-1211463267.0091774 -405244532.6036516 31629744.625296656
-1211462662.039152 -405245481.7415572 31629739.221590966
-1211462057.068145 -405246430.8784388 31629733.81786176
-1211461452.0961568 -405247380.0142964 31629728.414109033
-1211460847.1231873 -405248329.1491301 31629723.010332793
-1211460242.1492364 -405249278.28293985 31629717.606533036
-1211459637.1743045 -405250227.4157256 31629712.202709764
-1211459032.1983912 -405251176.5474874 31629706.798862975
-1211458427.2214966 -405252125.6782252 31629701.394992672
-1211457822.2436206 -405253074.8079391 31629695.991098855
-1211457217.2647634 -405254023.936629 31629690.58718152
-1211456612.2849247 -405254973.06429493 31629685.18324067
-1211456007.304105 -405255922.19093686 31629679.779276308
-1211455402.322304 -405256871.31655484 31629674.37528843
-1211454797.3395216 -405257820.4411489 31629668.971277036
-1211454192.355758 -405258769.5647189 31629663.567242127
-1211453587.371013 -405259718.687265 31629658.163183704
-1211452982.3852868 -405260667.80878705 31629652.759101767
-1211452377.3985794 -405261616.92928517 31629647.354996316
-1211451772.4108906 -405262566.0487593 31629641.95086735
-1211451167.4222207 -405263515.16720945 31629636.546714872
-1211450562.4325695 -405264464.2846356 31629631.142538883
-1211449957.441937 -405265413.40103775 31629625.73833938
-1211449352.4503233 -405266362.51641595 31629620.334116362
-1211448747.4577284 -405267311.63077015 31629614.92986983
-1211448142.464152 -405268260.7441004 31629609.52559979
-1211447537.4695947 -405269209.8564066 31629604.121306233
-1211446932.474056 -405270158.96768886 31629598.716989167
-1211446327.4775362 -405271108.07794714 31629593.312648587
-1211445722.480035 -405272057.1871814 31629587.908284497
-1211445117.4815528 -405273006.2953917 31629582.503896892
-1211444512.4820893 -405273955.40257794 31629577.099485777
-1211443907.4816446 -405274904.50874025 31629571.69505115
-1211443302.4802186 -405275853.61387855 31629566.29059301
-1211442697.4778116 -405276802.71799284 31629560.88611136
-1211442092.4744232 -405277751.8210831 31629555.4816062
-1211441487.4700537 -405278700.9231494 31629550.077077527
-1211440882.4647028 -405279650.02419174 31629544.672525343
-1211440277.458371 -405280599.12421006 31629539.26794965
-1211439672.4510577 -405281548.2232044 31629533.863350444
-1211439067.4427633 -405282497.3211747 31629528.45872773
-1211438462.433488 -405283446.418121 31629523.054081503
-1211437857.4232311 -405284395.5140433 31629517.649411768
-1211437252.4119933 -405285344.60894156 31629512.24471852
-1211436647.3997743 -405286293.70281583 31629506.840001766
-1211436042.386574 -405287242.7956661 31629501.435261503
-1211435437.3723927 -405288191.88749236 31629496.03049773
-1211434832.3572302 -405289140.9782946 31629490.625710446
-1211434227.3410864 -405290090.06807286 31629485.220899656
-1211433622.3239615 -405291039.1568271 31629479.816065356
-1211433017.3058555 -405291988.2445573 31629474.411207546
-1211432412.2867684 -405292937.3312635 31629469.00632623
-1211431807.2667 -405293886.41694564 31629463.6014214
-1211431202.2456505 -405294835.5016038 31629458.196493067
-1211430597.22362 -405295784.5852379 31629452.791541226
-1211429992.2006083 -405296733.66784805 31629447.386565875
-1211429387.1766155 -405297682.7494342 31629441.981567018
-1211428782.1516416 -405298631.8299962 31629436.576544654
-1211428177.1256864 -405299580.9095343 31629431.17149878
-1211427572.09875 -405300529.9880483 31629425.7664294
-1211426967.0708327 -405301479.0655383 31629420.36133651
-1211426362.0419343 -405302428.14200425 31629414.956220116
-1211425757.0120547 -405303377.2174462 31629409.551080216
-1211425151.981194 -405304326.2918641 31629404.14591681
-1211424546.9493523 -405305275.365258 31629398.740729894
-1211423941.9165294 -405306224.43762785 31629393.335519474
-1211423336.8827255 -405307173.50897366 31629387.930285547
-1211422731.8479404 -405308122.57929546 31629382.525028117
-1211422126.8121743 -405309071.6485932 31629377.11974718
-1211421521.775427 -405310020.7168669 31629371.714442737
-1211420916.7376988 -405310969.78411657 31629366.309114788
-1211420311.6989894 -405311918.8503422 31629360.903763335
-1211419706.659299 -405312867.9155438 31629355.498388376
-1211419101.6186273 -405313816.97972137 31629350.092989914
-1211418496.5769746 -405314766.0428749 31629344.687567946
-1211417891.5343409 -405315715.1050044 31629339.282122474
-1211417286.4907262 -405316664.1661098 31629333.876653496
-1211416681.4461305 -405317613.2261912 31629328.471161015
-1211416076.4005537 -405318562.2852486 31629323.065645028
-1211415471.3539958 -405319511.34328187 31629317.660105538
-1211414866.3064568 -405320460.40029114 31629312.254542544
-1211414261.2579367 -405321409.45627636 31629306.84895605
-1211413656.2084358 -405322358.5112375 31629301.44334605
-1211413051.1579537 -405323307.5651746 31629296.037712544
-1211412446.1064906 -405324256.61808765 31629290.632055536
-1211411841.0540464 -405325205.66997665 31629285.226375025
-1211411236.0006213 -405326154.7208416 31629279.82067101
-1211410630.9462152 -405327103.77068245 31629274.414943494
-1211410025.890828 -405328052.81949925 31629269.009192474
-1211409420.8344598 -405329001.86729205 31629263.603417955
-1211408815.7771106 -405329950.9140608 31629258.197619934
-1211408210.7187803 -405330899.9598054 31629252.79179841
-1211407605.6594691 -405331849.004526 31629247.38595338
-1211407000.599177 -405332798.04822254 31629241.980084855
-1211406395.5379038 -405333747.090895 31629236.574192826
-1211405790.4756496 -405334696.1325434 31629231.168277293
-1211405185.4124143 -405335645.1731677 31629225.762338262
-1211404580.3481982 -405336594.21276796 31629220.356375728
-1211403975.283001 -405337543.25134414 31629214.950389694
-1211403370.2168229 -405338492.28889626 31629209.544380162
-1211402765.1496637 -405339441.3254243 31629204.138347127
-1211402160.0815237 -405340390.3609283 31629198.732290592
-1211401555.0124025 -405341339.3954082 31629193.32621056
-1211400949.9423006 -405342288.42886406 31629187.920107022
-1211400344.8712175 -405343237.46129584 31629182.513979986
-1211399739.7991536 -405344186.4927035 31629177.10782945
-1211399134.7261086 -405345135.5230871 31629171.701655418
-1211398529.6520827 -405346084.5524466 31629166.295457885
-1211397924.577076 -405347033.58078206 31629160.889236853
-1211397319.5010881 -405347982.60809344 31629155.48299232
-1211396714.4241195 -405348931.6343807 31629150.07672429
-1211396109.3461697 -405349880.6596439 31629144.67043276
-1211395504.267239 -405350829.683883 31629139.264117733
-1211394899.1873276 -405351778.707098 31629133.85777921
-1211394294.1064353 -405352727.72928894 31629128.451417185
-1211393689.024562 -405353676.7504558 31629123.045031663
-1211393083.9417076 -405354625.77059853 31629117.63862264
-1211392478.8578725 -405355574.7897172 31629112.232190125
-1211391873.7730563 -405356523.8078118 31629106.82573411
-1211391268.6872592 -405357472.82488227 31629101.419254597
-1211390663.6004813 -405358421.8409287 31629096.012751587
-1211390058.5127225 -405359370.85595095 31629090.60622508
-1211389453.4239829 -405360319.86994916 31629085.199675076
-1211388848.3342621 -405361268.88292325 31629079.793101575
-1211388243.2435606 -405362217.89487326 31629074.38650458
-1211387638.151878 -405363166.90579915 31629068.979884088
-1211387033.0592148 -405364115.915701 31629063.573240098
-1211386427.9655707 -405365064.92457867 31629058.16657261
-1211385822.8709457 -405366013.9324323 31629052.75988163
-1211385217.7753398 -405366962.9392618 31629047.353167154
-1211384612.6787531 -405367911.94506717 31629041.94642918
-1211384007.5811853 -405368860.9498485 31629036.539667714
-1211383402.4826367 -405369809.95360565 31629031.13288275
-1211382797.3831072 -405370758.9563387 31629025.726074293
-1211382192.2825968 -405371707.9580477 31629020.31924234
-1211381587.1811056 -405372656.95873255 31629014.91238689
-1211380982.0786335 -405373605.9583933 31629009.50550795
-1211380376.9751806 -405374554.9570299 31629004.098605514
-1211379771.8707469 -405375503.9546424 31628998.691679582
-1211379166.7653325 -405376452.9512308 31628993.28473016
-1211378561.6589372 -405377401.9467951 31628987.87775724
-1211377956.551561 -405378350.94133526 31628982.47076083
-1211377351.4432042 -405379299.9348513 31628977.063740924
-1211376746.3338664 -405380248.9273432 31628971.656697527
-1211376141.2235477 -405381197.91881096 31628966.249630634
-1211375536.1122482 -405382146.90925467 31628960.84254025
-1211374930.9999678 -405383095.89867425 31628955.43542637
-1211374325.8867068 -405384044.8870697 31628950.028288998
-1211373720.772465 -405384993.874441 31628944.621128134
-1211373115.6572423 -405385942.8607882 31628939.21394378
-1211372510.5410388 -405386891.8461113 31628933.806735933
-1211371905.4238544 -405387840.83041024 31628928.399504595
-1211371300.3056893 -405388789.81368506 31628922.99224976
-1211370695.1865435 -405389738.7959357 31628917.584971435
-1211370090.0664167 -405390687.7771622 31628912.17766962
-1211369484.9453092 -405391636.7573646 31628906.770344313
-1211368879.823221 -405392585.7365428 31628901.362995517
-1211368274.700152 -405393534.71469694 31628895.955623228
-1211367669.576102 -405394483.69182694 31628890.548227448
-1211367064.4510715 -405395432.6679328 31628885.140808176
-1211366459.3250601 -405396381.6430145 31628879.733365417
-1211365854.198068 -405397330.61707205 31628874.325899165
-1211365249.070095 -405398279.5901055 31628868.918409422
-1211364643.9411414 -405399228.5621148 31628863.51089619
-1211364038.811207 -405400177.5330999 31628858.10335947
-1211363433.680292 -405401126.5030609 31628852.695799258
-1211362828.548396 -405402075.47199774 31628847.288215555
-1211362223.4155195 -405403024.4399104 31628841.880608365
-1211361618.2816622 -405403973.40679896 31628836.472977687
-1211361013.1468241 -405404922.3726634 31628831.065323517
-1211360408.0110054 -405405871.3375036 31628825.65764586
-1211359802.8742058 -405406820.3013197 31628820.249944713
-1211359197.7364256 -405407769.26411164 31628814.84222008
-1211358592.5976646 -405408718.22587943 31628809.434471957
-1211357987.457923 -405409667.18662304 31628804.026700348
-1211357382.3172004 -405410616.1463425 31628798.61890525
-1211356777.1754973 -405411565.1050378 31628793.211086664
-1211356172.0328135 -405412514.062709 31628787.80324459
-1211355566.889149 -405413463.01935595 31628782.39537903
-1211354961.7445037 -405414411.9749788 31628776.98748998
-1211354356.5988777 -405415360.92957747 31628771.579577442
-1211353751.452271 -405416309.883152 31628766.171641417
-1211353146.3046837 -405417258.83570236 31628760.763681907
-1211352541.1561155 -405418207.7872285 31628755.35569891
-1211351936.0065668 -405419156.73773056 31628749.947692424
-1211351330.8560374 -405420105.6872084 31628744.539662454
-1211350725.7045274 -405421054.6356621 31628739.131608997
-1211350120.5520365 -405422003.58309156 31628733.723532055
-1211349515.398565 -405422952.5294969 31628728.315431625
-1211348910.244113 -405423901.4748781 31628722.90730771
-1211348305.0886803 -405424850.41923505 31628717.49916031
-1211347699.932267 -405425799.36256784 31628712.090989422
-1211347094.7748728 -405426748.3048765 31628706.68279505
-1211346489.616498 -405427697.246161 31628701.274577197
-1211345884.4571426 -405428646.1864213 31628695.866335854
-1211345279.2968066 -405429595.1256574 31628690.458071027
-1211344674.13549 -405430544.0638693 31628685.049782716
-1211344068.9731927 -405431493.001057 31628679.64147092
-1211343463.8099148 -405432441.9372206 31628674.23313564
-1211342858.6456563 -405433390.87235993 31628668.824776877
-1211342253.4804173 -405434339.8064751 31628663.41639463
-1211341648.3141975 -405435288.7395661 31628658.007988896
-1211341043.1469972 -405436237.6716329 31628652.599559683
-1211340437.9788163 -405437186.6026755 31628647.191106986
-1211339832.8096547 -405438135.5326939 31628641.782630805
-1211339227.6395125 -405439084.46168816 31628636.37413114
-1211338622.4683897 -405440033.3896582 31628630.965607993
-1211338017.2962863 -405440982.3166041 31628625.557061363
-1211337412.1232023 -405441931.24252576 31628620.148491252
-1211336806.9491377 -405442880.1674232 31628614.739897657
-1211336201.7740924 -405443829.09129643 31628609.33128058
-1211335596.5980666 -405444778.0141455 31628603.922640022
-1211334991.42106 -405445726.93597037 31628598.51397598
-1211334386.243073 -405446675.85677105 31628593.10528846
-1211333781.0641053 -405447624.7765475 31628587.696577456
-1211333175.8841572 -405448573.69529974 31628582.28784297
-1211332570.7032285 -405449522.6130278 31628576.879085004
-1211331965.5213192 -405450471.5297317 31628571.470303558
-1211331360.3384292 -405451420.4454113 31628566.06149863
-1211330755.1545587 -405452369.3600668 31628560.652670223
-1211330149.9697077 -405453318.27369803 31628555.243818335
-1211329544.7838762 -405454267.18630505 31628549.834942967
-1211328939.597064 -405455216.0978879 31628544.426044118
-1211328334.4092715 -405456165.00844646 31628539.017121788
-1211327729.2204983 -405457113.91798085 31628533.608175978
-1211327124.0307446 -405458062.826491 31628528.199206688
-1211326518.8400102 -405459011.73397696 31628522.790213916
-1211325913.6482954 -405459960.6404387 31628517.38119767
-1211325308.4556 -405460909.5458762 31628511.97215794
-1211324703.2619243 -405461858.4502895 31628506.563094735
-1211324098.067268 -405462807.3536786 31628501.15400805
-1211323492.871631 -405463756.25604343 31628495.744897883
-1211322887.6750135 -405464705.1573841 31628490.33576424
-1211322282.4774156 -405465654.0577005 31628484.92660712
-1211321677.2788372 -405466602.9569927 31628479.51742652
-1211321072.0792782 -405467551.85526067 31628474.108222444
-1211320466.8787389 -405468500.7525044 31628468.69899489
-1211319861.677219 -405469449.6487239 31628463.289743856
-1211319256.4747186 -405470398.5439192 31628457.880469345
-1211318651.2712376 -405471347.43809026 31628452.471171357
-1211318046.0667763 -405472296.3312371 31628447.061849892
-1211317440.8613343 -405473245.22335964 31628441.65250495
-1211316835.654912 -405474194.11445796 31628436.243136533
-1211316230.447509 -405475143.0045321 31628430.833744638
-1211315625.2391257 -405476091.893582 31628425.424329266
-1211315020.029762 -405477040.7816076 31628420.014890417
-1211314414.8194177 -405477989.668609 31628414.605428092
-1211313809.608093 -405478938.5545862 31628409.19594229
-1211313204.3957877 -405479887.4395391 31628403.786433015
-1211312599.182502 -405480836.32346773 31628398.376900263
-1211311993.968236 -405481785.20637214 31628392.967344034
-1211311388.7529895 -405482734.0882523 31628387.557764333
-1211310783.5367625 -405483682.9691082 31628382.148161154
-1211310178.319555 -405484631.8489399 31628376.7385345
-1211309573.1013672 -405485580.7277473 31628371.32888437
-1211308967.8821988 -405486529.6055305 31628365.91921077
-1211308362.66205 -405487478.48228943 31628360.50951369
-1211307757.4409208 -405488427.3580241 31628355.09979314
-1211307152.2188113 -405489376.23273456 31628349.690049116
-1211306546.9957213 -405490325.10642076 31628344.280281615
-1211305941.7716508 -405491273.9790827 31628338.87049064
-1211305336.5465999 -405492222.8507204 31628333.460676193
-1211304731.3205686 -405493171.7213338 31628328.050838273
-1211304126.093557 -405494120.59092295 31628322.64097688
-1211303520.8655648 -405495069.45948786 31628317.231092013
-1211302915.6365924 -405496018.3270285 31628311.821183674
-1211302310.4066396 -405496967.19354486 31628306.41125186
-1211301705.1757064 -405497916.05903697 31628301.001296576
-1211301099.9437928 -405498864.9235048 31628295.591317818
-1211300494.7108989 -405499813.78694844 31628290.181315586
-1211299889.4770246 -405500762.64936775 31628284.77128988
-1211299284.2421699 -405501711.5107628 31628279.361240707
-1211298679.0063348 -405502660.37113357 31628273.95116806
-1211298073.7695193 -405503609.2304801 31628268.54107194
-1211297468.5317235 -405504558.08880234 31628263.13095235
-1211296863.2929473 -405505506.9461003 31628257.72080929
-1211296258.0531907 -405506455.802374 31628252.310642757
-1211295652.8124537 -405507404.6576234 31628246.90045275
-1211295047.5707364 -405508353.51184857 31628241.490239277
-1211294442.3280387 -405509302.3650494 31628236.080002334
-1211293837.0843606 -405510251.217226 31628230.669741917
-1211293231.8397021 -405511200.0683783 31628225.25945803
-1211292626.5940633 -405512148.9185064 31628219.849150676
-1211292021.3474443 -405513097.76761013 31628214.43881985
-1211291416.099845 -405514046.6156896 31628209.028465558
-1211290810.8512652 -405514995.4627448 31628203.618087795
-1211290205.601705 -405515944.30877566 31628198.207686562
-1211289600.3511646 -405516893.15378225 31628192.79726186
-1211288995.099644 -405517841.9977646 31628187.38681369
-1211288389.847143 -405518790.8407226 31628181.97634205
-1211287784.5936615 -405519739.68265635 31628176.56584694
-1211287179.3391998 -405520688.5235658 31628171.15532836
-1211286574.0837579 -405521637.363451 31628165.74478631
-1211285968.8273356 -405522586.2023119 31628160.334220797
-1211285363.569933 -405523535.04014844 31628154.923631813
-1211284758.3115501 -405524483.8769607 31628149.51301936
-1211284153.052187 -405525432.71274865 31628144.102383442
-1211283547.7918434 -405526381.54751235 31628138.691724055
-1211282942.5305197 -405527330.38125175 31628133.2810412
-1211282337.2682157 -405528279.21396685 31628127.87033488
-1211281732.0049314 -405529228.04565763 31628122.45960509
-1211281126.7406669 -405530176.8763241 31628117.048851836
-1211280521.475422 -405531125.7059663 31628111.638075113
-1211279916.2091968 -405532074.53458416 31628106.227274925
-1211279310.9419913 -405533023.3621777 31628100.81645127
-1211278705.6738057 -405533972.188747 31628095.40560415
-1211278100.4046397 -405534921.01429194 31628089.99473356
-1211277495.1344936 -405535869.8388126 31628084.583839506
-1211276889.863367 -405536818.66230893 31628079.172921985
-1211276284.5912604 -405537767.48478097 31628073.761981
-1211275679.3181736 -405538716.30622864 31628068.351016548
-1211275074.0441065 -405539665.126652 31628062.940028634
-1211274468.7690592 -405540613.94605106 31628057.529017255
-1211273863.4930315 -405541562.7644258 31628052.11798241
-1211273258.2160237 -405542511.58177626 31628046.7069241
-1211272652.9380357 -405543460.3981024 31628041.295842323
-1211272047.6590674 -405544409.2134042 31628035.884737086
-1211271442.379119 -405545358.02768165 31628030.473608382
-1211270837.0981903 -405546306.8409348 31628025.062456217
-1211270231.8162813 -405547255.6531636 31628019.651280586
-1211269626.5333922 -405548204.4643681 31628014.240081493
-1211269021.249523 -405549153.2745483 31628008.828858934
-1211268415.9646733 -405550102.0837041 31628003.417612914
-1211267810.6788435 -405551050.89183563 31627998.006343428
-1211267205.3920336 -405551999.69894284 31627992.59505048
-1211266600.1042435 -405552948.5050257 31627987.18373407
-1211265994.8154733 -405553897.3100842 31627981.7723942
-1211265389.5257227 -405554846.1141184 31627976.36103086
-1211264784.234992 -405555794.91712826 31627970.949644063
-1211264178.9432812 -405556743.71911377 31627965.5382338
-1211263573.6505902 -405557692.52007496 31627960.12680008
-1211262968.356919 -405558641.3200118 31627954.715342894
-1211262363.0622678 -405559590.1189243 31627949.303862248
-1211261757.7666364 -405560538.9168125 31627943.89235814
-1211261152.4700246 -405561487.71367633 31627938.480830573
-1211260547.1724327 -405562436.5095158 31627933.069279544
-1211259941.8738606 -405563385.30433095 31627927.657705054
-1211259336.5743084 -405564334.09812176 31627922.2461071
-1211258731.273776 -405565282.8908882 31627916.83448569
-1211258125.9722636 -405566231.6826303 31627911.42284082
-1211257520.669771 -405567180.473348 31627906.011172485
-1211256915.3662982 -405568129.26304144 31627900.599480692
-1211256310.0618453 -405569078.0517105 31627895.187765438
-1211255704.7564123 -405570026.8393552 31627889.776026726
-1211255099.449999 -405570975.6259755 31627884.364264555
-1211254494.1426058 -405571924.4115715 31627878.952478923
-1211253888.8342326 -405572873.19614315 31627873.540669832
-1211253283.5248792 -405573821.97969043 31627868.128837284
-1211252678.2145457 -405574770.76221335 31627862.716981277
-1211252072.903232 -405575719.5437119 31627857.30510181
-1211251467.5909383 -405576668.3241861 31627851.89319888
-1211250862.2776644 -405577617.1036359 31627846.481272496
-1211250256.9634104 -405578565.88206136 31627841.069322653
-1211249651.6481764 -405579514.65946245 31627835.65734935
-1211249046.3319623 -405580463.4358392 31627830.245352592
-1211248441.0147681 -405581412.21119153 31627824.833332375
-1211247835.6965938 -405582360.9855195 31627819.421288703
-1211247230.3774395 -405583309.75882316 31627814.009221572
-1211246625.057305 -405584258.5311024 31627808.597130984
-1211246019.7361906 -405585207.3023573 31627803.185016938
-1211245414.4140959 -405586156.07258785 31627797.772879437
-1211244809.0910213 -405587104.841794 31627792.360718478
-1211244203.7669666 -405588053.6099758 31627786.94853406
-1211243598.4419317 -405589002.37713325 31627781.53632619
-1211242993.115917 -405589951.14326626 31627776.124094862
-1211242387.788922 -405590899.9083749 31627770.71184008
-1211241782.460947 -405591848.6724592 31627765.29956184
-1211241177.131992 -405592797.4355191 31627759.887260143
-1211240571.802057 -405593746.1975546 31627754.47493499
-1211239966.471142 -405594694.9585657 31627749.062586386
-1211239361.139247 -405595643.7185525 31627743.650214326
-1211238755.806372 -405596592.4775148 31627738.237818807
-1211238150.4725168 -405597541.2354528 31627732.825399835
-1211237545.1376817 -405598489.9923664 31627727.412957408
-1211236939.8018665 -405599438.74825555 31627722.000491526
-1211236334.4650714 -405600387.50312036 31627716.58800219
-1211235729.1272962 -405601336.25696075 31627711.1754894
-1211235123.788541 -405602285.0097768 31627705.76295316
-1211234518.4488058 -405603233.7615684 31627700.350393463
-1211233913.1080906 -405604182.51233566 31627694.937810313
-1211233307.7663953 -405605131.2620785 31627689.52520371
-1211232702.4237201 -405606080.01079696 31627684.112573653
-1211232097.080065 -405607028.758491 31627678.699920144
-1211231491.7354298 -405607977.5051606 31627673.28724318
-1211230886.3898146 -405608926.25080585 31627667.874542765
-1211230281.0432193 -405609874.9954267 31627662.461818896
-1211229675.6956441 -405610823.73902315 31627657.049071576
-1211229070.347089 -405611772.48159516 31627651.636300802
-1211228464.997554 -405612721.2231428 31627646.223506577
-1211227859.647039 -405613669.963666 31627640.8106889
-1211227254.295544 -405614618.7031648 31627635.39784777
-1211226648.943069 -405615567.44163924 31627629.98498319
-1211226043.5896142 -405616516.17908925 31627624.57209516
-1211225438.2351792 -405617464.9155148 31627619.159183677
-1211224832.8797643 -405618413.650916 31627613.746248744
-1211224227.5233696 -405619362.38529277 31627608.33329036
-1211223622.165995 -405620311.11864513 31627602.920308527
-1211223016.8076403 -405621259.85097307 31627597.50730324
-1211222411.4483056 -405622208.5822766 31627592.094274506
-1211221806.087991 -405623157.3125557 31627586.68122232
-1211221200.7266965 -405624106.04181033 31627581.268146683
-1211220595.364422 -405625054.7700406 31627575.855047595
-1211219990.0011678 -405626003.4972464 31627570.44192506
-1211219384.6369336 -405626952.2234278 31627565.028779075
-1211218779.2717195 -405627900.94858474 31627559.61560964
-1211218173.9055254 -405628849.6727173 31627554.202416755
-1211217568.5383515 -405629798.3958254 31627548.78920042
-1211216963.1701977 -405630747.1179091 31627543.37596064
-1211216357.801064 -405631695.83896834 31627537.96269741
-1211215752.4309504 -405632644.5590032 31627532.54941073
-1211215147.059857 -405633593.2780136 31627527.1361006
-1211214541.6877835 -405634541.9959996 31627521.722767025
-1211213936.3147302 -405635490.71296114 31627516.309410002
-1211213330.940697 -405636439.4288983 31627510.896029532
-1211212725.5656838 -405637388.1438109 31627505.482625615
-1211212120.1896908 -405638336.85769916 31627500.069198247
-1211211514.812718 -405639285.57056296 31627494.655747432
-1211210909.434765 -405640234.28240234 31627489.24227317
-1211210304.0558326 -405641182.99321723 31627483.82877546
-1211209698.6759202 -405642131.7030077 31627478.415254306
-1211209093.295028 -405643080.41177374 31627473.001709703
-1211208487.9131558 -405644029.11951536 31627467.588141657
-1211207882.5303037 -405644977.8262325 31627462.174550164
-1211207277.146472 -405645926.5319252 31627456.760935225
-1211206671.7616603 -405646875.2365934 31627451.347296838
-1211206066.3758688 -405647823.9402372 31627445.933635008
-1211205460.9890974 -405648772.6428566 31627440.51994973
-1211204855.6013463 -405649721.3444515 31627435.10624101
-1211204250.2126153 -405650670.04502195 31627429.692508843
-1211203644.8229043 -405651618.74456793 31627424.278753232
-1211203039.4322135 -405652567.4430895 31627418.864974175
-1211202434.040543 -405653516.14058656 31627413.451171674
-1211201828.6478927 -405654464.8370592 31627408.037345726
-1211201223.2542627 -405655413.53250736 31627402.623496335
-1211200617.8596528 -405656362.2269311 31627397.2096235
-1211200012.464063 -405657310.92033035 31627391.795727223
-1211199407.0674934 -405658259.6127051 31627386.3818075
-1211198801.669944 -405659208.30405545 31627380.96786433
-1211198196.271415 -405660156.9943813 31627375.55389772
-1211197590.871906 -405661105.6836827 31627370.139907666
-1211196985.4714172 -405662054.3719596 31627364.725894168
-1211196380.0699487 -405663003.0592121 31627359.311857227
-1211195774.6675003 -405663951.74544007 31627353.897796847
-1211195169.2640722 -405664900.43064356 31627348.483713023
-1211194563.8596644 -405665849.1148226 31627343.069605757
-1211193958.4542768 -405666797.7979772 31627337.655475046
-1211193353.0479095 -405667746.4801073 31627332.241320893
-1211192747.6405623 -405668695.1612129 31627326.8271433
-1211192142.2322354 -405669643.84129405 31627321.412942264
-1211191536.8229287 -405670592.5203507 31627315.99871779
-1211190931.4126422 -405671541.19838285 31627310.58446987
-1211190326.0013762 -405672489.8753906 31627305.17019851
-1211189720.5891302 -405673438.55137384 31627299.75590371
-1211189115.1759045 -405674387.2263326 31627294.34158547
-1211188509.7616992 -405675335.9002669 31627288.927243788
-1211187904.346514 -405676284.5731767 31627283.512878664
-1211187298.930349 -405677233.245062 31627278.0984901
-1211186693.5132046 -405678181.9159228 31627272.684078097
-1211186088.0950801 -405679130.58575916 31627267.269642655
-1211185482.675976 -405680079.25457096 31627261.855183773
-1211184877.2558923 -405681027.9223583 31627256.44070145
-1211184271.8348289 -405681976.5891211 31627251.02619569
-1211183666.4127858 -405682925.25485945 31627245.61166649
-1211183060.9897628 -405683873.9195733 31627240.19711385
-1211182455.5657601 -405684822.5832627 31627234.78253777
-1211181850.1407778 -405685771.2459275 31627229.36793825
-1211181244.7148159 -405686719.90756786 31627223.95331529
-1211180639.2878742 -405687668.5681837 31627218.538668897
-1211180033.859953 -405688617.2277751 31627213.123999063
-1211179428.4310517 -405689565.8863419 31627207.70930579
-1211178823.0011709 -405690514.5438843 31627202.29458908
-1211178217.5703104 -405691463.20040214 31627196.87984893
-1211177612.1384702 -405692411.85589546 31627191.465085346
-1211177006.7056503 -405693360.5103643 31627186.050298322
-1211176401.2718508 -405694309.16380864 31627180.635487862
-1211175795.8370717 -405695257.81622845 31627175.220653966
-1211175190.4013128 -405696206.4676238 31627169.80579663
-1211174584.9645743 -405697155.11799455 31627164.39091586
-1211173979.5268562 -405698103.76734084 31627158.976011652
-1211173374.0881584 -405699052.41566265 31627153.56108401
-1211172768.648481 -405700001.0629599 31627148.14613293
-1211172163.2078238 -405700949.7092326 31627142.731158417
-1211171557.766187 -405701898.35448086 31627137.316160467
-1211170952.3235707 -405702846.99870455 31627131.90113908
-1211170346.8799748 -405703795.64190376 31627126.48609426
-1211169741.4353993 -405704744.2840784 31627121.071026
-1211169135.989844 -405705692.9252286 31627115.655934308
-1211168530.5433092 -405706641.5653542 31627110.24081918
-1211167925.0957947 -405707590.2044553 31627104.825680614
-1211167319.6473005 -405708538.8425319 31627099.410518616
-1211166714.1978269 -405709487.479584 31627093.995333184
-1211166108.7473736 -405710436.1156115 31627088.58012432
-1211165503.2959406 -405711384.75061446 31627083.164892018
-1211164897.843528 -405712333.38459295 31627077.749636285
-1211164292.390136 -405713282.0175469 31627072.334357116
-1211163686.9357643 -405714230.6494763 31627066.919054516
-1211163081.480413 -405715179.28038114 31627061.50372848
-1211162476.024082 -405716127.91026145 31627056.08837901
