1847469304949.2493 2278884459433.028 -15470386866.380127
1847468904447.4355 2278884757276.515 -15470380571.756624
1847468503945.5671 2278885055119.9346 -15470374277.132664
1847468103443.6443 2278885352963.2866 -15470367982.508245
1847467702941.6667 2278885650806.5713 -15470361687.88337
1847467302439.6345 2278885948649.7886 -15470355393.258038
1847466901937.5476 2278886246492.9385 -15470349098.632248
1847466501435.406 2278886544336.021 -15470342804.006
1847466100933.2097 2278886842179.036 -15470336509.379295
1847465700430.9587 2278887140021.9834 -15470330214.752132
1847465299928.653 2278887437864.8633 -15470323920.124512
1847464899426.2927 2278887735707.676 -15470317625.496433
1847464498923.8777 2278888033550.421 -15470311330.867897
1847464098421.408 2278888331393.0986 -15470305036.238903
1847463697918.8835 2278888629235.709 -15470298741.609451
1847463297416.3044 2278888927078.252 -15470292446.979544
1847462896913.6707 2278889224920.727 -15470286152.349178
1847462496410.9822 2278889522763.135 -15470279857.718355
1847462095908.239 2278889820605.475 -15470273563.087074
1847461695405.4412 2278890118447.748 -15470267268.455336
1847461294902.5886 2278890416289.9536 -15470260973.82314
1847460894399.6814 2278890714132.092 -15470254679.190485
1847460493896.7195 2278891011974.162 -15470248384.557373
1847460093393.703 2278891309816.165 -15470242089.923803
1847459692890.6316 2278891607658.1006 -15470235795.289776
1847459292387.5056 2278891905499.9688 -15470229500.655293
1847458891884.325 2278892203341.7695 -15470223206.020351
1847458491381.0896 2278892501183.503 -15470216911.384953
1847458090877.7996 2278892799025.169 -15470210616.749096
1847457690374.4548 2278893096866.767 -15470204322.112782
1847457289871.0554 2278893394708.298 -15470198027.47601
1847456889367.6013 2278893692549.761 -15470191732.83878
1847456488864.0925 2278893990391.157 -15470185438.201092
1847456088360.529 2278894288232.486 -15470179143.562946
1847455687856.911 2278894586073.747 -15470172848.924343
1847455287353.238 2278894883914.9404 -15470166554.285284
1847454886849.5105 2278895181756.0664 -15470160259.645767
1847454486345.7283 2278895479597.125 -15470153965.005793
1847454085841.8914 2278895777438.116 -15470147670.36536
1847453685337.9998 2278896075279.04 -15470141375.72447
1847453284834.0535 2278896373119.8965 -15470135081.083122
1847452884330.0525 2278896670960.6855 -15470128786.441317
1847452483825.9968 2278896968801.4067 -15470122491.799053
1847452083321.8865 2278897266642.0605 -15470116197.156332
1847451682817.7214 2278897564482.647 -15470109902.513153
1847451282313.5017 2278897862323.166 -15470103607.869518
1847450881809.2273 2278898160163.6177 -15470097313.225426
1847450481304.8982 2278898458004.002 -15470091018.580875
1847450080800.5144 2278898755844.3184 -15470084723.935867
1847449680296.076 2278899053684.5674 -15470078429.290401
1847449279791.5828 2278899351524.749 -15470072134.644478
1847448879287.035 2278899649364.8633 -15470065839.998096
1847448478782.4324 2278899947204.91 -15470059545.351257
1847448078277.7751 2278900245044.8896 -15470053250.70396
1847447677773.0632 2278900542884.802 -15470046956.056208
1847447277268.2966 2278900840724.646 -15470040661.407997
1847446876763.4753 2278901138564.423 -15470034366.759329
1847446476258.5994 2278901436404.1323 -15470028072.110203
1847446075753.6687 2278901734243.7744 -15470021777.460619
1847445675248.6833 2278902032083.349 -15470015482.810577
1847445274743.6433 2278902329922.8564 -15470009188.160078
1847444874238.5486 2278902627762.296 -15470002893.50912
1847444473733.3992 2278902925601.668 -15469996598.857706
1847444073228.195 2278903223440.9727 -15469990304.205833
1847443672722.9363 2278903521280.21 -15469984009.553505
1847443272217.6228 2278903819119.38 -15469977714.900719
1847442871712.2546 2278904116958.4824 -15469971420.247475
1847442471206.8318 2278904414797.5176 -15469965125.593773
1847442070701.3542 2278904712636.485 -15469958830.939613
1847441670195.822 2278905010475.385 -15469952536.284996
1847441269690.235 2278905308314.2173 -15469946241.629921
1847440869184.5935 2278905606152.9824 -15469939946.974388
1847440468678.8972 2278905903991.68 -15469933652.318398
1847440068173.1462 2278906201830.3105 -15469927357.66195
1847439667667.3406 2278906499668.873 -15469921063.005045
1847439267161.4805 2278906797507.368 -15469914768.347683
1847438866655.5657 2278907095345.796 -15469908473.689863
1847438466149.5962 2278907393184.1562 -15469902179.031586
1847438065643.572 2278907691022.449 -15469895884.37285
1847437665137.4932 2278907988860.675 -15469889589.713657
1847437264631.3596 2278908286698.833 -15469883295.054007
1847436864125.1714 2278908584536.9233 -15469877000.393898
1847436463618.9285 2278908882374.9463 -15469870705.733332
1847436063112.6309 2278909180212.902 -15469864411.07231
1847435662606.2786 2278909478050.79 -15469858116.41083
1847435262099.8716 2278909775888.611 -15469851821.748892
1847434861593.41 2278910073726.3643 -15469845527.086496
1847434461086.8936 2278910371564.05 -15469839232.423643
1847434060580.3225 2278910669401.668 -15469832937.760332
1847433660073.6968 2278910967239.2188 -15469826643.096563
1847433259567.0164 2278911265076.702 -15469820348.432337
1847432859060.2812 2278911562914.118 -15469814053.767653
1847432458553.4915 2278911860751.467 -15469807759.10251
1847432058046.647 2278912158588.748 -15469801464.436913
1847431657539.7478 2278912456425.9614 -15469795169.770857
1847431257032.794 2278912754263.1074 -15469788875.104343
1847430856525.7854 2278913052100.186 -15469782580.437372
1847430456018.7222 2278913349937.1973 -15469776285.769943
1847430055511.6042 2278913647774.141 -15469769991.102057
1847429655004.4316 2278913945611.0176 -15469763696.433712
1847429254497.2043 2278914243447.826 -15469757401.76491
1847428853989.9224 2278914541284.5674 -15469751107.09565
1847428453482.5857 2278914839121.241 -15469744812.425934
1847428052975.1943 2278915136957.8477 -15469738517.75576
1847427652467.7483 2278915434794.3867 -15469732223.085129
1847427251960.2476 2278915732630.8584 -15469725928.41404
1847426851452.6921 2278916030467.2627 -15469719633.742493
1847426450945.082 2278916328303.599 -15469713339.070488
1847426050437.4172 2278916626139.868 -15469707044.398026
1847425649929.6978 2278916923976.07 -15469700749.725105
1847425249421.9236 2278917221812.204 -15469694455.051727
1847424848914.0947 2278917519648.271 -15469688160.377893
1847424448406.2112 2278917817484.2705 -15469681865.703602
1847424047898.273 2278918115320.202 -15469675571.028852
1847423647390.28 2278918413156.0664 -15469669276.353645
1847423246882.2324 2278918710991.8633 -15469662981.67798
1847422846374.1301 2278919008827.593 -15469656687.001858
1847422445865.9731 2278919306663.255 -15469650392.325277
1847422045357.7615 2278919604498.8496 -15469644097.64824
1847421644849.495 2278919902334.377 -15469637802.970743
1847421244341.174 2278920200169.8364 -15469631508.292791
1847420843832.7983 2278920498005.2285 -15469625213.614382
1847420443324.368 2278920795840.553 -15469618918.935514
1847420042815.8828 2278921093675.8105 -15469612624.25619
1847419642307.343 2278921391511.0005 -15469606329.576406
1847419241798.7485 2278921689346.123 -15469600034.896166
1847418841290.0994 2278921987181.1777 -15469593740.215467
1847418440781.3955 2278922285016.165 -15469587445.534311
1847418040272.637 2278922582851.085 -15469581150.852697
1847417639763.8237 2278922880685.9375 -15469574856.170626
1847417239254.9558 2278923178520.7227 -15469568561.488098
1847416838746.0332 2278923476355.4404 -15469562266.805113
1847416438237.056 2278923774190.091 -15469555972.12167
1847416037728.024 2278924072024.6733 -15469549677.437769
1847415637218.9373 2278924369859.1885 -15469543382.75341
1847415236709.7961 2278924667693.636 -15469537088.068594
1847414836200.6003 2278924965528.0166 -15469530793.38332
1847414435691.3499 2278925263362.3296 -15469524498.697588
1847414035182.0447 2278925561196.575 -15469518204.011398
1847413634672.6848 2278925859030.753 -15469511909.324753
1847413234163.2703 2278926156864.8633 -15469505614.63765
1847412833653.801 2278926454698.9062 -15469499319.950089
1847412433144.277 2278926752532.882 -15469493025.26207
1847412032634.6985 2278927050366.79 -15469486730.573593
1847411632125.0652 2278927348200.631 -15469480435.884659
1847411231615.3772 2278927646034.4043 -15469474141.195267
1847410831105.6345 2278927943868.11 -15469467846.505417
1847410430595.8372 2278928241701.748 -15469461551.81511
1847410030085.985 2278928539535.319 -15469455257.124346
1847409629576.0784 2278928837368.8223 -15469448962.433125
1847409229066.117 2278929135202.2583 -15469442667.741446
1847408828556.1008 2278929433035.627 -15469436373.049309
1847408428046.03 2278929730868.9277 -15469430078.356714
1847408027535.9045 2278930028702.161 -15469423783.663662
1847407627025.7244 2278930326535.327 -15469417488.970152
1847407226515.4895 2278930624368.426 -15469411194.276184
1847406826005.2 2278930922201.457 -15469404899.581758
1847406425494.8557 2278931220034.421 -15469398604.886877
1847406024984.4568 2278931517867.3174 -15469392310.191538
1847405624474.0032 2278931815700.146 -15469386015.49574
1847405223963.4949 2278932113532.907 -15469379720.799486
1847404823452.932 2278932411365.601 -15469373426.102774
1847404422942.3142 2278932709198.2275 -15469367131.405603
1847404022431.6418 2278933007030.7866 -15469360836.707975
1847403621920.9148 2278933304863.2783 -15469354542.00989
1847403221410.133 2278933602695.702 -15469348247.311348
1847402820899.2966 2278933900528.0586 -15469341952.612349
1847402420388.4055 2278934198360.3477 -15469335657.912891
1847402019877.4597 2278934496192.5693 -15469329363.212976
1847401619366.4592 2278934794024.7236 -15469323068.512604
1847401218855.404 2278935091856.8105 -15469316773.811773
1847400818344.2942 2278935389688.8296 -15469310479.110485
1847400417833.1296 2278935687520.7812 -15469304184.40874
1847400017321.9104 2278935985352.6655 -15469297889.706535
1847399616810.6365 2278936283184.4824 -15469291595.003876
1847399216299.3079 2278936581016.232 -15469285300.300758
1847398815787.9246 2278936878847.914 -15469279005.597183
1847398415276.4866 2278937176679.529 -15469272710.89315
1847398014764.994 2278937474511.0757 -15469266416.18866
1847397614253.4465 2278937772342.555 -15469260121.483711
1847397213741.8445 2278938070173.9673 -15469253826.778305
1847396813230.1877 2278938368005.312 -15469247532.072441
1847396412718.4763 2278938665836.5894 -15469241237.36612
1847396012206.7102 2278938963667.7993 -15469234942.659342
1847395611694.8894 2278939261498.9414 -15469228647.952106
1847395211183.014 2278939559330.016 -15469222353.244413
1847394810671.0837 2278939857161.0234 -15469216058.536263
1847394410159.0989 2278940154991.9634 -15469209763.827654
1847394009647.0596 2278940452822.836 -15469203469.118587
1847393609134.9656 2278940750653.641 -15469197174.409063
1847393208622.817 2278941048484.379 -15469190879.699081
1847392808110.6135 2278941346315.049 -15469184584.988642
1847392407598.3555 2278941644145.6514 -15469178290.277746
1847392007086.0427 2278941941976.1865 -15469171995.566393
1847391606573.6753 2278942239806.6543 -15469165700.854582
1847391206061.2532 2278942537637.0547 -15469159406.142313
1847390805548.7764 2278942835467.3877 -15469153111.429586
1847390405036.2449 2278943133297.653 -15469146816.716402
1847390004523.6587 2278943431127.8506 -15469140522.00276
1847389604011.0178 2278943728957.981 -15469134227.28866
1847389203498.3223 2278944026788.044 -15469127932.574104
1847388802985.572 2278944324618.0396 -15469121637.85909
1847388402472.767 2278944622447.968 -15469115343.14362
1847388001959.9075 2278944920277.8286 -15469109048.42769
1847387601446.9932 2278945218107.6216 -15469102753.711304
1847387200934.0242 2278945515937.347 -15469096458.99446
1847386800421.0005 2278945813767.0054 -15469090164.277157
1847386399907.922 2278946111596.596 -15469083869.559397
1847385999394.789 2278946409426.1196 -15469077574.841179
1847385598881.6013 2278946707255.5757 -15469071280.122505
1847385198368.359 2278947005084.964 -15469064985.403374
1847384797855.0618 2278947302914.2847 -15469058690.683784
1847384397341.71 2278947600743.538 -15469052395.963737
1847383996828.3035 2278947898572.724 -15469046101.243233
1847383596314.8423 2278948196401.843 -15469039806.52227
1847383195801.3264 2278948494230.894 -15469033511.80085
1847382795287.7559 2278948792059.8774 -15469027217.078972
1847382394774.1306 2278949089888.7935 -15469020922.356638
1847381994260.4507 2278949387717.642 -15469014627.633846
1847381593746.716 2278949685546.4233 -15469008332.910597
1847381193232.9268 2278949983375.137 -15469002038.18689
1847380792719.0828 2278950281203.7837 -15468995743.462725
1847380392205.184 2278950579032.363 -15468989448.738102
1847379991691.2307 2278950876860.874 -15468983154.013021
1847379591177.2227 2278951174689.318 -15468976859.287483
1847379190663.16 2278951472517.6943 -15468970564.561487
1847378790149.0425 2278951770346.0034 -15468964269.835035
1847378389634.8704 2278952068174.245 -15468957975.108126
1847377989120.6436 2278952366002.4194 -15468951680.380758
1847377588606.362 2278952663830.526 -15468945385.652933
1847377188092.026 2278952961658.565 -15468939090.92465
1847376787577.635 2278953259486.5366 -15468932796.19591
1847376387063.1895 2278953557314.441 -15468926501.466711
1847375986548.6892 2278953855142.278 -15468920206.737055
1847375586034.1345 2278954152970.0474 -15468913912.006943
1847375185519.5251 2278954450797.7495 -15468907617.276373
1847374785004.861 2278954748625.384 -15468901322.545345
1847374384490.1423 2278955046452.9507 -15468895027.81386
1847373983975.369 2278955344280.45 -15468888733.081917
1847373583460.5408 2278955642107.8823 -15468882438.349516
1847373182945.658 2278955939935.247 -15468876143.616657
1847372782430.7205 2278956237762.5444 -15468869848.88334
1847372381915.7283 2278956535589.774 -15468863554.149567
1847371981400.6814 2278956833416.936 -15468857259.415337
1847371580885.5798 2278957131244.031 -15468850964.680649
1847371180370.4236 2278957429071.058 -15468844669.945503
1847370779855.2126 2278957726898.018 -15468838375.2099
1847370379339.947 2278958024724.9106 -15468832080.473839
1847369978824.6267 2278958322551.7354 -15468825785.73732
1847369578309.2517 2278958620378.4927 -15468819491.000343
1847369177793.822 2278958918205.1826 -15468813196.262909
1847368777278.3376 2278959216031.805 -15468806901.525019
1847368376762.7986 2278959513858.3604 -15468800606.78667
1847367976247.2048 2278959811684.848 -15468794312.047865
1847367575731.5564 2278960109511.2686 -15468788017.308601
1847367175215.8533 2278960407337.621 -15468781722.56888
1847366774700.0955 2278960705163.9062 -15468775427.828701
1847366374184.283 2278961002990.124 -15468769133.088064
1847365973668.4158 2278961300816.2744 -15468762838.34697
1847365573152.494 2278961598642.3574 -15468756543.60542
1847365172636.5173 2278961896468.373 -15468750248.86341
1847364772120.486 2278962194294.321 -15468743954.120945
1847364371604.4001 2278962492120.201 -15468737659.378021
1847363971088.2595 2278962789946.014 -15468731364.63464
1847363570572.0642 2278963087771.76 -15468725069.8908
1847363170055.8142 2278963385597.438 -15468718775.146503
1847362769539.5095 2278963683423.049 -15468712480.401749
1847362369023.1501 2278963981248.592 -15468706185.656538
1847361968506.736 2278964279074.0674 -15468699890.91087
1847361567990.2673 2278964576899.4756 -15468693596.164743
1847361167473.744 2278964874724.8164 -15468687301.41816
1847360766957.1658 2278965172550.09 -15468681006.671118
1847360366440.533 2278965470375.296 -15468674711.923618
1847359965923.8455 2278965768200.4346 -15468668417.175661
1847359565407.1033 2278966066025.5054 -15468662122.427246
1847359164890.3064 2278966363850.509 -15468655827.678375
1847358764373.4548 2278966661675.445 -15468649532.929047
1847358363856.5488 2278966959500.3135 -15468643238.17926
1847357963339.5881 2278967257325.1147 -15468636943.429016
1847357562822.5728 2278967555149.8486 -15468630648.678314
1847357162305.5027 2278967852974.5146 -15468624353.927155
1847356761788.378 2278968150799.1133 -15468618059.175537
1847356361271.1985 2278968448623.6445 -15468611764.423462
1847355960753.9644 2278968746448.1084 -15468605469.67093
1847355560236.6755 2278969044272.505 -15468599174.917942
1847355159719.332 2278969342096.834 -15468592880.164495
1847354759201.9338 2278969639921.095 -15468586585.410591
1847354358684.481 2278969937745.289 -15468580290.656229
1847353958166.9734 2278970235569.4155 -15468573995.90141
1847353557649.4111 2278970533393.4746 -15468567701.146132
1847353157131.7942 2278970831217.4663 -15468561406.390396
1847352756614.1226 2278971129041.3906 -15468555111.634203
1847352356096.3962 2278971426865.2476 -15468548816.877554
1847351955578.6152 2278971724689.0366 -15468542522.120447
1847351555060.7795 2278972022512.7583 -15468536227.362883
1847351154542.8892 2278972320336.4126 -15468529932.60486
1847350754024.944 2278972618159.9995 -15468523637.84638
1847350353506.9443 2278972915983.519 -15468517343.087442
1847349952988.89 2278973213806.971 -15468511048.328047
1847349552470.7808 2278973511630.3555 -15468504753.568193
1847349151952.617 2278973809453.6724 -15468498458.807884
1847348751434.3984 2278974107276.922 -15468492164.047117
1847348350916.1252 2278974405100.104 -15468485869.285892
1847347950397.7974 2278974702923.2188 -15468479574.52421
1847347549879.4148 2278975000746.266 -15468473279.76207
1847347149360.9775 2278975298569.2456 -15468466984.999472
1847346748842.4856 2278975596392.1577 -15468460690.236416
1847346348323.939 2278975894215.0024 -15468454395.472904
1847345947805.3376 2278976192037.78 -15468448100.708935
1847345547286.6816 2278976489860.4897 -15468441805.944508
1847345146767.971 2278976787683.1323 -15468435511.179623
1847344746249.2056 2278977085505.7075 -15468429216.41428
1847344345730.3855 2278977383328.215 -15468422921.64848
1847343945211.5107 2278977681150.655 -15468416626.882221
1847343544692.5813 2278977978973.0273 -15468410332.115505
1847343144173.5972 2278978276795.3325 -15468404037.348333
1847342743654.5583 2278978574617.5703 -15468397742.580704
1847342343135.465 2278978872439.7407 -15468391447.812616
1847341942616.3171 2278979170261.8433 -15468385153.044071
1847341542097.1145 2278979468083.8784 -15468378858.275068
1847341141577.8572 2278979765905.846 -15468372563.505608
1847340741058.5452 2278980063727.7466 -15468366268.73569
1847340340539.1785 2278980361549.5796 -15468359973.965313
1847339940019.757 2278980659371.345 -15468353679.19448
1847339539500.281 2278980957193.043 -15468347384.423191
1847339138980.7502 2278981255014.6733 -15468341089.651443
1847338738461.1648 2278981552836.2363 -15468334794.879238
1847338337941.5247 2278981850657.732 -15468328500.106575
1847337937421.8298 2278982148479.16 -15468322205.333454
1847337536902.0803 2278982446300.521 -15468315910.559875
1847337136382.2761 2278982744121.8145 -15468309615.78584
1847336735862.4172 2278983041943.04 -15468303321.011347
1847336335342.5037 2278983339764.198 -15468297026.236397
1847335934822.5354 2278983637585.289 -15468290731.460989
1847335534302.5125 2278983935406.3125 -15468284436.685123
1847335133782.4348 2278984233227.2686 -15468278141.9088
1847334733262.3025 2278984531048.157 -15468271847.132019
1847334332742.1155 2278984828868.978 -15468265552.35478
1847333932221.8738 2278985126689.7314 -15468259257.577084
1847333531701.5774 2278985424510.4175 -15468252962.798931
1847333131181.2263 2278985722331.036 -15468246668.02032
1847332730660.8206 2278986020151.5874 -15468240373.241253
1847332330140.36 2278986317972.0713 -15468234078.461727
1847331929619.845 2278986615792.4873 -15468227783.681744
1847331529099.2751 2278986913612.836 -15468221488.901302
1847331128578.6506 2278987211433.117 -15468215194.120403
1847330728057.9714 2278987509253.331 -15468208899.339046
1847330327537.2375 2278987807073.4775 -15468202604.557234
1847329927016.449 2278988104893.5566 -15468196309.774963
1847329526495.6057 2278988402713.568 -15468190014.992235
1847329125974.7078 2278988700533.5117 -15468183720.20905
1847328725453.7551 2278988998353.388 -15468177425.425406
1847328324932.7478 2278989296173.1973 -15468171130.641304
1847327924411.6858 2278989593992.939 -15468164835.856745
1847327523890.569 2278989891812.6133 -15468158541.07173
1847327123369.398 2278990189632.22 -15468152246.286257
1847326722848.172 2278990487451.7593 -15468145951.500326
1847326322326.8916 2278990785271.231 -15468139656.713938
1847325921805.5564 2278991083090.6353 -15468133361.927092
1847325521284.1665 2278991380909.972 -15468127067.139788
1847325120762.722 2278991678729.2417 -15468120772.352026
1847324720241.2227 2278991976548.444 -15468114477.563807
1847324319719.6687 2278992274367.578 -15468108182.775131
1847323919198.06 2278992572186.645 -15468101887.985998
1847323518676.3967 2278992870005.6445 -15468095593.196407
1847323118154.6787 2278993167824.5767 -15468089298.406359
1847322717632.906 2278993465643.4414 -15468083003.615852
1847322317111.0786 2278993763462.239 -15468076708.824888
1847321916589.1965 2278994061280.9683 -15468070414.033466
1847321516067.2598 2278994359099.6304 -15468064119.241589
1847321115545.2683 2278994656918.225 -15468057824.449253
1847320715023.2222 2278994954736.7524 -15468051529.65646
1847320314501.1213 2278995252555.2124 -15468045234.863209
1847319913978.9658 2278995550373.605 -15468038940.0695
1847319513456.7556 2278995848191.9297 -15468032645.275333
1847319112934.4907 2278996146010.187 -15468026350.48071
1847318712412.1711 2278996443828.377 -15468020055.685627
1847318311889.7969 2278996741646.4995 -15468013760.890089
1847317911367.368 2278997039464.5547 -15468007466.094093
1847317510844.8843 2278997337282.5425 -15468001171.29764
1847317110322.346 2278997635100.463 -15467994876.500729
1847316709799.753 2278997932918.3154 -15467988581.70336
1847316309277.1052 2278998230736.1006 -15467982286.905533
1847315908754.4028 2278998528553.8184 -15467975992.107248
1847315508231.6458 2278998826371.4688 -15467969697.308508
1847315107708.834 2278999124189.052 -15467963402.50931
1847314707185.9675 2278999422006.5674 -15467957107.709654
1847314306663.0464 2278999719824.015 -15467950812.90954
1847313906140.0706 2279000017641.3955 -15467944518.108969
1847313505617.04 2279000315458.7085 -15467938223.30794
1847313105093.955 2279000613275.954 -15467931928.506453
1847312704570.8154 2279000911093.1323 -15467925633.704508
1847312304047.621 2279001208910.243 -15467919338.902107
1847311903524.372 2279001506727.286 -15467913044.099249
1847311503001.0684 2279001804544.2617 -15467906749.295933
1847311102477.71 2279002102361.17 -15467900454.492159
1847310701954.2969 2279002400178.0107 -15467894159.687927
1847310301430.829 2279002697994.784 -15467887864.883238
1847309900907.3066 2279002995811.49 -15467881570.07809
1847309500383.7295 2279003293628.1284 -15467875275.272488
1847309099860.0977 2279003591444.699 -15467868980.466427
1847308699336.4111 2279003889261.2026 -15467862685.659908
1847308298812.67 2279004187077.6387 -15467856390.852932
1847307898288.874 2279004484894.0073 -15467850096.045498
1847307497765.0234 2279004782710.3086 -15467843801.237606
1847307097241.1182 2279005080526.5425 -15467837506.429256
1847306696717.1582 2279005378342.7085 -15467831211.62045
1847306296193.1436 2279005676158.807 -15467824916.811186
1847305895669.0742 2279005973974.8384 -15467818622.001465
1847305495144.9502 2279006271790.8022 -15467812327.191286
1847305094620.7715 2279006569606.6987 -15467806032.38065
1847304694096.538 2279006867422.528 -15467799737.569555
1847304293572.25 2279007165238.289 -15467793442.758003
1847303893047.9072 2279007463053.983 -15467787147.945993
1847303492523.5098 2279007760869.6094 -15467780853.133528
1847303091999.0576 2279008058685.1685 -15467774558.320604
1847302691474.5508 2279008356500.66 -15467768263.507223
1847302290949.9893 2279008654316.0845 -15467761968.693384
1847301890425.373 2279008952131.441 -15467755673.879087
1847301489900.7021 2279009249946.73 -15467749379.064333
1847301089375.9766 2279009547761.9517 -15467743084.24912
1847300688851.1963 2279009845577.106 -15467736789.43345
1847300288326.3613 2279010143392.193 -15467730494.617325
1847299887801.472 2279010441207.2124 -15467724199.800741
1847299487276.5278 2279010739022.164 -15467717904.9837
1847299086751.529 2279011036837.0483 -15467711610.1662
1847298686226.4756 2279011334651.865 -15467705315.348244
1847298285701.3674 2279011632466.6147 -15467699020.529829
1847297885176.2046 2279011930281.297 -15467692725.710957
1847297484650.987 2279012228095.9116 -15467686430.891628
1847297084125.7148 2279012525910.459 -15467680136.071842
1847296683600.388 2279012823724.9385 -15467673841.251598
1847296283075.0063 2279013121539.3506 -15467667546.430897
1847295882549.57 2279013419353.6953 -15467661251.609737
1847295482024.079 2279013717167.9727 -15467654956.78812
1847295081498.5334 2279014014982.1826 -15467648661.966045
1847294680972.933 2279014312796.325 -15467642367.143515
1847294280447.278 2279014610610.4 -15467636072.320526
1847293879921.5684 2279014908424.407 -15467629777.49708
1847293479395.804 2279015206238.347 -15467623482.673176
1847293078869.9849 2279015504052.2197 -15467617187.848814
1847292678344.111 2279015801866.025 -15467610893.023994
1847292277818.1826 2279016099679.7627 -15467604598.198717
1847291877292.1995 2279016397493.4326 -15467598303.372984
1847291476766.1616 2279016695307.035 -15467592008.546793
1847291076240.069 2279016993120.5703 -15467585713.720144
1847290675713.9219 2279017290934.038 -15467579418.893038
1847290275187.72 2279017588747.4385 -15467573124.065474
1847289874661.4634 2279017886560.7715 -15467566829.237452
1847289474135.152 2279018184374.0366 -15467560534.408972
1847289073608.7861 2279018482187.2344 -15467554239.580036
1847288673082.3655 2279018780000.3647 -15467547944.750643
1847288272555.8901 2279019077813.4277 -15467541649.920792
1847287872029.36 2279019375626.4233 -15467535355.090483
1847287471502.7754 2279019673439.3516 -15467529060.259716
1847287070976.1362 2279019971252.212 -15467522765.428492
1847286670449.4424 2279020269065.005 -15467516470.59681
1847286269922.6938 2279020566877.7305 -15467510175.76467
1847285869395.8906 2279020864690.3887 -15467503880.932074
1847285468869.0327 2279021162502.9795 -15467497586.09902
1847285068342.12 2279021460315.503 -15467491291.265509
1847284667815.1528 2279021758127.959 -15467484996.43154
1847284267288.1309 2279022055940.347 -15467478701.597113
1847283866761.0542 2279022353752.668 -15467472406.762228
1847283466233.9229 2279022651564.9214 -15467466111.926886
1847283065706.7368 2279022949377.1074 -15467459817.091087
1847282665179.496 2279023247189.226 -15467453522.254831
1847282264652.2007 2279023545001.2773 -15467447227.418118
1847281864124.8506 2279023842813.2607 -15467440932.580946
1847281463597.4458 2279024140625.177 -15467434637.743317
1847281063069.9863 2279024438437.0254 -15467428342.90523
1847280662542.4722 2279024736248.8066 -15467422048.066685
1847280262014.9033 2279025034060.5205 -15467415753.227684
1847279861487.2798 2279025331872.167 -15467409458.388226
1847279460959.6016 2279025629683.7456 -15467403163.54831
1847279060431.8687 2279025927495.257 -15467396868.707935
1847278659904.081 2279026225306.7007 -15467390573.867104
1847278259376.2388 2279026523118.077 -15467384279.025814
1847277858848.3418 2279026820929.386 -15467377984.184067
1847277458320.3901 2279027118740.628 -15467371689.341864
1847277057792.3838 2279027416551.802 -15467365394.499203
1847276657264.3228 2279027714362.908 -15467359099.656084
1847276256736.207 2279028012173.9473 -15467352804.812508
1847275856208.0366 2279028309984.919 -15467346509.968473
1847275455679.8115 2279028607795.823 -15467340215.123981
1847275055151.5317 2279028905606.66 -15467333920.279032
1847274654623.1975 2279029203417.429 -15467327625.433626
1847274254094.8086 2279029501228.131 -15467321330.587763
1847273853566.365 2279029799038.765 -15467315035.741442
1847273453037.8667 2279030096849.332 -15467308740.894663
1847273052509.3137 2279030394659.8315 -15467302446.047426
1847272651980.706 2279030692470.2637 -15467296151.199732
1847272251452.0437 2279030990280.628 -15467289856.35158
1847271850923.3267 2279031288090.925 -15467283561.502972
1847271450394.555 2279031585901.1543 -15467277266.653906
1847271049865.7285 2279031883711.3164 -15467270971.804382
1847270649336.8474 2279032181521.411 -15467264676.954401
1847270248807.9116 2279032479331.4385 -15467258382.103962
1847269848278.9211 2279032777141.3984 -15467252087.253065
1847269447749.876 2279033074951.2905 -15467245792.40171
1847269047220.7761 2279033372761.115 -15467239497.5499
1847268646691.6216 2279033670570.8726 -15467233202.697632
1847268246162.4124 2279033968380.5625 -15467226907.844906
1847267845633.1484 2279034266190.185 -15467220612.991722
1847267445103.8298 2279034563999.74 -15467214318.13808
1847267044574.4565 2279034861809.2275 -15467208023.283981
1847266644045.0286 2279035159618.6475 -15467201728.429424
1847266243515.546 2279035457428.0 -15467195433.574411
1847265842986.0085 2279035755237.285 -15467189138.71894
1847265442456.4165 2279036053046.503 -15467182843.863012
1847265041926.7698 2279036350855.6533 -15467176549.006626
1847264641397.0684 2279036648664.736 -15467170254.149782
1847264240867.3123 2279036946473.751 -15467163959.29248
1847263840337.5015 2279037244282.6987 -15467157664.434721
1847263439807.636 2279037542091.579 -15467151369.576506
1847263039277.716 2279037839900.392 -15467145074.717833
1847262638747.7415 2279038137709.1377 -15467138779.858702
1847262238217.7122 2279038435517.8154 -15467132484.999113
1847261837687.6282 2279038733326.426 -15467126190.139067
1847261437157.4895 2279039031134.9688 -15467119895.278563
1847261036627.2961 2279039328943.4443 -15467113600.4176
1847260636097.048 2279039626751.8525 -15467107305.556183
1847260235566.7454 2279039924560.1934 -15467101010.694307
1847259835036.388 2279040222368.4663 -15467094715.831974
1847259434505.9758 2279040520176.672 -15467088420.969183
1847259033975.509 2279040817984.81 -15467082126.105934
1847258633444.9875 2279041115792.881 -15467075831.242228
1847258232914.4114 2279041413600.8843 -15467069536.378065
1847257832383.7805 2279041711408.8203 -15467063241.513445
1847257431853.095 2279042009216.6885 -15467056946.648367
1847257031322.3547 2279042307024.4893 -15467050651.782831
1847256630791.5598 2279042604832.2227 -15467044356.916838
1847256230260.7102 2279042902639.8887 -15467038062.050386
1847255829729.806 2279043200447.4873 -15467031767.183477
1847255429198.847 2279043498255.0186 -15467025472.316113
1847255028667.8333 2279043796062.482 -15467019177.44829
1847254628136.765 2279044093869.878 -15467012882.58001
1847254227605.6418 2279044391677.2065 -15467006587.711271
1847253827074.464 2279044689484.468 -15467000292.842075
1847253426543.2317 2279044987291.6616 -15466993997.972422
1847253026011.9446 2279045285098.788 -15466987703.10231
1847252625480.6028 2279045582905.847 -15466981408.231743
1847252224949.2063 2279045880712.8384 -15466975113.360718
1847251824417.7551 2279046178519.762 -15466968818.489235
1847251423886.2495 2279046476326.6187 -15466962523.617294
1847251023354.6892 2279046774133.4077 -15466956228.744896
1847250622823.0742 2279047071940.1294 -15466949933.87204
1847250222291.4045 2279047369746.7837 -15466943638.998726
1847249821759.6802 2279047667553.37 -15466937344.124956
1847249421227.9011 2279047965359.889 -15466931049.250729
1847249020696.0674 2279048263166.341 -15466924754.376043
1847248620164.179 2279048560972.725 -15466918459.5009
1847248219632.2358 2279048858779.042 -15466912164.6253
1847247819100.238 2279049156585.2915 -15466905869.74924
1847247418568.1855 2279049454391.473 -15466899574.872726
1847247018036.0784 2279049752197.5874 -15466893279.995754
1847246617503.9165 2279050050003.6343 -15466886985.118324
1847246216971.7 2279050347809.614 -15466880690.240437
1847245816439.4287 2279050645615.526 -15466874395.362091
1847245415907.1028 2279050943421.3706 -15466868100.483288
1847245015374.7222 2279051241227.1475 -15466861805.604027
1847244614842.2869 2279051539032.857 -15466855510.72431
1847244214309.7969 2279051836838.499 -15466849215.844135
1847243813777.2522 2279052134644.0737 -15466842920.963503
1847243413244.6528 2279052432449.581 -15466836626.082413
1847243012711.9988 2279052730255.021 -15466830331.200865
1847242612179.29 2279053028060.393 -15466824036.31886
1847242211646.5266 2279053325865.6978 -15466817741.436396
1847241811113.7085 2279053623670.935 -15466811446.553476
1847241410580.8357 2279053921476.105 -15466805151.6701
1847241010047.9082 2279054219281.2075 -15466798856.786264
1847240609514.9263 2279054517086.2427 -15466792561.901972
1847240208981.8896 2279054814891.21 -15466786267.017221
1847239808448.7983 2279055112696.11 -15466779972.132013
1847239407915.6523 2279055410500.9424 -15466773677.24635
1847239007382.4517 2279055708305.7075 -15466767382.360228
1847238606849.1963 2279056006110.4053 -15466761087.473648
1847238206315.8862 2279056303915.0356 -15466754792.58661
1847237805782.5215 2279056601719.598 -15466748497.699116
1847237405249.102 2279056899524.0933 -15466742202.811163
1847237004715.628 2279057197328.521 -15466735907.922752
1847236604182.099 2279057495132.8813 -15466729613.033886
1847236203648.5156 2279057792937.1743 -15466723318.144562
1847235803114.8774 2279058090741.4 -15466717023.25478
1847235402581.1846 2279058388545.5576 -15466710728.36454
1847235002047.437 2279058686349.648 -15466704433.473843
1847234601513.6348 2279058984153.671 -15466698138.582687
1847234200979.7778 2279059281957.6265 -15466691843.691074
1847233800445.8662 2279059579761.5146 -15466685548.799006
1847233399911.9 2279059877565.3354 -15466679253.906479
1847232999377.879 2279060175369.0884 -15466672959.013494
1847232598843.8032 2279060473172.774 -15466666664.120052
1847232198309.6729 2279060770976.392 -15466660369.226152
1847231797775.4878 2279061068779.943 -15466654074.331795
1847231397241.248 2279061366583.4263 -15466647779.436981
1847230996706.9536 2279061664386.8423 -15466641484.54171
1847230596172.6045 2279061962190.191 -15466635189.64598
1847230195638.2007 2279062259993.4717 -15466628894.749794
1847229795103.7424 2279062557796.685 -15466622599.85315
1847229394569.2295 2279062855599.831 -15466616304.956047
1847228994034.6619 2279063153402.9097 -15466610010.058487
1847228593500.0396 2279063451205.921 -15466603715.160471
1847228192965.3625 2279063749008.8647 -15466597420.261997
1847227792430.6309 2279064046811.7407 -15466591125.363066
1847227391895.8445 2279064344614.5493 -15466584830.463676
1847226991361.0034 2279064642417.2905 -15466578535.56383
1847226590826.1077 2279064940219.9644 -15466572240.663525
1847226190291.1572 2279065238022.571 -15466565945.762764
1847225789756.152 2279065535825.11 -15466559650.861546
1847225389221.0923 2279065833627.581 -15466553355.95987
1847224988685.9778 2279066131429.985 -15466547061.057735
1847224588150.8086 2279066429232.3213 -15466540766.155144
1847224187615.5847 2279066727034.5903 -15466534471.252094
1847223787080.3062 2279067024836.792 -15466528176.348587
1847223386544.973 2279067322638.9263 -15466521881.444624
1847222986009.585 2279067620440.9927 -15466515586.540203
1847222585474.1423 2279067918242.9917 -15466509291.635324
1847222184938.645 2279068216044.9233 -15466502996.729988
1847221784403.093 2279068513846.7876 -15466496701.824194
1847221383867.4863 2279068811648.5845 -15466490406.917942
1847220983331.825 2279069109450.314 -15466484112.011234
1847220582796.109 2279069407251.9756 -15466477817.104069
1847220182260.3381 2279069705053.57 -15466471522.196445
1847219781724.5127 2279070002855.0967 -15466465227.288364
1847219381188.6328 2279070300656.556 -15466458932.379826
1847218980652.6982 2279070598457.948 -15466452637.470829
1847218580116.709 2279070896259.273 -15466446342.561375
1847218179580.665 2279071194060.53 -15466440047.651464
1847217779044.5664 2279071491861.719 -15466433752.741096
1847217378508.413 2279071789662.8413 -15466427457.83027
1847216977972.205 2279072087463.896 -15466421162.918987
1847216577435.9424 2279072385264.8833 -15466414868.007246
1847216176899.625 2279072683065.803 -15466408573.095047
1847215776363.253 2279072980866.6553 -15466402278.182392
1847215375826.8262 2279073278667.44 -15466395983.26928
1847214975290.3447 2279073576468.157 -15466389688.35571
1847214574753.8086 2279073874268.807 -15466383393.44168
1847214174217.2178 2279074172069.3896 -15466377098.527195
1847213773680.5723 2279074469869.905 -15466370803.612251
1847213373143.872 2279074767670.352 -15466364508.696852
1847212972607.1172 2279075065470.732 -15466358213.780994
1847212572070.3076 2279075363271.0444 -15466351918.86468
1847212171533.4434 2279075661071.2896 -15466345623.947906
1847211770996.5244 2279075958871.4673 -15466339329.030676
1847211370459.5508 2279076256671.5776 -15466333034.112988
1847210969922.5225 2279076554471.62 -15466326739.194841
1847210569385.4395 2279076852271.595 -15466320444.27624
1847210168848.3018 2279077150071.503 -15466314149.35718
1847209768311.1094 2279077447871.3433 -15466307854.437662
1847209367773.8625 2279077745671.116 -15466301559.517687
1847208967236.561 2279078043470.822 -15466295264.597254
1847208566699.2048 2279078341270.4595 -15466288969.676363
1847208166161.794 2279078639070.03 -15466282674.755016
1847207765624.3284 2279078936869.5327 -15466276379.833212
1847207365086.808 2279079234668.9683 -15466270084.91095
1847206964549.2332 2279079532468.3364 -15466263789.98823
1847206564011.6035 2279079830267.637 -15466257495.065052
1847206163473.9192 2279080128066.87 -15466251200.141417
1847205762936.1802 2279080425866.0356 -15466244905.217325
1847205362398.3865 2279080723665.134 -15466238610.292776
1847204961860.538 2279081021464.1646 -15466232315.36777
1847204561322.635 2279081319263.128 -15466226020.442305
1847204160784.6772 2279081617062.024 -15466219725.516382
1847203760246.6648 2279081914860.852 -15466213430.590002
1847203359708.5977 2279082212659.613 -15466207135.663164
1847202959170.4758 2279082510458.306 -15466200840.73587
1847202558632.2993 2279082808256.932 -15466194545.808119
1847202158094.068 2279083106055.4907 -15466188250.87991
1847201757555.7822 2279083403853.982 -15466181955.951242
1847201357017.4417 2279083701652.4053 -15466175661.022118
1847200956479.0464 2279083999450.761 -15466169366.092535
1847200555940.5964 2279084297249.05 -15466163071.162497
1847200155402.0918 2279084595047.271 -15466156776.232
1847199754863.5327 2279084892845.425 -15466150481.301046
1847199354324.919 2279085190643.511 -15466144186.369635
1847198953786.2505 2279085488441.53 -15466137891.437765
1847198553247.5273 2279085786239.481 -15466131596.505438
1847198152708.7495 2279086084037.3647 -15466125301.572655
1847197752169.917 2279086381835.181 -15466119006.639414
1847197351631.0298 2279086679632.93 -15466112711.705715
1847196951092.088 2279086977430.612 -15466106416.771559
1847196550553.0913 2279087275228.2256 -15466100121.836945
1847196150014.04 2279087573025.772 -15466093826.901873
1847195749474.934 2279087870823.251 -15466087531.966345
1847195348935.7734 2279088168620.6626 -15466081237.03036
1847194948396.558 2279088466418.007 -15466074942.093916
1847194547857.288 2279088764215.2837 -15466068647.157015
1847194147317.9634 2279089062012.4927 -15466062352.219656
1847193746778.584 2279089359809.6343 -15466056057.28184
1847193346239.15 2279089657606.7085 -15466049762.343565
1847192945699.6611 2279089955403.7153 -15466043467.404835
1847192545160.1177 2279090253200.655 -15466037172.465647
1847192144620.5195 2279090550997.527 -15466030877.526001
1847191744080.8667 2279090848794.331 -15466024582.585897
1847191343541.1592 2279091146591.068 -15466018287.645336
1847190943001.397 2279091444387.7373 -15466011992.704317
1847190542461.58 2279091742184.3394 -15466005697.762842
1847190141921.7087 2279092039980.874 -15465999402.82091
1847189741381.7827 2279092337777.3413 -15465993107.87852
1847189340841.802 2279092635573.7407 -15465986812.93567
1847188940301.7666 2279092933370.0728 -15465980517.992365
1847188539761.6765 2279093231166.3374 -15465974223.048601
1847188139221.5317 2279093528962.5347 -15465967928.104382
1847187738681.3323 2279093826758.6646 -15465961633.159704
1847187338141.0781 2279094124554.727 -15465955338.21457
1847186937600.7693 2279094422350.7217 -15465949043.268976
1847186537060.4058 2279094720146.649 -15465942748.322926
1847186136519.9875 2279095017942.509 -15465936453.376417
1847185735979.5146 2279095315738.3013 -15465930158.429453
1847185335438.987 2279095613534.0264 -15465923863.48203
1847184934898.4048 2279095911329.684 -15465917568.534151
1847184534357.7678 2279096209125.274 -15465911273.585814
1847184133817.0762 2279096506920.7964 -15465904978.637018
1847183733276.3298 2279096804716.2515 -15465898683.687765
1847183332735.5288 2279097102511.639 -15465892388.738056
1847182932194.673 2279097400306.9595 -15465886093.78789
1847182531653.7627 2279097698102.2124 -15465879798.837265
1847182131112.7976 2279097995897.3975 -15465873503.886183
1847181730571.7778 2279098293692.515 -15465867208.934643
1847181330030.7034 2279098591487.5654 -15465860913.982645
1847180929489.5745 2279098889282.5483 -15465854619.030191
1847180528948.3909 2279099187077.464 -15465848324.07728
1847180128407.1526 2279099484872.312 -15465842029.12391
1847179727865.8596 2279099782667.0923 -15465835734.170084
1847179327324.512 2279100080461.805 -15465829439.2158
1847178926783.1096 2279100378256.4507 -15465823144.261057
1847178526241.6526 2279100676051.029 -15465816849.305859
1847178125700.1409 2279100973845.5396 -15465810554.350203
1847177725158.5745 2279101271639.983 -15465804259.394089
1847177324616.9534 2279101569434.3584 -15465797964.437517
1847176924075.2776 2279101867228.6665 -15465791669.480488
1847176523533.547 2279102165022.907 -15465785374.523
1847176122991.762 2279102462817.0806 -15465779079.565058
1847175722449.922 2279102760611.1865 -15465772784.606657
1847175321908.0276 2279103058405.225 -15465766489.647799
1847174921366.0784 2279103356199.196 -15465760194.688482
1847174520824.0745 2279103653993.099 -15465753899.728708
1847174120282.0159 2279103951786.935 -15465747604.768476
1847173719739.9026 2279104249580.7036 -15465741309.807789
1847173319197.7346 2279104547374.405 -15465735014.846643
1847172918655.512 2279104845168.0386 -15465728719.88504
1847172518113.2346 2279105142961.6045 -15465722424.92298
1847172117570.9026 2279105440755.103 -15465716129.96046
1847171717028.516 2279105738548.534 -15465709834.997484
1847171316486.075 2279106036341.898 -15465703540.034052
1847170915943.579 2279106334135.1943 -15465697245.070162
1847170515401.0286 2279106631928.4233 -15465690950.105814
1847170114858.4233 2279106929721.5845 -15465684655.141008
1847169714315.7634 2279107227514.678 -15465678360.175745
1847169313773.0488 2279107525307.7046 -15465672065.210024
1847168913230.2795 2279107823100.6636 -15465665770.243847
1847168512687.4556 2279108120893.555 -15465659475.277212
1847168112144.577 2279108418686.3794 -15465653180.31012
1847167711601.6436 2279108716479.1357 -15465646885.34257
1847167311058.6555 2279109014271.8247 -15465640590.374561
1847166910515.6128 2279109312064.4463 -15465634295.406096
1847166509972.5154 2279109609857.0005 -15465628000.437174
1847166109429.3633 2279109907649.4873 -15465621705.467794
1847165708886.1565 2279110205441.9067 -15465615410.497957
1847165308342.895 2279110503234.2583 -15465609115.527662
1847164907799.5789 2279110801026.5425 -15465602820.55691
1847164507256.208 2279111098818.7593 -15465596525.5857
1847164106712.7825 2279111396610.9087 -15465590230.614033
1847163706169.3022 2279111694402.9907 -15465583935.641909
1847163305625.7673 2279111992195.0054 -15465577640.669327
1847162905082.178 2279112289986.952 -15465571345.696287
1847162504538.534 2279112587778.8315 -15465565050.72279
1847162103994.8352 2279112885570.6436 -15465558755.748835
1847161703451.0818 2279113183362.388 -15465552460.774424
1847161302907.2737 2279113481154.0654 -15465546165.799555
1847160902363.411 2279113778945.6753 -15465539870.824228
1847160501819.4934 2279114076737.2173 -15465533575.848444
1847160101275.5212 2279114374528.692 -15465527280.872202
1847159700731.4944 2279114672320.099 -15465520985.895502
1847159300187.4128 2279114970111.439 -15465514690.918346
1847158899643.2766 2279115267902.7114 -15465508395.940733
1847158499099.0857 2279115565693.9165 -15465502100.962662
1847158098554.84 2279115863485.0537 -15465495805.984133
1847157698010.5398 2279116161276.1235 -15465489511.005146
1847157297466.1848 2279116459067.126 -15465483216.025702
1847156896921.7751 2279116756858.061 -15465476921.045801
1847156496377.3108 2279117054648.9287 -15465470626.065443
1847156095832.7917 2279117352439.729 -15465464331.084627
1847155695288.218 2279117650230.4614 -15465458036.103354
1847155294743.5896 2279117948021.1265 -15465451741.121622
1847154894198.9065 2279118245811.724 -15465445446.139433
1847154493654.1687 2279118543602.2544 -15465439151.156788
1847154093109.3765 2279118841392.7173 -15465432856.173685
1847153692564.5295 2279119139183.113 -15465426561.190125
1847153292019.628 2279119436973.4404 -15465420266.206106
1847152891474.6716 2279119734763.7007 -15465413971.22163
1847152490929.6606 2279120032553.8936 -15465407676.236696
1847152090384.595 2279120330344.019 -15465401381.251307
1847151689839.4746 2279120628134.077 -15465395086.26546
1847151289294.2996 2279120925924.068 -15465388791.279154
1847150888749.0698 2279121223713.9907 -15465382496.29239
1847150488203.7854 2279121521503.846 -15465376201.30517
1847150087658.4463 2279121819293.6343 -15465369906.317492
1847149687113.0525 2279122117083.355 -15465363611.329357
1847149286567.604 2279122414873.0083 -15465357316.340765
1847148886022.1008 2279122712662.594 -15465351021.351715
1847148485476.543 2279123010452.1123 -15465344726.362207
1847148084930.9304 2279123308241.563 -15465338431.372242
1847147684385.2632 2279123606030.9463 -15465332136.38182
1847147283839.5413 2279123903820.262 -15465325841.390942
1847146883293.7646 2279124201609.5107 -15465319546.399605
1847146482747.9333 2279124499398.692 -15465313251.40781
1847146082202.0474 2279124797187.805 -15465306956.415558
1847145681656.107 2279125094976.851 -15465300661.422848
1847145281110.1118 2279125392765.8296 -15465294366.429682
1847144880564.062 2279125690554.7407 -15465288071.436058
1847144480017.9575 2279125988343.5845 -15465281776.441977
1847144079471.7983 2279126286132.3604 -15465275481.447437
1847143678925.5845 2279126583921.069 -15465269186.45244
1847143278379.316 2279126881709.71 -15465262891.456985
1847142877832.9927 2279127179498.2837 -15465256596.461075
1847142477286.6147 2279127477286.79 -15465250301.464706
1847142076740.1821 2279127775075.229 -15465244006.46788
1847141676193.6948 2279128072863.6 -15465237711.470596
1847141275647.1528 2279128370651.904 -15465231416.472855
1847140875100.5562 2279128668440.14 -15465225121.474655
1847140474553.9048 2279128966228.309 -15465218826.476
1847140074007.1987 2279129264016.4106 -15465212531.476887
1847139673460.438 2279129561804.445 -15465206236.477316
1847139272913.6226 2279129859592.411 -15465199941.477287
1847138872366.7524 2279130157380.31 -15465193646.4768
1847138471819.8276 2279130455168.1416 -15465187351.475857
1847138071272.8481 2279130752955.906 -15465181056.474457
1847137670725.814 2279131050743.6025 -15465174761.472599
1847137270178.7253 2279131348531.232 -15465168466.470284
1847136869631.582 2279131646318.7935 -15465162171.46751
1847136469084.384 2279131944106.2876 -15465155876.46428
1847136068537.1313 2279132241893.7144 -15465149581.460592
1847135667989.824 2279132539681.0737 -15465143286.456448
1847135267442.462 2279132837468.3657 -15465136991.451845
1847134866895.0452 2279133135255.5903 -15465130696.446785
1847134466347.5737 2279133433042.747 -15465124401.441267
1847134065800.0476 2279133730829.8364 -15465118106.435291
1847133665252.4668 2279134028616.8584 -15465111811.42886
1847133264704.8313 2279134326403.813 -15465105516.42197
1847132864157.141 2279134624190.7 -15465099221.414623
1847132463609.3962 2279134921977.52 -15465092926.406818
1847132063061.5967 2279135219764.272 -15465086631.398556
1847131662513.7424 2279135517550.9565 -15465080336.389835
1847131261965.8335 2279135815337.5737 -15465074041.38066
1847130861417.8699 2279136113124.1235 -15465067746.371025
1847130460869.8516 2279136410910.606 -15465061451.360933
1847130060321.7786 2279136708697.021 -15465055156.350384
1847129659773.651 2279137006483.368 -15465048861.339376
1847129259225.4685 2279137304269.648 -15465042566.327913
1847128858677.2317 2279137602055.8604 -15465036271.315992
1847128458128.9402 2279137899842.0054 -15465029976.303614
1847128057580.594 2279138197628.083 -15465023681.290777
1847127657032.193 2279138495414.0933 -15465017386.277483
1847127256483.7375 2279138793200.0356 -15465011091.263731
1847126855935.2273 2279139090985.9106 -15465004796.249523
1847126455386.6624 2279139388771.7183 -15464998501.234858
1847126054838.0427 2279139686557.4585 -15464992206.219734
1847125654289.3684 2279139984343.1313 -15464985911.204153
1847125253740.6394 2279140282128.737 -15464979616.188114
1847124853191.8557 2279140579914.2744 -15464973321.171618
1847124452643.0173 2279140877699.7446 -15464967026.154665
1847124052094.1243 2279141175485.1475 -15464960731.137255
1847123651545.1765 2279141473270.483 -15464954436.119387
1847123250996.174 2279141771055.751 -15464948141.10106
1847122850447.117 2279142068840.9517 -15464941846.082277
1847122449898.0051 2279142366626.0845 -15464935551.063038
1847122049348.8386 2279142664411.15 -15464929256.04334
1847121648799.6174 2279142962196.148 -15464922961.023186
1847121248250.3416 2279143259981.0786 -15464916666.002573
1847120847701.0112 2279143557765.942 -15464910370.981503
1847120447151.6262 2279143855550.7373 -15464904075.959974
1847120046602.1865 2279144153335.4653 -15464897780.93799
1847119646052.6921 2279144451120.126 -15464891485.915548
1847119245503.143 2279144748904.719 -15464885190.892649
1847118844953.5393 2279145046689.245 -15464878895.869291
1847118444403.8809 2279145344473.7036 -15464872600.845476
1847118043854.1677 2279145642258.094 -15464866305.821203
1847117643304.4 2279145940042.4175 -15464860010.796474
1847117242754.5774 2279146237826.6733 -15464853715.771288
1847116842204.7002 2279146535610.862 -15464847420.745644
1847116441654.7683 2279146833394.983 -15464841125.719542
1847116041104.7817 2279147131179.0366 -15464834830.692982
1847115640554.7405 2279147428963.0225 -15464828535.665966
1847115240004.6445 2279147726746.941 -15464822240.638493
1847114839454.494 2279148024530.792 -15464815945.610561
1847114438904.2886 2279148322314.5757 -15464809650.582172
1847114038354.0286 2279148620098.292 -15464803355.553326
1847113637803.7139 2279148917881.941 -15464797060.524021
1847113237253.3445 2279149215665.522 -15464790765.49426
1847112836702.9207 2279149513449.0356 -15464784470.464043
1847112436152.4421 2279149811232.482 -15464778175.433367
1847112035601.909 2279150109015.861 -15464771880.402233
1847111635051.321 2279150406799.1724 -15464765585.370642
1847111234500.6785 2279150704582.4165 -15464759290.338594
1847110833949.9812 2279151002365.593 -15464752995.30609
1847110433399.2292 2279151300148.7017 -15464746700.273127
1847110032848.4226 2279151597931.743 -15464740405.239706
1847109632297.5613 2279151895714.7173 -15464734110.205828
1847109231746.6453 2279152193497.624 -15464727815.171492
1847108831195.6746 2279152491280.4634 -15464721520.1367
1847108430644.6492 2279152789063.235 -15464715225.10145
1847108030093.569 2279153086845.939 -15464708930.065742
1847107629542.4343 2279153384628.5757 -15464702635.029577
1847107228991.2449 2279153682411.145 -15464696339.992954
1847106828440.0007 2279153980193.647 -15464690044.955875
1847106427888.702 2279154277976.0815 -15464683749.918339
1847106027337.3484 2279154575758.448 -15464677454.880344
1847105626785.9402 2279154873540.7476 -15464671159.841892
1847105226234.4775 2279155171322.9795 -15464664864.802982
1847104825682.9602 2279155469105.144 -15464658569.763615
1847104425131.3882 2279155766887.241 -15464652274.723791
1847104024579.7615 2279156064669.2705 -15464645979.68351
1847103624028.08 2279156362451.2324 -15464639684.64277
1847103223476.344 2279156660233.127 -15464633389.601574
1847102822924.5532 2279156958014.954 -15464627094.55992
1847102422372.7078 2279157255796.714 -15464620799.517809
1847102021820.8076 2279157553578.4062 -15464614504.47524
1847101621268.8528 2279157851360.031 -15464608209.432215
1847101220716.8433 2279158149141.588 -15464601914.388731
1847100820164.779 2279158446923.0776 -15464595619.34479
1847100419612.6602 2279158744704.5 -15464589324.30039
1847100019060.4866 2279159042485.855 -15464583029.255535
1847099618508.2583 2279159340267.1426 -15464576734.210222
1847099217955.9753 2279159638048.3623 -15464570439.164452
1847098817403.6377 2279159935829.5146 -15464564144.118223
1847098416851.2454 2279160233610.5996 -15464557849.071537
1847098016298.7983 2279160531391.617 -15464551554.024395
1847097615746.2969 2279160829172.5674 -15464545258.976795
1847097215193.7407 2279161126953.45 -15464538963.928738
1847096814641.13 2279161424734.265 -15464532668.880222
1847096414088.4644 2279161722515.0127 -15464526373.83125
1847096013535.7441 2279162020295.693 -15464520078.781818
1847095612982.9692 2279162318076.3057 -15464513783.731932
1847095212430.1396 2279162615856.851 -15464507488.681587
1847094811877.2554 2279162913637.329 -15464501193.630785
1847094411324.3164 2279163211417.7393 -15464494898.579525
1847094010771.3228 2279163509198.082 -15464488603.527807
1847093610218.2744 2279163806978.3574 -15464482308.475634
1847093209665.1714 2279164104758.5654 -15464476013.423002
1847092809112.0137 2279164402538.706 -15464469718.369913
1847092408558.8013 2279164700318.7793 -15464463423.316366
1847092008005.5342 2279164998098.7847 -15464457128.262362
1847091607452.2124 2279165295878.7227 -15464450833.207901
1847091206898.836 2279165593658.5933 -15464444538.152983
1847090806345.4048 2279165891438.3965 -15464438243.097607
1847090405791.919 2279166189218.1323 -15464431948.041773
1847090005238.3787 2279166486997.8003 -15464425652.985481
1847089604684.7837 2279166784777.401 -15464419357.928732
1847089204131.134 2279167082556.934 -15464413062.871527
1847088803577.4297 2279167380336.4 -15464406767.813864
1847088403023.6707 2279167678115.7983 -15464400472.755743
1847088002469.857 2279167975895.1294 -15464394177.697165
1847087601915.9885 2279168273674.3926 -15464387882.638128
1847087201362.0654 2279168571453.5884 -15464381587.578636
1847086800808.0876 2279168869232.717 -15464375292.518686
1847086400254.0552 2279169167011.778 -15464368997.458279
1847085999699.968 2279169464790.7715 -15464362702.397413
1847085599145.8262 2279169762569.6978 -15464356407.33609
1847085198591.6296 2279170060348.556 -15464350112.27431
1847084798037.3784 2279170358127.347 -15464343817.212072
1847084397483.0725 2279170655906.071 -15464337522.149378
1847083996928.712 2279170953684.727 -15464331227.086226
1847083596374.2966 2279171251463.316 -15464324932.022615
1847083195819.8267 2279171549241.8374 -15464318636.958548
1847082795265.302 2279171847020.291 -15464312341.894024
1847082394710.723 2279172144798.6772 -15464306046.829042
1847081994156.089 2279172442576.996 -15464299751.763603
1847081593601.4006 2279172740355.2476 -15464293456.697706
1847081193046.6575 2279173038133.4316 -15464287161.631351
1847080792491.8596 2279173335911.5483 -15464280866.56454
1847080391937.007 2279173633689.597 -15464274571.497272
1847079991382.0999 2279173931467.5786 -15464268276.429546
1847079590827.138 2279174229245.4927 -15464261981.361362
1847079190272.1213 2279174527023.3394 -15464255686.29272
1847078789717.05 2279174824801.1187 -15464249391.223621
1847078389161.924 2279175122578.8306 -15464243096.154066
1847077988606.7434 2279175420356.4746 -15464236801.084053
1847077588051.508 2279175718134.0513 -15464230506.013582
1847077187496.218 2279176015911.5605 -15464224210.942654
1847076786940.8733 2279176313689.0024 -15464217915.871267
1847076386385.4739 2279176611466.377 -15464211620.799425
1847075985830.0198 2279176909243.6836 -15464205325.727125
1847075585274.511 2279177207020.923 -15464199030.654367
1847075184718.9478 2279177504798.0947 -15464192735.581152
1847074784163.3298 2279177802575.199 -15464186440.507479
1847074383607.6572 2279178100352.2363 -15464180145.43335
1847073983051.93 2279178398129.206 -15464173850.358763
1847073582496.148 2279178695906.108 -15464167555.283718
1847073181940.3113 2279178993682.9424 -15464161260.208216
1847072781384.42 2279179291459.7095 -15464154965.132256
1847072380828.4739 2279179589236.409 -15464148670.055838
1847071980272.4731 2279179887013.0415 -15464142374.978964
1847071579716.4177 2279180184789.6064 -15464136079.901632
1847071179160.3076 2279180482566.1035 -15464129784.823843
1847070778604.1428 2279180780342.533 -15464123489.745596
1847070378047.9233 2279181078118.8955 -15464117194.666891
1847069977491.6492 2279181375895.1904 -15464110899.58773
1847069576935.3203 2279181673671.418 -15464104604.508112
1847069176378.9368 2279181971447.578 -15464098309.428036
1847068775822.4985 2279182269223.6704 -15464092014.347502
1847068375266.0056 2279182566999.6953 -15464085719.26651
1847067974709.4583 2279182864775.653 -15464079424.185062
1847067574152.8562 2279183162551.543 -15464073129.103157
1847067173596.1995 2279183460327.3657 -15464066834.020794
1847066773039.488 2279183758103.1206 -15464060538.937973
1847066372482.722 2279184055878.808 -15464054243.854694
1847065971925.9011 2279184353654.428 -15464047948.77096
1847065571369.0256 2279184651429.981 -15464041653.686768
1847065170812.0955 2279184949205.4663 -15464035358.602118
1847064770255.1106 2279185246980.8843 -15464029063.51701
1847064369698.071 2279185544756.2344 -15464022768.431444
1847063969140.9768 2279185842531.517 -15464016473.34542
1847063568583.828 2279186140306.7324 -15464010178.258942
1847063168026.6243 2279186438081.8804 -15464003883.172005
1847062767469.366 2279186735856.961 -15463997588.08461
1847062366912.053 2279187033631.974 -15463991292.996758
1847061966354.6853 2279187331406.9194 -15463984997.908447
1847061565797.263 2279187629181.7974 -15463978702.819681
1847061165239.786 2279187926956.608 -15463972407.730457
1847060764682.2544 2279188224731.351 -15463966112.640776
1847060364124.6682 2279188522506.027 -15463959817.550636
1847059963567.0273 2279188820280.6353 -15463953522.46004
1847059563009.3318 2279189118055.176 -15463947227.368986
1847059162451.5815 2279189415829.649 -15463940932.277475
1847058761893.7766 2279189713604.0547 -15463934637.185507
1847058361335.917 2279190011378.393 -15463928342.09308
1847057960778.0027 2279190309152.664 -15463922047.000196
1847057560220.0337 2279190606926.8677 -15463915751.906857
1847057159662.01 2279190904701.0034 -15463909456.813059
1847056759103.9316 2279191202475.072 -15463903161.718803
1847056358545.7986 2279191500249.0728 -15463896866.62409
1847055957987.6108 2279191798023.0063 -15463890571.52892
1847055557429.3684 2279192095796.8726 -15463884276.433292
1847055156871.0713 2279192393570.671 -15463877981.337208
1847054756312.7195 2279192691344.402 -15463871686.240665
1847054355754.313 2279192989118.0654 -15463865391.143665
1847053955195.852 2279193286891.6616 -15463859096.046207
1847053554637.3364 2279193584665.1904 -15463852800.948294
1847053154078.766 2279193882438.652 -15463846505.849922
1847052753520.141 2279194180212.0454 -15463840210.751093
1847052352961.4614 2279194477985.3716 -15463833915.651806
1847051952402.727 2279194775758.6304 -15463827620.552061
1847051551843.938 2279195073531.822 -15463821325.451859
1847051151285.0942 2279195371304.946 -15463815030.3512
1847050750726.1958 2279195669078.0024 -15463808735.250084
1847050350167.2427 2279195966850.991 -15463802440.14851
1847049949608.2349 2279196264623.9126 -15463796145.046478
1847049549049.1724 2279196562396.7666 -15463789849.943989
1847049148490.0552 2279196860169.553 -15463783554.841043
1847048747930.8833 2279197157942.2725 -15463777259.73764
1847048347371.6567 2279197455714.9243 -15463770964.63378
1847047946812.3755 2279197753487.5083 -15463764669.52946
1847047546253.0396 2279198051260.025 -15463758374.424685
1847047145693.649 2279198349032.474 -15463752079.319452
1847046745134.2039 2279198646804.856 -15463745784.213762
1847046344574.704 2279198944577.1704 -15463739489.107615
1847045944015.1497 2279199242349.417 -15463733194.001009
1847045543455.5405 2279199540121.596 -15463726898.893946
1847045142895.8767 2279199837893.708 -15463720603.786427
1847044742336.1582 2279200135665.7524 -15463714308.67845
1847044341776.385 2279200433437.7295 -15463708013.570015
1847043941216.5571 2279200731209.639 -15463701718.461123
1847043540656.6746 2279201028981.481 -15463695423.351772
1847043140096.7373 2279201326753.2554 -15463689128.241966
1847042739536.7454 2279201624524.9624 -15463682833.131702
1847042338976.6987 2279201922296.602 -15463676538.02098
1847041938416.5974 2279202220068.1743 -15463670242.909801
1847041537856.4414 2279202517839.679 -15463663947.798164
1847041137296.2307 2279202815611.116 -15463657652.686071
1847040736735.9653 2279203113382.486 -15463651357.57352
1847040336175.6453 2279203411153.788 -15463645062.460512
1847039935615.2708 2279203708925.023 -15463638767.347046
1847039535054.8416 2279204006696.1904 -15463632472.233122
1847039134494.3577 2279204304467.2905 -15463626177.118742
1847038733933.819 2279204602238.3228 -15463619882.003904
1847038333373.2258 2279204900009.2876 -15463613586.888609
1847037932812.578 2279205197780.185 -15463607291.772856
1847037532251.8752 2279205495551.015 -15463600996.656645
1847037131691.118 2279205793321.778 -15463594701.539978
1847036731130.306 2279206091092.4727 -15463588406.422853
1847036330569.4392 2279206388863.1 -15463582111.305271
1847035930008.5178 2279206686633.66 -15463575816.187231
1847035529447.5417 2279206984404.153 -15463569521.068733
1847035128886.511 2279207282174.578 -15463563225.94978
1847034728325.4255 2279207579944.936 -15463556930.830368
1847034327764.2854 2279207877715.226 -15463550635.710499
1847033927203.0906 2279208175485.4487 -15463544340.590172
1847033526641.841 2279208473255.604 -15463538045.469387
1847033126080.537 2279208771025.692 -15463531750.348146
1847032725519.1785 2279209068795.7124 -15463525455.226448
1847032324957.7651 2279209366565.6655 -15463519160.104292
1847031924396.297 2279209664335.551 -15463512864.981678
1847031523834.7744 2279209962105.3687 -15463506569.858606
1847031123273.197 2279210259875.119 -15463500274.735079
1847030722711.565 2279210557644.8022 -15463493979.611094
1847030322149.8782 2279210855414.418 -15463487684.48665
1847029921588.1367 2279211153183.966 -15463481389.36175
1847029521026.3406 2279211450953.4463 -15463475094.236391
1847029120464.4897 2279211748722.8594 -15463468799.110577
1847028719902.5842 2279212046492.205 -15463462503.984304
1847028319340.624 2279212344261.4834 -15463456208.857574
1847027918778.6091 2279212642030.6943 -15463449913.730387
1847027518216.5396 2279212939799.8374 -15463443618.602741
1847027117654.4153 2279213237568.913 -15463437323.47464
1847026717092.2366 2279213535337.9214 -15463431028.34608
1847026316530.0032 2279213833106.8623 -15463424733.217064
1847025915967.715 2279214130875.736 -15463418438.08759
1847025515405.3723 2279214428644.542 -15463412142.957657
1847025114842.9749 2279214726413.2803 -15463405847.827269
1847024714280.5227 2279215024181.951 -15463399552.696423
1847024313718.0159 2279215321950.5547 -15463393257.565119
1847023913155.4543 2279215619719.091 -15463386962.433357
1847023512592.8381 2279215917487.5596 -15463380667.301138
1847023112030.1672 2279216215255.961 -15463374372.168463
1847022711467.4417 2279216513024.2944 -15463368077.03533
1847022310904.6614 2279216810792.5605 -15463361781.90174
1847021910341.8264 2279217108560.7593 -15463355486.76769
1847021509778.9368 2279217406328.8906 -15463349191.633184
1847021109215.9924 2279217704096.9546 -15463342896.498222
1847020708652.9934 2279218001864.9507 -15463336601.362803
1847020308089.9397 2279218299632.8794 -15463330306.226925
1847019907526.8315 2279218597400.7407 -15463324011.09059
1847019506963.6687 2279218895168.5347 -15463317715.953796
1847019106400.4512 2279219192936.261 -15463311420.816547
1847018705837.179 2279219490703.9204 -15463305125.67884
1847018305273.852 2279219788471.5117 -15463298830.540676
1847017904710.4705 2279220086239.0356 -15463292535.402054
1847017504147.0342 2279220384006.492 -15463286240.262974
1847017103583.5432 2279220681773.8813 -15463279945.123438
1847016703019.9976 2279220979541.203 -15463273649.983444
1847016302456.3972 2279221277308.4575 -15463267354.842993
1847015901892.7422 2279221575075.644 -15463261059.702084
1847015501329.0325 2279221872842.763 -15463254764.560717
1847015100765.268 2279222170609.815 -15463248469.418894
1847014700201.449 2279222468376.7993 -15463242174.276613
1847014299637.5752 2279222766143.7163 -15463235879.133875
1847013899073.6467 2279223063910.5654 -15463229583.990679
1847013498509.6638 2279223361677.347 -15463223288.847025
1847013097945.6262 2279223659444.0615 -15463216993.702915
1847012697381.534 2279223957210.7085 -15463210698.558348
1847012296817.387 2279224254977.288 -15463204403.413322
1847011896253.1853 2279224552743.8003 -15463198108.26784
1847011495688.929 2279224850510.2446 -15463191813.121899
1847011095124.618 2279225148276.6216 -15463185517.975502
1847010694560.2522 2279225446042.931 -15463179222.828648
1847010293995.8318 2279225743809.1733 -15463172927.681335
1847009893431.3567 2279226041575.348 -15463166632.533566
1847009492866.827 2279226339341.4556 -15463160337.385338
1847009092302.2424 2279226637107.495 -15463154042.236654
1847008691737.6033 2279226934873.4673 -15463147747.087513
1847008291172.9094 2279227232639.372 -15463141451.937914
1847007890608.161 2279227530405.2095 -15463135156.787857
