46250280311.82735 139211166783.97177 23216235.3986969
46243111674.72848 139213534669.51193 23216276.693394393
46235942913.2877 139215902194.94513 23216318.15214413
46228774027.5228 139218269360.2638 23216359.77488606
46221605017.45156 139220636165.46036 23216401.56156008
46214435883.09179 139223002610.52725 23216443.51210605
46207266624.461266 139225368695.45688 23216485.62646379
46200097241.57779 139227734420.24167 23216527.904573075
46192927734.45915 139230099784.87405 23216570.34637364
46185758103.12315 139232464789.34647 23216612.951805178
46178588347.587585 139234829433.65134 23216655.720807344
46171418467.87025 139237193717.78107 23216698.653319743
46164248463.98894 139239557641.72812 23216741.74928195
46157078335.96146 139241921205.4849 23216785.00863349
46149908083.8056 139244284409.04382 23216828.43131385
46142737707.53918 139246647252.39734 23216872.017262474
46135567207.17998 139249009735.53787 23216915.766418763
46128396582.74581 139251371858.45786 23216959.67872208
46121225834.25448 139253733621.14972 23217003.75411175
46114054961.723785 139256095023.6059 23217047.992527045
46106883965.17154 139258456065.81882 23217092.393907208
46099712844.61555 139260816747.78094 23217136.958191436
46092541600.07361 139263177069.48468 23217181.68531888
46085370231.56354 139265537030.92245 23217226.575228658
46078198739.10314 139267896632.08673 23217271.62785984
46071027122.71023 139270255872.96994 23217316.843151454
46063855382.40261 139272614753.5645 23217362.221042495
46056683518.1981 139274973273.86288 23217407.761471912
46049511530.1145 139277331433.8575 23217453.46437861
46042339418.16964 139279689233.5408 23217499.329701453
46035167182.381325 139282046672.9052 23217545.35737927
46027994822.76737 139284403751.9432 23217591.54735084
46020822339.3456 139286760470.6472 23217637.89955491
46013649732.13382 139289116829.0096 23217684.413930178
46006477001.14985 139291472827.02295 23217731.090415303
45999304146.411514 139293828464.6796 23217777.928948905
45992131167.93662 139296183741.97202 23217824.929469563
45984958065.743004 139298538658.89267 23217872.091915812
45977784839.84848 139300893215.434 23217919.41622615
45970611490.27087 139303247411.58844 23217966.902339026
45963438017.02799 139305601247.34845 23218014.550192855
45956264420.13768 139307954722.70645 23218062.35972601
45949090699.61775 139310307837.65494 23218110.330876824
45941916855.48604 139312660592.1863 23218158.46358358
45934742887.76036 139315012986.29306 23218206.757784534
45927568796.45855 139317365019.96762 23218255.213417888
45920394581.598434 139319716693.20242 23218303.83042181
45913220243.197845 139322068005.98996 23218352.608734425
45906045781.274605 139324418958.32266 23218401.548293818
45898871195.84655 139326769550.19296 23218450.64903803
45891696486.93152 139329119781.59335 23218499.91090507
45884521654.54733 139331469652.51627 23218549.333832894
45877346698.71183 139333819162.95416 23218598.917759422
45870171619.44285 139336168312.8995 23218648.662622534
45862996416.758224 139338517102.34473 23218698.568360068
45855821090.67579 139340865531.28232 23218748.634909824
45848645641.21339 139343213599.7047 23218798.862209555
45841470068.38885 139345561307.6044 23218849.25019698
45834294372.22002 139347908654.97382 23218899.798809767
45827118552.72473 139350255641.80542 23218950.507985555
45819942609.92083 139352602268.09167 23219001.377661936
45812766543.82616 139354948533.82504 23219052.407776464
45805590354.45856 139357294438.998 23219103.598266646
45798414041.83588 139359639983.60297 23219154.949069954
45791237605.97595 139361985167.63248 23219206.46012382
45784061046.89664 139364329991.07895 23219258.131365627
45776884364.61577 139366674453.93484 23219309.96273273
45769707559.1512 139369018556.19266 23219361.954162426
45762530630.520775 139371362297.84482 23219414.10559199
45755353578.74235 139373705678.88382 23219466.41695864
45748176403.83377 139376048699.30212 23219518.888199568
45740999105.81289 139378391359.0922 23219571.519251913
45733821684.697556 139380733658.24652 23219624.31005278
45726644140.50562 139383075596.75757 23219677.260539226
45719466473.254944 139385417174.6178 23219730.370648276
45712288682.96337 139387758391.81967 23219783.64031691
45705110769.648766 139390099248.35568 23219837.06948207
45697932733.32898 139392439744.2183 23219890.658080652
45690754574.02187 139394779879.39996 23219944.406049516
45683576291.7453 139397119653.8932 23219998.31332548
45676397886.51712 139399459067.69043 23220052.37984532
45669219358.355194 139401798120.78418 23220106.605545778
45662040707.27738 139404136813.1669 23220160.990363542
45654861933.301544 139406475144.8311 23220215.534235273
45647683036.44555 139408813115.7692 23220270.23709758
45640504016.72725 139411150725.97372 23220325.09888704
45633324874.16452 139413487975.43713 23220380.11954019
45626145608.77522 139415824864.15192 23220435.298993513
45618966220.57722 139418161392.11053 23220490.63718347
45611786709.58838 139420497559.30548 23220546.13404647
45604607075.82657 139422833365.72925 23220601.78951888
45597427319.30966 139425168811.3743 23220657.603537038
45590247440.05552 139427503896.23312 23220713.576037228
45583067438.082016 139429838620.29822 23220769.7069557
45575887313.40703 139432172983.56207 23220825.996228665
45568707066.04842 139434506986.01715 23220882.443792287
45561526696.02408 139436840627.65594 23220939.049582697
45554346203.35186 139439173908.47095 23220995.813535985
45547165588.049644 139441506828.45465 23221052.735588193
45539984850.135315 139443839387.59955 23221109.81567533
45532803989.62674 139446171585.8981 23221167.05373336
45525623006.5418 139448503423.34283 23221224.44969821
45518441900.89838 139450834899.9262 23221282.003505763
45511260672.71434 139453166015.64072 23221339.71509186
45504079322.00758 139455496770.47888 23221397.584392317
45496897848.795975 139457827164.43317 23221455.611342885
45489716253.097404 139460157197.49606 23221513.795879293
45482534534.929756 139462486869.6601 23221572.137937225
45475352694.310905 139464816180.91772 23221630.637452323
45468170731.25874 139467145131.26147 23221689.294360187
45460988645.79115 139469473720.6838 23221748.108596377
45453806437.926025 139471801949.17725 23221807.08009642
45446624107.681244 139474129816.73428 23221866.208795793
45439441655.0747 139476457323.3474 23221925.49462994
45432259080.124275 139478784469.00912 23221984.937534254
45425076382.84787 139481111253.71194 23222044.537444104
45417893563.26337 139483437677.44836 23222104.294294804
45410710621.388664 139485763740.21088 23222164.208021637
45403527557.241646 139488089441.99197 23222224.278559837
45396344370.84022 139490414782.78418 23222284.505844608
45389161062.20226 139492739762.58 23222344.889811106
45381977631.34568 139495064381.3719 23222405.430394452
45374794078.28837 139497388639.1524 23222466.12752972
45367610403.048225 139499712535.91403 23222526.981151957
45360426605.64314 139502036071.6493 23222587.99119615
45353242686.09103 139504359246.35068 23222649.157597266
45346058644.409775 139506682060.0107 23222710.480290215
45338874480.61729 139509004512.6219 23222771.959209874
45331690194.73146 139511326604.17673 23222833.594291084
45324505786.7702 139513648334.66772 23222895.38546864
45317321256.75142 139515969704.0874 23222957.332677297
45310136604.69301 139518290712.42825 23223019.435851775
45302951830.61288 139520611359.6828 23223081.69492675
45295766934.52894 139522931645.84354 23223144.109836854
45288581916.45909 139525251570.903 23223206.680516686
45281396776.42125 139527571134.85373 23223269.406900804
45274211514.43331 139529890337.68817 23223332.28892372
45267026130.5132 139532209179.3989 23223395.326519914
45259840624.67882 139534527659.9784 23223458.519623816
45252654996.948074 139536845779.4192 23223521.868169826
45245469247.33888 139539163537.7138 23223585.3720923
45238283375.86916 139541480934.85477 23223649.03132555
45231097382.55682 139543797970.83456 23223712.845803853
45223911267.41978 139546114645.64572 23223776.815461446
45216725030.475945 139548430959.2808 23223840.940232523
45209538671.74324 139550746911.73227 23223905.220051236
45202352191.239586 139553062502.99268 23223969.654851705
45195165588.982895 139555377733.05453 23224034.244568005
45187978864.99109 139557692601.91037 23224098.98913417
45180792019.28209 139560007109.5527 23224163.888484195
45173605051.87382 139562321255.97406 23224228.942552038
45166417962.78419 139564635041.167 23224294.15127161
45159230752.03113 139566948465.124 23224359.514576793
45152043419.63257 139569261527.8376 23224425.032401416
45144855965.60643 139571574229.30032 23224490.704679277
45137668389.970634 139573886569.50473 23224556.531344134
45130480692.74311 139576198548.4433 23224622.5123297
45123292873.94179 139578510166.1086 23224688.647569653
45116104933.58459 139580821422.49316 23224754.936997626
45108916871.689445 139583132317.58948 23224821.380547218
45101728688.27429 139585442851.3901 23224887.978151985
45094540383.357056 139587753023.88757 23224954.72974544
45087351956.955666 139590062835.07443 23225021.635261063
45080163409.08806 139592372284.9432 23225088.69463229
45072974739.77217 139594681373.48642 23225155.90779252
45065785949.02593 139596990100.6966 23225223.274675105
45058597036.86728 139599298466.56628 23225290.795213364
45051408003.31415 139601606471.08804 23225358.469340578
45044218848.384476 139603914114.25436 23225426.29698998
45037029572.0962 139606221396.05783 23225494.278094772
45029840174.46726 139608528316.49097 23225562.41258811
45022650655.5156 139610834875.5463 23225630.70040311
45015461015.259155 139613141073.21637 23225699.14147285
45008271253.715866 139615446909.4937 23225767.735730372
45001081370.90368 139617752384.37088 23225836.483108673
44993891366.84054 139620057497.84042 23225905.383540716
44986701241.54439 139622362249.8949 23225974.436959416
44979510995.03317 139624666640.52682 23226043.643297654
44972320627.32484 139626970669.72873 23226113.00248827
44965130138.437325 139629274337.4932 23226182.514464065
44957939528.38859 139631577643.81274 23226252.1791578
44950748797.19658 139633880588.67993 23226321.9965022
44943557944.87924 139636183172.0873 23226391.966429934
44936366971.45453 139638485394.0274 23226462.088873655
44929175876.94039 139640787254.49277 23226532.363765962
44921984661.35478 139643088753.47598 23226602.791039415
44914793324.71565 139645389890.96957 23226673.37062654
44907601867.04096 139647690666.9661 23226744.102459814
44900410288.348656 139649991081.4581 23226814.986471687
44893218588.6567 139652291134.43814 23226886.02259456
44886026767.98305 139654590825.89874 23226957.2107608
44878834826.34565 139656890155.8325 23227028.550902728
44871642763.762474 139659189124.23193 23227100.04295263
44864450580.25148 139661487731.08963 23227171.686842754
44857258275.83062 139663785976.39813 23227243.482505303
44850065850.51786 139666083860.15 23227315.429872442
44842873304.33116 139668381382.33777 23227387.5288763
44835680637.28849 139670678542.95404 23227459.779448964
44828487849.40781 139672975341.99133 23227532.18152248
44821294940.70708 139675271779.44223 23227604.73502886
44814101911.20427 139677567855.2993 23227677.439900067
44806908760.91734 139679863569.55505 23227750.296068035
44799715489.86427 139682158922.2021 23227823.30346465
44792522098.06303 139684453913.23297 23227896.462021768
44785328585.53157 139686748542.64026 23227969.771671195
44778134952.28787 139689042810.4165 23228043.232344702
44770941198.34991 139691336716.5543 23228116.84397402
44763747323.73564 139693630261.04617 23228190.606490843
44756553328.46306 139695923443.8847 23228264.519826822
44749359212.550125 139698216265.06247 23228338.583913572
44742164976.01482 139700508724.57202 23228412.798682667
44734970618.87511 139702800822.40594 23228487.16406564
44727776141.14897 139705092558.5568 23228561.679993987
44720581542.85439 139707383933.01715 23228636.346399162
44713386824.009346 139709674945.77957 23228711.163212582
44706191984.631805 139711965596.83664 23228786.130365625
44698997024.73976 139714255886.1809 23228861.24778963
44691801944.35119 139716545813.80496 23228936.51541589
44684606743.48407 139718835379.7014 23229011.933175664
44677411422.15639 139721124583.86273 23229087.501000177
44670215980.38612 139723413426.2816 23229163.218820605
44663020418.19126 139725701906.95053 23229239.086568087
44655824735.58978 139727990025.86212 23229315.104173727
44648628932.599686 139730277783.00894 23229391.27156859
44641433009.238945 139732565178.38358 23229467.58868369
44634236965.52556 139734852211.9786 23229544.05545002
44627040801.47751 139737138883.7866 23229620.671798516
44619844517.112785 139739425193.80014 23229697.437660087
44612648112.44938 139741711142.0118 23229774.352965597
44605451587.50529 139743996728.41418 23229851.41764587
44598254942.2985 139746281952.99985 23229928.6316317
44591058176.84701 139748566815.76138 23230005.994853824
44583861291.1688 139750851316.69138 23230083.50724296
44576664285.28188 139753135455.7824 23230161.168729767
44569467159.20425 139755419233.02707 23230238.979244884
44562269912.95388 139757702648.41794 23230316.938718896
44555072546.54879 139759985701.9476 23230395.047082357
44547875060.00697 139762268393.60864 23230473.30426578
44540677453.346436 139764550723.39365 23230551.710199635
44533479726.58517 139766832691.2952 23230630.26481436
44526281879.74117 139769114297.3059 23230708.968040343
44519083912.83246 139771395541.41837 23230787.819807947
44511885825.87702 139773676423.62512 23230866.820047483
44504687618.89287 139775956943.91882 23230945.96868923
44497489291.898 139778237102.29202 23231025.265663423
44490290844.91043 139780516898.7373 23231104.710900262
44483092277.94816 139782796333.24728 23231184.30432991
44475893591.0292 139785075405.81454 23231264.045882482
44468694784.171555 139787354116.4317 23231343.935488064
44461495857.393234 139789632465.09134 23231423.973076694
44454296810.71225 139791910451.78604 23231504.158578377
44447097644.146614 139794188076.50842 23231584.491923075
44439898357.71433 139796465339.25107 23231664.973040715
44432698951.433426 139798742240.0066 23231745.601861183
44425499425.3219 139801018778.76758 23231826.378314324
44418299779.39777 139803294955.5266 23231907.302329946
44411100013.67906 139805570770.2763 23231988.373837817
44403900128.183784 139807846223.00928 23232069.592767667
44396700122.929955 139810121313.7181 23232150.959049184
44389499997.93559 139812396042.39542 23232232.472612023
44382299753.21871 139814670409.03378 23232314.133385796
44375099388.79734 139816944413.62582 23232395.94130007
44367898904.68949 139819218056.16415 23232477.896284387
44360698300.91319 139821491336.6414 23232559.99826824
44353497577.486465 139823764255.0501 23232642.24718108
44346296734.42733 139826036811.38293 23232724.64295233
44339095771.753815 139828309005.63245 23232807.185511366
44331894689.48394 139830580837.7913 23232889.874787528
44324693487.635735 139832852307.85205 23232972.710710116
44317492166.22723 139835123415.80734 23233055.69320839
44310290725.27644 139837394161.64978 23233138.82221157
44303089164.801414 139839664545.37198 23233222.097648844
44295887484.82017 139841934566.96655 23233305.519449353
44288685685.35074 139844204226.42612 23233389.087542202
44281483766.41115 139846473523.74326 23233472.80185646
44274281728.01944 139848742458.9106 23233556.66232115
44267079570.19364 139851011031.92078 23233640.668865263
44259877292.95179 139853279242.7664 23233724.821417753
44252674896.31191 139855547091.44006 23233809.119907524
44245472380.29205 139857814577.93442 23233893.56426345
44238269744.91025 139860081702.24207 23233978.154414367
44231066990.18453 139862348464.35562 23234062.890289064
44223864116.13294 139864614864.2677 23234147.7718163
44216661122.77352 139866880901.97092 23234232.798924785
44209458010.124306 139869146577.45792 23234317.971543204
44202254778.20334 139871411890.72128 23234403.28960019
44195051427.02866 139873676841.75366 23234488.753024343
44187847956.618324 139875941430.5477 23234574.36174423
44180644366.990364 139878205657.09598 23234660.115688365
44173440658.16283 139880469521.39114 23234746.014785234
44166236830.153755 139882733023.4258 23234832.058963284
44159032882.9812 139884996163.19263 23234918.24815092
44151828816.66321 139887258940.6842 23235004.5822765
44144624631.21783 139889521355.89316 23235091.061268363
44137420326.66311 139891783408.81213 23235177.685054794
44130215903.0171 139894045099.43375 23235264.45356404
44123011360.29785 139896306427.75064 23235351.366724316
44115806698.523415 139898567393.75543 23235438.424463794
44108601917.711845 139900827997.44077 23235525.626710605
44101397017.881195 139903088238.79926 23235612.973392848
44094191999.04952 139905348117.82355 23235700.46443858
44086986861.23488 139907607634.50626 23235788.099775814
44079781604.45532 139909866788.84003 23235875.87933253
44072576228.728905 139912125580.8175 23235963.80303667
44065370734.07369 139914384010.4313 23236051.870816138
44058165120.50774 139916642077.67407 23236140.08259879
44050959388.0491 139918899782.53845 23236228.438312456
44043753536.71585 139921157125.0171 23236316.937884916
44036547566.52604 139923414105.1026 23236405.58124392
44029341477.497734 139925670722.78763 23236494.368317176
44022135269.648994 139927926978.06482 23236583.29903235
44014928942.99789 139930182870.92682 23236672.373317074
44007722497.56248 139932438401.36627 23236761.59109894
44000515933.36083 139934693569.3758 23236850.952305503
43993309250.41102 139936948374.94806 23236940.456864275
43986102448.73111 139939202818.07568 23237030.10470273
43978895528.339165 139941456898.7513 23237119.895748306
43971688489.25326 139943710616.9676 23237209.829928406
43964481331.49146 139945963972.7172 23237299.907170385
43957274055.071846 139948216965.99274 23237390.127401564
43950066660.01248 139950469596.7869 23237480.49054923
43942859146.33144 139952721865.0923 23237570.99654062
43935651514.0468 139954973770.90158 23237661.645302948
43928443763.17663 139957225314.2074 23237752.436763372
43921235893.73901 139959476495.0024 23237843.370849025
43914027905.75202 139961727313.27927 23237934.447486997
43906819799.233734 139963977769.0306 23238025.666604336
43899611574.20223 139966227862.2491 23238117.028128058
43892403230.67559 139968477592.9274 23238208.531985134
43885194768.6719 139970726961.05814 23238300.178102497
43877986188.20923 139972975966.634 23238391.96640705
43870777489.305664 139975224609.6476 23238483.896825645
43863568671.97929 139977472890.09164 23238575.969285104
43856359736.248184 139979720807.95874 23238668.183712207
43849150682.13044 139981968363.24158 23238760.540033698
43841941509.64414 139984215555.9328 23238853.03817628
43834732218.80737 139986462386.0251 23238945.67806662
43827522809.63822 139988708853.51108 23239038.459631342
43820313282.15478 139990954958.38342 23239131.382797036
43813103636.37512 139993200700.6348 23239224.447490253
43805893872.31735 139995446080.25784 23239317.653637502
43798683989.999565 139997691097.24524 23239411.001165256
43791473989.43984 139999935751.58966 23239504.48999995
43784263870.65628 140002180043.28375 23239598.12006798
43777053633.66698 140004423972.3202 23239691.8912957
43769843278.49002 140006667538.69165 23239785.803609435
43762632805.14351 140008910742.39078 23239879.85693546
