543794455624.7462 507266381284.0077 -14270746752.16745
543792191326.046 507268924453.7934 -14270706643.190737
543789927016.41266 507271467613.393 -14270666533.927114
543787662695.8461 507274010762.80646 -14270626424.376583
543785398364.3465 507276553902.03375 -14270586314.539145
543783134021.9138 507279097031.0748 -14270546204.414799
543780869668.54816 507281640149.9296 -14270506094.003548
543778605304.2496 507284183258.5981 -14270465983.305391
543776340929.01807 507286726357.0802 -14270425872.320332
543774076542.8537 507289269445.37585 -14270385761.048368
543771812145.7566 507291812523.48505 -14270345649.489504
543769547737.7267 507294355591.4077 -14270305537.643738
543767283318.7641 507296898649.14386 -14270265425.511072
543765018888.86884 507299441696.69336 -14270225313.091507
543762754448.041 507301984734.0562 -14270185200.385042
543760489996.28064 507304527761.23236 -14270145087.39168
543758225533.5877 507307070778.22174 -14270104974.111422
543755961059.96234 507309613785.0243 -14270064860.544268
543753696575.4046 507312156781.64 -14270024746.690218
543751432079.9145 507314699768.06885 -14269984632.549274
543749167573.49207 507317242744.3107 -14269944518.121437
543746903056.1374 507319785710.3656 -14269904403.406708
543744638527.85046 507322328666.2334 -14269864288.405087
543742373988.6314 507324871611.9141 -14269824173.116575
543740109438.4802 507327414547.4077 -14269784057.541174
543737844877.397 507329957472.7141 -14269743941.678885
543735580305.3817 507332500387.83325 -14269703825.529707
543733315722.43445 507335043292.76514 -14269663709.093643
543731051128.5553 507337586187.5097 -14269623592.370693
543728786523.74426 507340129072.0669 -14269583475.360857
543726521908.0014 507342671946.43665 -14269543358.064137
543724257281.3268 507345214810.6189 -14269503240.480534
543721992643.72046 507347757664.61365 -14269463122.610048
543719727995.18243 507350300508.42084 -14269423004.45268
543717463335.71277 507352843342.0404 -14269382886.008432
543715198665.3115 507355386165.4723 -14269342767.277306
543712933983.97876 507357928978.71643 -14269302648.2593
543710669291.71454 507360471781.7728 -14269262528.954416
543708404588.51886 507363014574.6414 -14269222409.362656
543706139874.3918 507365557357.32214 -14269182289.484018
543703875149.3334 507368100129.81494 -14269142169.318506
543701610413.3437 507370642892.1198 -14269102048.86612
543699345666.4228 507373185644.2367 -14269061928.126858
543697080908.5707 507375728386.1655 -14269021807.100725
543694816139.7875 507378271117.90625 -14268981685.78772
543692551360.0732 507380813839.4588 -14268941564.187843
543690286569.4278 507383356550.8232 -14268901442.301098
543688021767.85144 507385899251.9993 -14268861320.127483
543685756955.3442 507388441942.9872 -14268821197.667
543683492131.906 507390984623.7867 -14268781074.91965
543681227297.537 507393527294.3978 -14268740951.885433
543678962452.2372 507396069954.8205 -14268700828.56435
543676697596.0066 507398612605.0547 -14268660704.956404
543674432728.84534 507401155245.10034 -14268620581.061594
543672167850.7534 507403697874.95746 -14268580456.879921
543669902961.7309 507406240494.6259 -14268540332.411386
543667638061.77783 507408783104.1057 -14268500207.65599
543665373150.8942 507411325703.3968 -14268460082.613733
543663108229.0802 507413868292.4991 -14268419957.284618
543660843296.33575 507416410871.41254 -14268379831.668644
543658578352.66095 507418953440.13715 -14268339705.765812
543656313398.05585 507421495998.67285 -14268299579.576124
543654048432.5205 507424038547.0196 -14268259453.09958
543651783456.05493 507426581085.1773 -14268219326.336182
543649518468.6592 507429123613.146 -14268179199.285929
543647253470.3333 507431666130.92554 -14268139071.948824
543644988461.0774 507434208638.5159 -14268098944.324867
543642723440.8915 507436751135.9171 -14268058816.414059
543640458409.7756 507439293623.1291 -14268018688.2164
543638193367.7298 507441836100.15173 -14267978559.731892
543635928314.75415 507444378566.98505 -14267938430.960535
543633663250.84863 507446921023.62897 -14267898301.90233
543631398176.01337 507449463470.08344 -14267858172.55728
543629133090.2484 507452005906.34845 -14267818042.925383
543626867993.5538 507454548332.4239 -14267777913.006641
543624602885.9295 507457090748.30975 -14267737782.801056
543622337767.3757 507459633154.006 -14267697652.308628
543620072637.8923 507462175549.5125 -14267657521.529358
543617807497.47943 507464717934.82935 -14267617390.463245
543615542346.13715 507467260309.9564 -14267577259.110292
543613277183.8655 507469802674.8937 -14267537127.4705
543611012010.6645 507472345029.64105 -14267496995.543869
543608746826.53424 507474887374.1985 -14267456863.3304
543606481631.47473 507477429708.566 -14267416730.830095
543604216425.486 507479972032.7434 -14267376598.042953
543601951208.5682 507482514346.7308 -14267336464.968977
543599685980.72125 507485056650.5281 -14267296331.608166
543597420741.9453 507487598944.1352 -14267256197.960522
543595155492.24036 507490141227.5521 -14267216064.026045
543592890231.6065 507492683500.77875 -14267175929.804737
543590624960.04376 507495225763.8151 -14267135795.296598
543588359677.5521 507497768016.66113 -14267095660.50163
543586094384.1317 507500310259.3167 -14267055525.419834
543583829079.7826 507502852491.78186 -14267015390.051208
543581563764.50476 507505394714.0565 -14266975254.395756
543579298438.2983 507507936926.1406 -14266935118.453478
543577033101.1632 507510479128.0341 -14266894982.224375
543574767753.09955 507513021319.737 -14266854845.708447
543572502394.1074 507515563501.2492 -14266814708.905695
543570237024.1868 507518105672.5707 -14266774571.81612
543567971643.3378 507520647833.70135 -14266734434.439724
543565706251.5605 507523189984.6412 -14266694296.776508
543563440848.85486 507525732125.39014 -14266654158.826471
543561175435.22095 507528274255.9482 -14266614020.589617
543558910010.6588 507530816376.31525 -14266573882.065943
543556644575.1685 507533358486.4913 -14266533743.255451
543554379128.7501 507535900586.47626 -14266493604.158144
543552113671.4037 507538442676.2701 -14266453464.774021
543549848203.1292 507540984755.87274 -14266413325.103085
543547582723.9268 507543526825.28424 -14266373185.145334
543545317233.7965 507546068884.50446 -14266333044.90077
543543051732.73834 507548610933.5334 -14266292904.369394
543540786220.7523 507551152972.3709 -14266252763.551208
543538520697.83856 507553695001.017 -14266212622.446213
543536255163.9971 507556237019.47174 -14266172481.054407
543533989619.2279 507558779027.7349 -14266132339.375793
543531724063.5311 507561321025.8066 -14266092197.410372
543529458496.9068 507563863013.6866 -14266052055.158144
543527192919.3549 507566404991.375 -14266011912.61911
543524927330.87555 507568946958.8717 -14265971769.793272
543522661731.46875 507571488916.17664 -14265931626.68063
543520396121.1346 507574030863.2898 -14265891483.281185
543518130499.8731 507576572800.2111 -14265851339.594938
543515864867.6843 507579114726.94055 -14265811195.621891
543513599224.56836 507581656643.4781 -14265771051.362043
543511333570.5252 507584198549.8236 -14265730906.815395
543509067905.55493 507586740445.9771 -14265690761.981949
543506802229.65753 507589282331.93854 -14265650616.861706
543504536542.8331 507591824207.7078 -14265610471.454666
543502270845.0817 507594366073.285 -14265570325.76083
543500005136.4034 507596907928.66986 -14265530179.7802
543497739416.79816 507599449773.8625 -14265490033.512775
543495473686.2661 507601991608.8628 -14265449886.958557
543493207944.80725 507604533433.6708 -14265409740.117548
543490942192.42163 507607075248.2863 -14265369592.989748
543488676429.1093 507609617052.7094 -14265329445.575157
543486410654.87036 507612158846.94 -14265289297.873777
543484144869.70483 507614700630.978 -14265249149.885609
543481879073.61273 507617242404.8234 -14265209001.610651
543479613266.5942 507619784168.4762 -14265168853.048906
543477347448.6492 507622325921.9363 -14265128704.200377
543475081619.7778 507624867665.2036 -14265088555.065062
543472815779.98 507627409398.27814 -14265048405.642963
543470549929.2559 507629951121.15985 -14265008255.934082
543468284067.6056 507632492833.84863 -14264968105.938417
543466018195.02905 507635034536.3445 -14264927955.655972
543463752311.52637 507637576228.64734 -14264887805.086744
543461486417.0976 507640117910.75714 -14264847654.230738
543459220511.74274 507642659582.6739 -14264807503.087954
543456954595.4619 507645201244.3975 -14264767351.65839
543454688668.2551 507647742895.928 -14264727199.94205
543452422730.12244 507650284537.2652 -14264687047.938934
543450156781.06384 507652826168.4091 -14264646895.649044
543447890821.07947 507655367789.35974 -14264606743.072378
543445624850.1693 507657909400.117 -14264566590.20894
543443358868.33344 507660451000.68085 -14264526437.05873
543441092875.5719 507662992591.0512 -14264486283.621746
543438826871.88477 507665534171.2281 -14264446129.897993
543436560857.27203 507668075741.21136 -14264405975.88747
543434294831.73376 507670617301.00104 -14264365821.590178
543432028795.2701 507673158850.59705 -14264325667.006117
543429762747.8809 507675700389.9994 -14264285512.13529
543427496689.5664 507678241919.20795 -14264245356.977697
543425230620.3266 507680783438.2227 -14264205201.533339
543422964540.1615 507683324947.04364 -14264165045.802216
543420698449.07117 507685866445.67065 -14264124889.784328
543418432347.05566 507688407934.1037 -14264084733.47968
543416166234.11505 507690949412.3428 -14264044576.888268
543413900110.2493 507693490880.3878 -14264004420.010096
543411633975.45856 507696032338.2388 -14263964262.845163
543409367829.74286 507698573785.89557 -14263924105.393473
543407101673.1022 507701115223.3582 -14263883947.655024
543404835505.5366 507703656650.6266 -14263843789.629816
543402569327.04626 507706198067.7007 -14263803631.317852
543400303137.6311 507708739474.58044 -14263763472.719133
543398036937.2912 507711280871.26587 -14263723313.83366
543395770726.0266 507713822257.75684 -14263683154.661432
543393504503.8374 507716363634.05334 -14263642995.202452
543391238270.7236 507718905000.15533 -14263602835.45672
543388972026.6852 507721446356.06274 -14263562675.424238
543386705771.72235 507723987701.7756 -14263522515.105005
543384439505.835 507726529037.2937 -14263482354.499023
543382173229.0233 507729070362.6171 -14263442193.606293
543379906941.2873 507731611677.7458 -14263402032.426815
543377640642.62695 507734152982.6797 -14263361870.96059
543375374333.04236 507736694277.4187 -14263321709.20762
543373108012.53357 507739235561.9628 -14263281547.167906
543370841681.10065 507741776836.312 -14263241384.841448
543368575338.7436 507744318100.4662 -14263201222.228247
543366308985.4625 507746859354.4253 -14263161059.328302
543364042621.25745 507749400598.18933 -14263120896.141617
543361776246.1284 507751941831.75824 -14263080732.668192
543359509860.07544 507754483055.13196 -14263040568.908028
543357243463.09863 507757024268.3104 -14263000404.861124
543354977055.198 507759565471.2936 -14262960240.527483
543352710636.3736 507762106664.0814 -14262920075.907104
543350444206.6255 507764647846.6739 -14262879910.99999
543348177765.95374 507767189019.0709 -14262839745.806143
543345911314.35834 507769730181.27246 -14262799580.32556
543343644851.8394 507772271333.2785 -14262759414.558245
543341378378.397 507774812475.0889 -14262719248.504196
543339111894.03107 507777353606.70374 -14262679082.163418
543336845398.7417 507779894728.12286 -14262638915.535908
543334578892.529 507782435839.3463 -14262598748.621668
543332312375.39294 507784976940.37396 -14262558581.4207
543330045847.3336 507787518031.2058 -14262518413.933004
543327779308.3511 507790059111.8418 -14262478246.158583
543325512758.4454 507792600182.2819 -14262438078.097435
543323246197.6166 507795141242.52606 -14262397909.749561
543320979625.8647 507797682292.5742 -14262357741.114964
543318713043.18976 507800223332.4263 -14262317572.193642
543316446449.59186 507802764362.0823 -14262277402.985598
543314179845.07104 507805305381.5421 -14262237233.490833
543311913229.6273 507807846390.8057 -14262197063.709349
543309646603.2608 507810387389.8731 -14262156893.641144
543307379965.9715 507812928378.7442 -14262116723.28622
543305113317.75946 507815469357.41895 -14262076552.644579
543302846658.6247 507818010325.89734 -14262036381.716219
543300579988.5673 507820551284.17926 -14261996210.501144
543298313307.58734 507823092232.2647 -14261956038.999353
543296046615.6848 507825633170.1536 -14261915867.210848
543293779912.8598 507828174097.84595 -14261875695.13563
543291513199.11237 507830715015.3417 -14261835522.773699
543289246474.44257 507833255922.64075 -14261795350.125057
543286979738.8504 507835796819.74304 -14261755177.189705
543284712992.33594 507838337706.6486 -14261715003.967642
543282446234.89923 507840878583.35736 -14261674830.45887
543280179466.54034 507843419449.8692 -14261634656.66339
543277912687.2593 507845960306.18414 -14261594482.581202
543275645897.05615 507848501152.3021 -14261554308.212307
543273379095.93097 507851041988.2231 -14261514133.556707
543271112283.8838 507853582813.947 -14261473958.614405
543268845460.9147 507856123629.4738 -14261433783.385397
543266578627.0236 507858664434.80347 -14261393607.869686
543264311782.2107 507861205229.9359 -14261353432.067274
543262044926.476 507863746014.87115 -14261313255.97816
543259778059.8196 507866286789.6091 -14261273079.602348
543257511182.2414 507868827554.14966 -14261232902.939837
543255244293.7416 507871368308.49286 -14261192725.990627
543252977394.3201 507873909052.6386 -14261152548.75472
543250710483.9771 507876449786.58685 -14261112371.232117
543248443562.7126 507878990510.3376 -14261072193.422817
543246176630.5266 507881531223.8907 -14261032015.326822
543243909687.41925 507884071927.24615 -14260991836.944134
543241642733.3905 507886612620.404 -14260951658.274754
543239375768.4404 507889153303.3641 -14260911479.318682
543237108792.5691 507891693976.1264 -14260871300.075918
543234841805.77655 507894234638.6909 -14260831120.546465
543232574808.06287 507896775291.05756 -14260790940.730322
543230307799.42804 507899315933.22626 -14260750760.627491
543228040779.87213 507901856565.19696 -14260710580.237972
543225773749.3952 507904397186.96967 -14260670399.561766
543223506707.9973 507906937798.5443 -14260630218.598873
543221239655.67847 507909478399.92084 -14260590037.349297
543218972592.4388 507912018991.09924 -14260549855.813036
543216705518.27826 507914559572.0794 -14260509673.990093
543214438433.19696 507917100142.8613 -14260469491.880468
543212171337.19495 507919640703.44495 -14260429309.484161
543209904230.2722 507922181253.8302 -14260389126.801174
543207637112.4289 507924721794.0171 -14260348943.831507
543205369983.665 507927262324.0055 -14260308760.575161
543203102843.9805 507929802843.7954 -14260268577.032139
543200835693.3756 507932343353.3868 -14260228393.202438
543198568531.8502 507934883852.7796 -14260188209.086063
543196301359.4045 507937424341.97375 -14260148024.683014
543194034176.0384 507939964820.96924 -14260107839.99329
543191766981.752 507942505289.766 -14260067655.016891
543189499776.54535 507945045748.36395 -14260027469.753822
543187232560.4185 507947586196.76306 -14259987284.20408
543184965333.3715 507950126634.9633 -14259947098.367668
543182698095.4045 507952667062.96466 -14259906912.244587
543180430846.5174 507955207480.767 -14259866725.834837
543178163586.71027 507957747888.37036 -14259826539.138418
543175896315.9832 507960288285.7746 -14259786352.155333
543173629034.33624 507962828672.97974 -14259746164.885582
543171361741.7695 507965369049.9857 -14259705977.329166
543169094438.2829 507967909416.7925 -14259665789.486086
543166827123.8765 507970449773.39996 -14259625601.356342
543164559798.5505 507972990119.80817 -14259585412.939936
543162292462.30475 507975530456.017 -14259545224.236868
543160025115.13947 507978070782.0265 -14259505035.247139
543157757757.0546 507980611097.8365 -14259464845.97075
543155490388.05023 507983151403.44696 -14259424656.407703
543153223008.1264 507985691698.8579 -14259384466.557999
543150955617.28314 507988231984.0693 -14259344276.421637
543148688215.52057 507990772259.081 -14259304085.99862
543146420802.8387 507993312523.893 -14259263895.288946
543144153379.2375 507995852778.5053 -14259223704.292618
543141885944.7171 507998393022.9178 -14259183513.009636
543139618499.2775 508000933257.13043 -14259143321.440002
543137351042.9189 508003473481.1432 -14259103129.583717
543135083575.6412 508006013694.95605 -14259062937.44078
543132816097.4444 508008553898.5689 -14259022745.011194
543130548608.3287 508011094091.98175 -14258982552.294958
543128281108.294 508013634275.1945 -14258942359.292074
543126013597.3405 508016174448.20715 -14258902166.002542
543123746075.4682 508018714611.01965 -14258861972.426365
543121478542.6771 508021254763.6319 -14258821778.563541
543119210998.9673 508023794906.0439 -14258781584.414074
543116943444.3388 508026335038.25555 -14258741389.977962
543114675878.7917 508028875160.26685 -14258701195.255209
543112408302.326 508031415272.07776 -14258661000.245813
543110140714.9418 508033955373.68823 -14258620804.949778
543107873116.63904 508036495465.0982 -14258580609.367102
543105605507.4179 508039035546.3076 -14258540413.497786
543103337887.2784 508041575617.3164 -14258500217.341831
543101070256.2205 508044115678.1246 -14258460020.89924
543098802614.2444 508046655728.732 -14258419824.170013
543096534961.35 508049195769.1387 -14258379627.15415
543094267297.5374 508051735799.3446 -14258339429.851652
543091999622.8067 508054275819.3497 -14258299232.26252
543089731937.1579 508056815829.1539 -14258259034.386755
543087464240.59106 508059355828.75714 -14258218836.224358
543085196533.10626 508061895818.1594 -14258178637.77533
543082928814.7035 508064435797.36066 -14258138439.03967
543080661085.3828 508066975766.36084 -14258098240.017384
543078393345.1443 508069515725.15985 -14258058040.708467
543076125593.988 508072055673.7577 -14258017841.112925
543073857831.91394 508074595612.1543 -14257977641.230755
543071590058.9222 508077135540.3497 -14257937441.061958
543069322275.0128 508079675458.3437 -14257897240.606537
543067054480.18585 508082215366.13635 -14257857039.864492
543064786674.4413 508084755263.7276 -14257816838.835825
543062518857.77924 508087295151.11743 -14257776637.520535
543060251030.19977 508089835028.3057 -14257736435.918623
543057983191.7029 508092374895.2925 -14257696234.030092
543055715342.28864 508094914752.07764 -14257656031.854942
543053447481.9571 508097454598.66113 -14257615829.393173
543051179610.70825 508099994435.0429 -14257575626.644787
543048911728.54224 508102534261.22296 -14257535423.609783
543046643835.45905 508105074077.2012 -14257495220.288164
543044375931.45874 508107613882.97754 -14257455016.67993
543042108016.5414 508110153678.552 -14257414812.78508
543039840090.70703 508112693463.92456 -14257374608.603619
543037572153.9557 508115233239.0951 -14257334404.135544
543035304206.2874 508117773004.0636 -14257294199.380857
543033036247.7023 508120312758.83 -14257253994.339561
543030768278.2003 508122852503.39435 -14257213789.011656
543028500297.7816 508125392237.7565 -14257173583.39714
543026232306.44617 508127931961.9164 -14257133377.496017
543023964304.1941 508130471675.874 -14257093171.308289
543021696291.0254 508133011379.62933 -14257052964.833954
543019428266.9401 508135551073.18225 -14257012758.073013
543017160231.9383 508138090756.5328 -14256972551.025469
543014892186.02 508140630429.68085 -14256932343.69132
543012624129.1853 508143170092.6264 -14256892136.07057
543010356061.4342 508145709745.3694 -14256851928.163218
