52594745734.07153 -14091013699.370861 -6022197772.580765
52595385720.727425 -14078667927.065897 -6021247139.962707
52596023145.09856 -14066321503.592184 -6020296219.107168
52596658006.80869 -14053974429.449965 -6019345010.020519
52597290305.48164 -14041626705.139656 -6018393512.709148
52597920040.741264 -14029278331.161846 -6017441727.179464
52598547212.21147 -14016929308.0173 -6016489653.437893
52599171819.51623 -14004579636.206951 -6015537291.490879
52599793862.27954 -13992229316.231913 -6014584641.344888
52600413340.125465 -13979878348.593466 -6013631703.0064
52601030252.678116 -13967526733.793068 -6012678476.481918
52601644599.561646 -13955174472.33235 -6011724961.777962
52602256380.40026 -13942821564.713116 -6010771158.90107
52602865594.81822 -13930468011.437346 -6009817067.8578
52603472242.439835 -13918113813.007189 -6008862688.654728
52604076322.88946 -13905758969.92497 -6007908021.298449
52604677835.7915 -13893403482.693192 -6006953065.795576
52605276780.77041 -13881047351.814524 -6005997822.152743
52605873157.4507 -13868690577.791815 -6005042290.376601
52606466965.456924 -13856333161.128086 -6004086470.473821
52607058204.41369 -13843975102.32653 -6003130362.45109
52607646873.945656 -13831616401.890518 -6002173966.315117
52608232973.67753 -13819257060.32359 -6001217282.072629
52608816503.23406 -13806897078.129463 -6000260309.7303705
52609397462.24007 -13794536455.812029 -5999303049.295107
52609975850.320404 -13782175193.87535 -5998345500.773621
52610551667.09998 -13769813292.823668 -5997387664.172714
52611124912.20376 -13757450753.161392 -5996429539.499208
52611695585.256744 -13745087575.393112 -5995471126.759943
52612263685.884 -13732723760.02359 -5994512425.961777
52612829213.71065 -13720359307.55776 -5993553437.111587
52613392168.36184 -13707994218.500732 -5992594160.2162695
52613952549.46279 -13695628493.35779 -5991634595.282742
52614510356.63877 -13683262132.634392 -5990674742.317937
52615065589.51509 -13670895136.83617 -5989714601.328808
52615618247.71712 -13658527506.468933 -5988754172.322328
52616168330.87028 -13646159242.038662 -5987793455.305488
52616715838.60003 -13633790344.051512 -5986832450.285297
52617260770.531906 -13621420813.013815 -5985871157.268785
52617803126.29147 -13609050649.432076 -5984909576.263001
52618342905.50436 -13596679853.812973 -5983947707.275011
52618880107.79623 -13584308426.663363 -5982985550.311901
52619414732.792816 -13571936368.490273 -5982023105.380777
52619946780.1199 -13559563679.800905 -5981060372.488763
52620476249.40332 -13547190361.10264 -5980097351.643001
52621003140.26894 -13534816412.90303 -5979134042.850654
52621527452.34271 -13522441835.709805 -5978170446.118903
52622049185.25061 -13510066630.030865 -5977206561.454949
52622568338.61868 -13497690796.374287 -5976242388.866011
52623084912.07301 -13485314335.248323 -5975277928.359326
52623598905.239746 -13472937247.161404 -5974313179.942154
52624110317.74508 -13460559532.622128 -5973348143.62177
52624619149.215256 -13448181192.139273 -5972382819.40547
52625125399.27658 -13435802226.221792 -5971417207.300569
52625629067.5554 -13423422635.378813 -5970451307.3144
52626130153.678116 -13411042420.119637 -5969485119.454316
52626628657.271194 -13398661580.95374 -5968518643.727691
52627124577.96114 -13386280118.390776 -5967551880.141913
52627617915.37452 -13373898032.94057 -5966584828.704396
52628108669.13795 -13361515325.113129 -5965617489.422567
52628596838.87809 -13349131995.418627 -5964649862.303877
52629082424.221664 -13336748044.367418 -5963681947.355792
52629565424.79545 -13324363472.470034 -5962713744.5858
52630045840.22627 -13311978280.237175 -5961745254.001407
52630523670.141014 -13299592468.17972 -5960776475.610138
52630998914.1666 -13287206036.808725 -5959807409.4195385
52631471571.93003 -13274818986.63542 -5958838055.437173
52631941643.058334 -13262431318.17121 -5957868413.670624
52632409127.178604 -13250043031.927675 -5956898484.127493
52632874023.91799 -13237654128.416574 -5955928266.815403
52633336332.9037 -13225264608.149837 -5954957761.741995
52633796053.76298 -13212874471.639572 -5953986968.9149275
52634253186.12314 -13200483719.398062 -5953015888.341882
52634707729.611534 -13188092351.937765 -5952044520.030556
52635159683.85559 -13175700369.771318 -5951072863.9886675
52635609048.48277 -13163307773.41153 -5950100920.223954
52636055823.1206 -13150914563.371386 -5949128688.744173
52636500007.39665 -13138520740.164047 -5948156169.557099
52636941600.93856 -13126126304.302853 -5947183362.670528
52637380603.37401 -13113731256.301315 -5946210268.092276
52637817014.330734 -13101335596.673126 -5945236885.830174
52638250833.43654 -13088939325.932148 -5944263215.892078
52638682060.31926 -13076542444.592422 -5943289258.28586
52639110694.60681 -13064144953.168167 -5942315013.019411
52639536735.92714 -13051746852.173775 -5941340480.100643
52639960183.908264 -13039348142.123816 -5940365659.537487
52640381038.178246 -13026948823.533033 -5939390551.3378935
52640799298.365204 -13014548896.91635 -5938415155.509831
52641214964.09732 -13002148362.788862 -5937439472.061291
52641628035.00282 -12989747221.665844 -5936463501.000278
52642038510.71 -12977345474.062746 -5935487242.334824
52642446390.84718 -12964943120.495193 -5934510696.072973
52642851675.04278 -12952540161.478989 -5933533862.222795
52643254362.92523 -12940136597.53011 -5932556740.792374
52643654454.12305 -12927732429.164711 -5931579331.789816
52644051948.264786 -12915327656.899126 -5930601635.223247
52644446844.979065 -12902922281.24986 -5929623651.100811
52644839143.894554 -12890516302.7336 -5928645379.430673
52645228844.639984 -12878109721.867205 -5927666820.221016
52645615946.84413 -12865702539.167711 -5926687973.480043
52646000450.13584 -12853294755.152334 -5925708839.215979
52646382354.144005 -12840886370.338463 -5924729417.437063
52646761658.497574 -12828477385.243664 -5923749708.151559
52647138362.82555 -12816067800.38568 -5922769711.367747
52647512466.75699 -12803657616.28243 -5921789427.09393
52647883969.92102 -12791246833.452015 -5920808855.338428
52648252871.946815 -12778835452.412704 -5919827996.109579
52648619172.4636 -12766423473.68295 -5918846849.415744
52648982871.100655 -12754010897.781376 -5917865415.265303
52649343967.48733 -12741597725.22679 -5916883693.666654
52649702461.25301 -12729183956.53817 -5915901684.628215
52650058352.02717 -12716769592.234674 -5914919388.158425
52650411639.43931 -12704354632.835636 -5913936804.265742
52650762323.118996 -12691939078.860569 -5912953932.958643
52651110402.695854 -12679522930.829159 -5911970774.245625
52651455877.79956 -12667106189.261272 -5910987328.135204
52651798748.05985 -12654688854.67695 -5910003594.635918
52652139013.10653 -12642270927.596413 -5909019573.756322
52652476672.56944 -12629852408.540056 -5908035265.504992
52652811726.0785 -12617433298.028454 -5907050669.890523
52653144173.26366 -12605013596.582357 -5906065786.921531
52653474013.754944 -12592593304.722692 -5905080616.606649
52653801247.182434 -12580172422.970566 -5904095158.954535
52654125873.17627 -12567750951.84726 -5903109413.97386
52654447891.366646 -12555328891.874233 -5902123381.67332
52654767301.383804 -12542906243.573124 -5901137062.061627
52655084102.85806 -12530483007.465746 -5900150455.147517
52655398295.41978 -12518059184.074091 -5899163560.939742
52655709878.69938 -12505634773.920326 -5898176379.447075
52656018852.32735 -12493209777.5268 -5897188910.6783085
52656325215.93422 -12480784195.416037 -5896201154.642256
52656628969.15059 -12468358028.110737 -5895213111.34775
52656930111.60712 -12455931276.13378 -5894224780.803642
52657228642.93451 -12443503940.008223 -5893236163.0188055
52657524562.763535 -12431076020.2573 -5892247258.002131
52657817870.72503 -12418647517.40442 -5891258065.762532
52658108566.449875 -12406218431.973177 -5890268586.308939
52658396649.569016 -12393788764.487335 -5889278819.650304
52658682119.713455 -12381358515.47084 -5888288765.795597
52658964976.51425 -12368927685.447815 -5887298424.753811
52659245219.60252 -12356496274.94256 -5886307796.533957
52659522848.60945 -12344064284.479553 -5885316881.145064
52659797863.166275 -12331631714.58345 -5884325678.596186
52660070262.90429 -12319198565.779087 -5883334188.896392
52660340047.45484 -12306764838.591475 -5882342412.054773
52660607216.44935 -12294330533.545801 -5881350348.0804405
52660871769.51928 -12281895651.167437 -5880357996.982524
52661133706.29617 -12269460191.981926 -5879365358.770175
52661393026.411606 -12257024156.514994 -5878372433.452563
52661649729.49724 -12244587545.29254 -5877379221.03888
52661903815.18477 -12232150358.840647 -5876385721.538336
52662155283.105965 -12219712597.685572 -5875391934.960161
52662404132.892654 -12207274262.35375 -5874397861.313606
52662650364.17673 -12194835353.3718 -5873403500.607942
52662893976.59012 -12182395871.26651 -5872408852.852458
52663134969.76484 -12169955816.564854 -5871413918.056465
52663373343.332954 -12157515189.79398 -5870418696.229295
52663609096.92658 -12145073991.481215 -5869423187.380297
52663842230.17791 -12132632222.154066 -5868427391.518842
52664072742.71918 -12120189882.340218 -5867431308.654321
52664300634.182686 -12107746972.567532 -5866434938.7961445
52664525904.2008 -12095303493.36405 -5865438281.953744
52664748552.40594 -12082859445.257992 -5864441338.13657
52664968578.43059 -12070414828.777756 -5863444107.354094
52665185981.907295 -12057969644.45192 -5862446589.615807
52665400762.46866 -12045523892.809237 -5861448784.931219
52665612919.74734 -12033077574.378641 -5860450693.309863
52665822453.37606 -12020630689.689247 -5859452314.761291
52666029362.98761 -12008183239.270346 -5858453649.295073
52666233648.21483 -11995735223.651405 -5857454696.920801
52666435308.69062 -11983286643.362076 -5856455457.6480875
52666634344.04796 -11970837498.932184 -5855455931.486565
52666830753.91986 -11958387790.891737 -5854456118.445885
52667024537.939415 -11945937519.770918 -5853456018.535721
52667215695.73978 -11933486686.100092 -5852455631.765764
52667404226.95415 -11921035290.409801 -5851454958.145729
52667590131.2158 -11908583333.230768 -5850453997.6853485
52667773408.15806 -11896130815.093891 -5849452750.394375
52667954057.41432 -11883677736.530252 -5848451216.282582
52668132078.61804 -11871224098.07111 -5847449395.359765
52668307471.40273 -11858769900.2479 -5846447287.635736
52668480235.40197 -11846315143.59224 -5845444893.120332
52668650370.24939 -11833859828.635923 -5844442211.823405
52668817875.57869 -11821403955.910929 -5843439243.754831
52668982751.023636 -11808947525.949408 -5842435988.924505
52669144996.21805 -11796490539.283693 -5841432447.342343
52669304610.79581 -11784032996.446299 -5840428619.01828
52669461594.39086 -11771574897.969915 -5839424503.962273
52669615946.637215 -11759116244.387415 -5838420102.184297
52669767667.16894 -11746657036.231848 -5837415413.694349
52669916755.62016 -11734197274.036442 -5836410438.502448
52670063211.625084 -11721736958.334606 -5835405176.618629
52670207034.817955 -11709276089.65993 -5834399628.052952
52670348224.83309 -11696814668.546179 -5833393792.815494
52670486781.30488 -11684352695.527304 -5832387670.916353
52670622703.86775 -11671890171.137428 -5831381262.365649
52670755992.15622 -11659427095.91086 -5830374567.173521
52670886645.80485 -11646963470.382084 -5829367585.350129
52671014664.44827 -11634499295.085766 -5828360316.905653
52671140047.721176 -11622034570.55675 -5827352761.850293
52671262795.25832 -11609569297.330061 -5826344920.194271
52671382906.69453 -11597103475.940903 -5825336791.947828
52671500381.66467 -11584637106.92466 -5824328377.121226
52671615219.803696 -11572170190.816896 -5823319675.724748
52671727420.74661 -11559702728.153355 -5822310687.768695
52671836984.12849 -11547234719.46996 -5821301413.2633915
52671943909.58446 -11534766165.30281 -5820291852.219182
52672048196.74972 -11522297066.188194 -5819282004.64643
52672149845.25953 -11509827422.66257 -5818271870.555521
52672248854.749214 -11497357235.262585 -5817261449.95686
52672345224.85416 -11484886504.525059 -5816250742.860872
52672438955.20981 -11472415230.986994 -5815239749.278006
52672530045.45168 -11459943415.185574 -5814228469.218726
52672618495.21536 -11447471057.65816 -5813216902.6935215
52672704304.13648 -11434998158.942295 -5812205049.712899
52672787471.85075 -11422524719.575703 -5811192910.287389
52672867997.99394 -11410050740.096287 -5810180484.427539
52672945882.20188 -11397576221.042128 -5809167772.14392
52673021124.11047 -11385101162.95149 -5808154773.447122
52673093723.355675 -11372625566.362818 -5807141488.347755
52673163679.57351 -11360149431.814734 -5806127916.856453
52673230992.40007 -11347672759.84604 -5805114058.983867
52673295661.471504 -11335195550.995726 -5804099914.740669
52673357686.42404 -11322717805.802952 -5803085484.137555
52673417066.89396 -11310239524.807064 -5802070767.185238
52673473802.5176 -11297760708.547586 -5801055763.894452
52673527892.93139 -11285281357.564226 -5800040474.275953
52673579337.77179 -11272801472.39687 -5799024898.340519
52673628136.675354 -11260321053.585583 -5798009036.098945
52673674289.27869 -11247840101.670612 -5796992887.562049
52673717795.21846 -11235358617.192387 -5795976452.740669
52673758654.13141 -11222876600.691513 -5794959731.645665
52673796865.654335 -11210394052.70878 -5793942724.287917
52673832429.4241 -11197910973.78516 -5792925430.678325
52673865345.07765 -11185427364.4618 -5791907850.82781
52673895612.251976 -11172943225.280031 -5790889984.747315
52673923230.58414 -11160458556.781366 -5789871832.447803
52673948199.711266 -11147973359.507498 -5788853393.940256
52673970519.27055 -11135487634.000298 -5787834669.23568
52673990188.89926 -11123001380.80182 -5786815658.3450985
52674007208.23472 -11110514600.454302 -5785796361.279559
52674021576.914314 -11098027293.500154 -5784776778.050128
52674033294.5755 -11085539460.481977 -5783756908.667893
52674042360.85581 -11073051101.942547 -5782736753.143963
52674048775.39283 -11060562218.424822 -5781716311.489467
52674052537.82421 -11048072810.471941 -5780695583.715554
52674053647.787674 -11035582878.627224 -5779674569.833397
52674052104.921005 -11023092423.434174 -5778653269.854186
52674047908.86206 -11010601445.436472 -5777631683.789135
52674041059.248764 -10998109945.177982 -5776609811.649478
52674031555.7191 -10985617923.20275 -5775587653.446468
52674019397.911125 -10973125380.054998 -5774565209.191382
52674004585.46295 -10960632316.279137 -5773542478.895516
52673987118.01277 -10948138732.419752 -5772519462.570188
52673966995.19884 -10935644629.021614 -5771496160.226734
52673944216.65947 -10923150006.629675 -5770472571.876514
52673918782.03305 -10910654865.789064 -5769448697.53091
52673890690.95804 -10898159207.045097 -5768424537.201321
52673859943.07295 -10885663030.943268 -5767400090.89917
52673826538.01638 -10873166338.029253 -5766375358.6359005
52673790475.42699 -10860669128.84891 -5765350340.422976
52673751754.94348 -10848171403.948277 -5764325036.271881
52673710376.204666 -10835673163.873573 -5763299446.194122
52673666338.84939 -10823174409.171204 -5762273570.201227
52673619642.51658 -10810675140.38775 -5761247408.304743
52673570286.84523 -10798175358.069979 -5760220960.516239
52673518271.474396 -10785675062.764835 -5759194226.847306
52673463596.04321 -10773174255.019447 -5758167207.309555
52673406260.19087 -10760672935.381126 -5757139901.9146185
52673346263.55664 -10748171104.397362 -5756112310.6741495
52673283605.77985 -10735668762.61583 -5755084433.599823
52673218286.49989 -10723165910.584383 -5754056270.703334
52673150305.35625 -10710662548.851059 -5753027821.996399
52673079661.98845 -10698158677.964077 -5751999087.490756
52673006356.036095 -10685654298.471836 -5750970067.198165
52672930387.13886 -10673149410.92292 -5749940761.130404
52672851754.93649 -10660644015.866093 -5748911169.299276
52672770459.068794 -10648138113.8503 -5747881291.716603
52672686499.175644 -10635631705.42467 -5746851128.394228
52672599874.896996 -10623124791.138512 -5745820679.344015
52672510585.872856 -10610617371.541319 -5744789944.577851
52672418631.74332 -10598109447.182764 -5743758924.107643
52672324012.14853 -10585601018.612703 -5742727617.945319
52672226726.728714 -10573092086.381176 -5741696026.102828
52672126775.12416 -10560582651.0384 -5740664148.592141
52672024156.975235 -10548072713.13478 -5739631985.42525
52671918871.92236 -10535562273.220901 -5738599536.614167
52671810919.60604 -10523051331.847528 -5737566802.170928
52671700299.66685 -10510539889.56561 -5736533782.107588
52671587011.74541 -10498027946.926281 -5735500476.436223
52671471055.48244 -10485515504.48085 -5734466885.168932
52671352430.518715 -10473002562.780817 -5733433008.317835
52671231136.49508 -10460489122.377857 -5732398845.895071
52671107173.05245 -10447975183.823832 -5731364397.912804
52670980539.83182 -10435460747.670784 -5730329664.383215
52670851236.474236 -10422945814.47094 -5729294645.31851
52670719262.62083 -10410430384.776707 -5728259340.730915
52670584617.91279 -10397914459.140675 -5727223750.632677
52670447301.99139 -10385398038.115616 -5726187875.036065
52670307314.49796 -10372881122.254488 -5725151713.953369
52670164655.07392 -10360363712.110426 -5724115267.3969
52670019323.36073 -10347845808.236752 -5723078535.378991
52669871318.99995 -10335327411.186968 -5722041517.911996
52669720641.63319 -10322808521.514761 -5721004215.00829
52669567290.90214 -10310289139.774 -5719966626.680271
52669411266.44856 -10297769266.518734 -5718928752.940356
52669252567.91428 -10285248902.303198 -5717890593.800986
52669091194.94121 -10272728047.681808 -5716852149.274622
52668927147.1713 -10260206703.209166 -5715813419.373746
52668760424.24661 -10247684869.44005 -5714774404.110863
52668591025.80925 -10235162546.929428 -5713735103.498497
52668418951.5014 -10222639736.232449 -5712695517.549196
52668244200.965324 -10210116437.90444 -5711655646.275529
52668066773.843346 -10197592652.500917 -5710615489.690085
52667886669.77786 -10185068380.577578 -5709575047.805476
52667703888.41135 -10172543622.6903 -5708534320.634335
52667518429.38634 -10160018379.395147 -5707493308.189316
52667330292.34544 -10147492651.248365 -5706452010.483095
52667139476.93136 -10134966438.806385 -5705410427.52837
52666945982.786835 -10122439742.625816 -5704368559.33786
52666749809.5547 -10109912563.263454 -5703326405.924306
52666550956.87786 -10097384901.276276 -5702283967.300469
52666349424.399284 -10084856757.221443 -5701241243.479135
52666145211.76201 -10072328131.656303 -5700198234.473106
52665938318.60916 -10059799025.138382 -5699154940.295213
52665728744.58392 -10047269438.22539 -5698111360.958302
52665516489.32956 -10034739371.475222 -5697067496.475243
52665301552.4894 -10022208825.445955 -5696023346.858929
52665083933.70686 -10009677800.695852 -5694978912.1222725
52664863632.62541 -9997146297.783358 -5693934192.278209
52664640648.88861 -9984614317.267097 -5692889187.339695
52664414982.140076 -9972081859.705885 -5691843897.319709
52664186632.0235 -9959548925.658714 -5690798322.231251
52663955598.182655 -9947015515.684763 -5689752462.087342
52663721880.26139 -9934481630.343391 -5688706316.901028
52663485477.90362 -9921947270.194147 -5687659886.68537
52663246390.75332 -9909412435.796759 -5686613171.453459
52663004618.45456 -9896877127.711138 -5685566171.218401
52662760160.65148 -9884341346.497381 -5684518885.993326
52662513016.98828 -9871805092.715767 -5683471315.791388
52662263187.109245 -9859268366.92676 -5682423460.625758
52662010670.65873 -9846731169.691006 -5681375320.509634
52661755467.281166 -9834193501.569338 -5680326895.456232
52661497576.621056 -9821655363.122768 -5679278185.478791
52661236998.32297 -9809116754.912497 -5678229190.590572
52660973732.03156 -9796577677.499905 -5677179910.804857
52660707777.391556 -9784038131.446558 -5676130346.134952
