45909545096.02136 139426062113.37366 53105962.32270813
45902244434.320435 139428227703.86926 53094001.2625716
45894943781.99496 139430392850.45084 53082028.542716965
45887643139.11193 139432557553.19077 53070044.168049745
45880342505.73833 139434721812.16147 53058048.14347885
45873041881.94107 139436885627.4354 53046040.47391654
45865741267.78704 139439048999.085 53034021.16427846
45858440663.34308 139441211927.18274 53021990.21948364
45851140068.67599 139443374411.80118 53009947.64445445
45843839483.85252 139445536453.0128 52997893.44411666
45836538908.93941 139447698050.89017 52985827.623399384
45829238344.00331 139449859205.50586 52973750.18723512
45821937789.11087 139452019916.93246 52961661.14055972
45814637244.328674 139454180185.2426 52949560.488312416
45807336709.72328 139456340010.50894 52937448.23543579
45800036185.3612 139458499392.8041 52925324.3868758
45792735671.30889 139460658332.20084 52913188.94758175
45785435167.63279 139462816828.7718 52901041.922506325
45778134674.39928 139464974882.58975 52888883.31660555
45770834191.6747 139467132493.72745 52876713.13483883
45763533719.52535 139469289662.25766 52864531.382168904
45756233258.0175 139471446388.25317 52852338.063561894
45748932807.21736 139473602671.78683 52840133.18398727
45741632367.19112 139475758512.9315 52827916.74841785
45734331938.0049 139477913911.76 52815688.76182981
45727031519.72481 139480068868.3453 52803449.22920268
45719731112.41689 139482223382.76025 52791198.155519344
45712430716.14716 139484377455.07782 52778935.54576604
45705130330.9816 139486531085.37097 52766661.40493235
45697829956.986115 139488684273.71268 52754375.73801121
45690529594.22661 139490837020.17593 52742078.54999891
45683229242.76892 139492989324.83377 52729769.845895074
45675928902.67886 139495141187.75925 52717449.63070268
45668628574.022194 139497292609.02545 52705117.90942805
45661328256.86463 139499443588.70544 52692774.68708086
45654027951.27186 139501594126.87238 52680419.968674116
45646727657.30951 139503744223.59937 52668053.75922418
45639427375.04318 139505893878.9596 52655676.063750744
45632127104.53844 139508043093.02625 52643286.88727685
45624826845.86078 139510191865.8725 52630886.234828874
45617526599.07569 139512340197.57162 52618474.11143653
45610226364.2486 139514488088.19687 52606050.52213288
45602926141.444885 139516635537.8215 52593615.47195431
45595625930.729904 139518782546.5188 52581168.96594055
45588325732.16896 139520929114.36212 52568711.009134665
45581025545.827324 139523075241.42477 52556241.60658306
45573725371.77021 139525220927.78015 52543760.76333545
45566425210.062805 139527366173.50162 52531268.484444916
45559125060.77025 139529510978.6626 52518764.77496785
45551824923.957634 139531655343.33652 52506249.63996397
45544524799.690025 139533799267.59686 52493723.08449634
45537224688.03243 139535942751.51706 52481185.113631345
45529924589.049835 139538085795.17065 52468635.73243869
45522624502.80716 139540228398.63113 52456074.94599142
45515324429.3693 139542370561.97208 52443502.759365894
45508024368.80111 139544512285.26703 52430919.17764181
45500724321.16739 139546653568.58957 52418324.205902174
45493424286.532906 139548794412.01334 52405717.84923333
45486124264.96239 139550934815.61194 52393100.11272493
45478824256.520515 139553074779.45905 52380471.00146996
45471524261.271935 139555214303.62833 52367830.52056473
45464224279.28124 139557353388.19348 52355178.67510884
45456924310.613 139559492033.22824 52342515.47020525
45449624355.33172 139561630238.80637 52329840.9109602
45442324413.50188 139563768005.0016 52317155.00248327
45435024485.18791 139565905331.88773 52304457.749887355
45427724570.454216 139568042219.53857 52291749.15828865
45420424669.365135 139570178668.02798 52279029.232806675
45413124781.984985 139572314677.42978 52266297.97856426
45405824908.37803 139574450247.81787 52253555.40068756
45398525048.6085 139576585379.26614 52240801.50430602
45391225202.74057 139578720071.8485 52228036.29455241
45383925370.838394 139580854325.63895 52215259.776562795
45376625552.96607 139582988140.7114 52202471.95547657
45369325749.18766 139585121517.13986 52189672.83643642
45362025959.56718 139587254454.99832 52176862.424588345
45354726184.1686 139589386954.36084 52164040.72508165
45347426423.05587 139591519015.30145 52151207.74306895
45340126676.29287 139593650637.89426 52138363.48370615
45332826943.94346 139595781822.21335 52125507.95215246
45325527226.07145 139597912568.33286 52112641.15357041
45318227522.74061 139600042876.3269 52099763.09312582
45310927834.01466 139602172746.26965 52086873.775987804
45303628159.957306 139604302178.2353 52073973.20732879
45296328500.63217 139606431172.29803 52061061.39232449
45289028856.10287 139608559728.53214 52048138.33615393
45281729226.43295 139610687847.0118 52035204.043999426
45274429611.68595 139612815527.81137 52022258.52104658
45267130011.92534 139614942771.0051 52009301.7724843
45259830427.214554 139617069576.6673 51996333.8035048
45252530857.61699 139619195944.8723 51983354.61930356
45245231303.196 139621321875.69452 51970364.22507938
45237931764.0149 139623447369.2083 51957362.62603433
45230632240.136955 139625572425.48807 51944349.82737378
45223332731.6254 139627697044.60825 51931325.834306404
45216033238.54341 139629821226.64328 51918290.65204414
45208733760.95415 139631944971.66763 51905244.28580223
45201434298.9207 139634068279.75583 51892186.7407992
45194134852.50614 139636191150.98236 51879118.02225687
45186835421.77349 139638313585.42178 51866038.13540034
45179536006.78572 139640435583.14865 51852947.08545798
45172236607.605774 139642557144.23752 51839844.877661474
45164937224.29655 139644678268.76303 51826731.51724577
45157637856.92089 139646798956.79977 51813607.0094491
45150338505.541626 139648919208.42242 51800471.359512985
45143039170.22152 139651039023.70566 51787324.57268222
45135739851.02329 139653158402.72415 51774166.654204875
45128440548.00964 139655277345.5526 51760997.60933232
45121141261.24322 139657395852.26578 51747817.44331919
45113841990.78661 139659513922.93842 51734626.161423385
45106542736.7024 139661631557.6453 51721423.76890611
45099243499.0531 139663748756.4612 51708210.27103182
45091944277.90119 139665865519.46097 51694985.67306826
45084645073.30911 139667981846.71945 51681749.98028645
45077345885.33926 139670097738.3115 51668503.19796067
45070046714.053986 139672213194.31198 51655245.331368476
45062747559.5156 139674328214.79584 51641976.38579071
45055448421.78639 139676442799.83798 51628696.36651148
45048149300.92857 139678556949.5134 51615405.27881815
45040850197.00434 139680670663.89703 51602103.12800138
45033551110.07584 139682783943.06387 51588789.91935506
45026252040.20518 139684896787.08893 51575465.65817638
45018952987.454414 139687009196.04727 51562130.349765785
45011653951.885574 139689121170.01395 51548783.99942699
45004354933.56064 139691232709.06403 51535426.61246697
44997055932.54154 139693343813.2726 51522058.19419596
44989756948.89019 139695454482.71484 51508678.74992748
44982457982.66843 139697564717.46585 51495288.28497829
44975159033.93807 139699674517.6008 51481886.80466843
44967860102.7609 139701783883.19492 51468474.314321175
44960561189.19864 139703892814.32336 51455050.81926309
44953262293.31298 139706001311.0614 51441616.32482399
44945963415.165565 139708109373.48428 51428170.83633694
44938664554.81801 139710217001.66727 51414714.35913827
44931365712.33186 139712324195.68567 51401246.89856757
44924066887.768654 139714430955.6148 51387768.45996768
44916768081.189865 139716537281.53 51374279.048684694
44909469292.65694 139718643173.50662 51360778.67006797
44902170522.23126 139720748631.62006 51347267.32947012
44894871769.9742 139722853655.9457 51333745.032247
44887573035.94706 139724958246.55902 51320211.783757724
44880274320.21112 139727062403.53543 51306667.589364655
44872975622.82761 139729166126.95038 51293112.45443342
44865676943.857704 139731269416.8794 51279546.38433287
44858378283.362564 139733372273.39795 51265969.38443513
44851079641.4033 139735474696.5816 51252381.46011557
44843781018.04096 139737576686.50592 51238782.61675279
44836482413.33658 139739678243.24646 51225172.85972866
44829183827.35113 139741779366.8788 51211552.19442828
44821885260.14555 139743880057.4786 51197920.62624001
44814586711.78075 139745980315.1215 51184278.16055544
44807288182.317566 139748080139.88312 51170624.80276941
44799989671.81682 139750179531.83917 51156960.558280006
44792691180.33929 139752278491.06534 51143285.43248855
44785392707.945694 139754377017.63736 51129599.430799626
44778094254.69673 139756475111.63098 51115902.55862103
44770795820.65304 139758572773.12198 51102194.82136381
44763497405.87523 139760670002.18613 51088476.22444226
44756199010.42386 139762766798.89926 51074746.77327391
44748900634.35945 139764863163.3372 51061006.47327952
44741602277.74249 139766959095.57578 51047255.3298831
44734303940.633415 139769054595.6909 51033493.34851188
44727005623.09261 139771149663.75842 51019720.53459635
44719707325.18045 139773244299.85428 51005936.89357021
44712409046.95723 139775338504.0544 50992142.4308704
44705110788.48322 139777432276.43478 50978337.15193711
44697812549.818665 139779525617.07138 50964521.06221375
44690514331.02374 139781618526.0402 50950694.16714696
44683216132.1586 139783711003.41724 50936856.47218661
44675917953.28334 139785803049.27856 50923007.982785806
44668619794.45802 139787894663.70026 50909148.70440089
44661321655.742676 139789985846.7584 50895278.64249142
44654023537.19727 139792076598.52905 50881397.80252019
44646725438.88175 139794166919.0884 50867506.18995322
44639427360.856 139796256808.51257 50853603.81025976
44632129303.179886 139798346266.87775 50839690.66891228
44624831265.913216 139800435294.2601 50825766.771386474
44617533249.11575 139802523890.73587 50811832.12316127
44610235252.84723 139804612056.38126 50797886.72971882
44602937277.167336 139806699791.27252 50783930.59654449
44595639322.13571 139808787095.48596 50769963.72912687
44588341387.81196 139810873969.09787 50755986.13295778
44581043474.25564 139812960412.18457 50741997.813532256
44573745581.526276 139815046424.8224 50727998.77634855
44566447709.68334 139817132007.08768 50713989.026908144
44559149858.78628 139819217159.05682 50699968.57071573
44551852028.89447 139821301880.80624 50685937.41327923
44544554220.067276 139823386172.41235 50671895.56010976
44537256432.364006 139825470033.9516 50657843.01672167
44529958665.843925 139827553465.50046 50643779.78863254
44522660920.56626 139829636467.1354 50629705.88136314
44515363196.5902 139831719038.93295 50615621.30043746
44508065493.974884 139833801180.96964 50601526.05138271
44500767812.77941 139835882893.322 50587420.13972932
44493470153.06284 139837964176.0666 50573303.57101092
44486172514.8842 139840045029.28003 50559176.35076435
44478874898.30245 139842125453.0389 50545038.484529674
44471577303.37653 139844205447.4199 50530889.97785016
44464279730.165344 139846285012.4996 50516730.83627229
44456982178.72772 139848364148.35474 50502561.06534575
44449684649.12248 139850442855.06198 50488380.67062343
44442387141.408394 139852521132.69806 50474189.65766144
44435089655.64417 139854598981.3397 50459988.032019086
44427792191.88851 139856676401.06366 50445775.799258895
44420494750.20004 139858753391.94675 50431552.96494658
44413197330.63737 139860829954.06573 50417319.53465108
44405899933.25904 139862906087.49744 50403075.513944514
44398602558.12358 139864981792.31873 50388820.90840223
44391305205.28946 139867057068.60645 50374555.72360276
44384007874.81511 139869131916.43747 50360279.96512784
44376710566.75892 139871206335.88873 50345993.638562426
44369413281.17924 139873280327.03714 50331696.74949466
44362116018.13437 139875353889.95966 50317389.30351588
44354818777.68258 139877427024.73325 50303071.30622064
44347521559.88209 139879499731.43488 50288742.76320668
44340224364.79107 139881572010.14157 50274403.680074945
44332927192.46767 139883643860.93036 50260054.06242956
44325630042.96998 139885715283.8783 50245693.91587788
44318332916.35606 139887786279.06244 50231323.24603043
44311035812.683914 139889856846.55988 50216942.05850093
44303738732.01152 139891926986.44775 50202550.35890632
44296441674.396805 139893996698.80316 50188148.152866706
44289144639.89765 139896065983.70328 50173735.446005404
44281847628.571915 139898134841.22528 50159312.24394892
44274550640.47739 139900203271.44638 50144878.552326955
44267253675.67183 139902271274.44376 50130434.37677239
44259956734.21297 139904338850.29468 50115979.722921304
44252659816.15847 139906405999.0764 50101514.59641298
44245362921.56597 139908472720.86615 50087039.002889864
44238066050.49307 139910539015.74127 50072552.947997615
44230769202.99732 139912604883.77908 50058056.43738507
44223472379.13622 139914670325.05695 50043549.47670425
44216175578.96725 139916735339.6522 50029032.07161037
44208878802.54782 139918799927.64218 50014504.22776183
44201582049.935326 139920864089.10437 49999965.950820215
44194285321.187096 139922927824.11615 49985417.2464503
44186988616.360435 139924991132.75497 49970858.12032004
44179691935.5126 139927054015.0983 49956288.57810057
44172395278.70082 139929116471.2236 49941708.62546621
44165098645.982254 139931178501.2084 49927118.26809448
44157802037.41403 139933240105.13022 49912517.51166606
44150505453.053246 139935301283.0666 49897906.36186481
44143208892.95694 139937362035.0951 49883284.8243778
44135912357.18212 139939422361.2933 49868652.904895246
44128615845.78576 139941482261.73886 49854010.609110564
44121319358.82477 139943541736.50937 49839357.94272034
44114022896.356026 139945600785.6825 49824694.91142434
44106726458.43637 139947659409.33588 49810021.520925514
44099430045.122604 139949717607.54724 49795337.77692998
44092133656.47147 139951775380.39426 49780643.68514705
44084837292.53969 139953832727.95468 49765939.25128918
44077540953.38392 139955889650.30627 49751224.48107203
44070244639.06079 139957946147.5268 49736499.38021442
44062948349.62689 139960002219.69403 49721763.95443836
44055652085.13876 139962057866.8858 49707018.20946901
44048355845.6529 139964113089.17996 49692262.15103473
44041059631.22577 139966167886.65433 49677495.78486702
44033763441.91378 139968222259.3868 49662719.116700575
44026467277.773315 139970276207.45526 49647932.15227326
44019171138.8607 139972329730.93762 49633134.8973261
44011875025.23223 139974382829.91183 49618327.3576033
44004578936.94415 139976435504.45584 49603509.53885222
43997282874.052666 139978487754.6476 49588681.44682341
43989986836.613945 139980539580.56516 49573843.08727057
43982690824.684105 139982590982.2865 49558994.46595058
43975394838.31923 139984641959.88968 49544135.588623464
43968098877.57535 139986692513.45273 49529266.46105245
43960802942.50847 139988742643.05374 49514387.08900389
43953507033.17454 139990792348.7708 49499497.47824734
43946211149.62946 139992841630.68207 49484597.63455548
43938915291.929115 139994890488.86563 49469687.56370419
43931619460.129326 139996938923.3997 49454767.2714725
43924323654.28588 139998986934.3624 49439836.763642594
43917027874.45451 140001034521.83194 49424896.045999825
43909732120.69093 140003081685.88657 49409945.12433271
43902436393.0508 140005128426.60452 49394984.00443293
43895140691.58972 140007174744.06406 49380012.69209532
43887845016.36327 140009220638.34344 49365031.193117864
43880549367.426994 140011266109.521 49350039.51330173
43873253744.836365 140013311157.67502 49335037.65845123
43865958148.64684 140015355782.88388 49320025.63437383
43858662578.913826 140017399985.22592 49305003.44688016
43851367035.69268 140019443764.77954 49289971.101784006
43844071519.03873 140021487121.62314 49274928.60490231
43836776029.00724 140023530055.8351 49259875.96205518
43829480565.653465 140025572567.49393 49244813.179065846
43822185129.03259 140027614656.67804 49229740.261760734
43814889719.199776 140029656323.46594 49214657.215969406
43807594336.21012 140031697567.93613 49199564.04752457
43800298980.1187 140033738390.16714 49184460.7622621
43793003650.98053 140035778790.23752 49169347.36602101
43785708348.8506 140037818768.2258 49154223.86464347
43778413073.78386 140039858324.21057 49139090.26397481
43771117825.8352 140041897458.27045 49123946.5698635
43763822605.05947 140043936170.48407 49108792.78816116
43756527411.5115 140045974460.93005 49093628.92472257
43749232245.24604 140048012329.6871 49078454.985405646
43741937106.31784 140050049776.83386 49063270.97607147
43734641994.78158 140052086802.44907 49048076.90258425
43727346910.6919 140054123406.61142 49032872.77081135
43720051854.10342 140056159589.3997 49017658.58662329
43712756825.07068 140058195350.8926 49002434.35589372
43705461823.64821 140060230691.16898 48987200.08449946
43698166849.89049 140062265610.30762 48971955.778320454
43690871903.851944 140064300108.38733 48956701.443239786
43683576985.58697 140066334185.48697 48941437.0851437
43676282095.14991 140068367841.6854 48926162.709921576
43668987232.59508 140070401077.0615 48910878.323465936
43661692397.97674 140072433891.69418 48895583.931672454
43654397591.34911 140074466285.66238 48880279.54043993
43647102812.76638 140076498259.04504 48864965.15567032
43639808062.28268 140078529811.9211 48849640.78326871
43632513339.952095 140080560944.3696 48834306.42914334
43625218645.82869 140082591656.46948 48818962.09920557
43617923979.96648 140084621948.2998 48803607.79936992
43610629342.41942 140086651819.93964 48788243.53555402
43603334733.24145 140088681271.468 48772869.313678674
43596040152.48644 140090710302.964 48757485.1396678
43588745600.208244 140092738914.5067 48742091.01944846
43581451076.460655 140094767106.17532 48726686.95895085
43574156581.297424 140096794878.04892 48711272.9641083
43566862114.77227 140098822230.2067 48695849.04085729
43559567676.938866 140100849162.72784 48680415.19513742
43552273267.85084 140102875675.69156 48664971.43289141
43544978887.561775 140104901769.17706 48649517.76006516
43537684536.12522 140106927443.26358 48634054.18260766
43530390213.59468 140108952698.0304 48618580.70647105
43523095920.023605 140110977533.5568 48603097.337610595
43515801655.465416 140113001949.9221 48587604.081984706
43508507419.97349 140115025947.2056 48572100.94555491
43501213213.60116 140117049525.48666 48556587.93428588
43493919036.40171 140119072684.84464 48541065.0541454
43486624888.4284 140121095425.35892 48525532.31110441
43479330769.73442 140123117747.1089 48509989.71113695
43472036680.37294 140125139650.17398 48494437.26022021
43464742620.39708 140127161134.63367 48478874.96433449
43457448589.85991 140129182200.56738 48463302.829463236
43450154588.814476 140131202848.05463 48447720.861593015
43442860617.31377 140133223077.17487 48432129.06671352
43435566675.41073 140135242888.00766 48416527.45081756
43428272763.15827 140137262280.63254 48400916.0199011
43420978880.60926 140139281255.12906 48385294.77996318
43413685027.81651 140141299811.5768 48369663.737006016
43406391204.83282 140143317950.0554 48354022.89703492
43399097411.71091 140145335670.6444 48338372.26605833
43391803648.50348 140147352973.42352 48322711.85008782
43384509915.26318 140149369858.47238 48307041.65513807
