4462532332645.03 -281552281062.58685 -97045401823.5523
4462532409222.409 -281550916881.212 -97045431681.0625
4462532485799.374 -281549552699.811 -97045461538.56367
4462532562375.925 -281548188518.38385 -97045491396.05585
4462532638952.061 -281546824336.93054 -97045521253.53902
4462532715527.782 -281545460155.4511 -97045551111.01317
4462532792103.09 -281544095973.94556 -97045580968.47832
4462532868677.983 -281542731792.4138 -97045610825.93446
4462532945252.463 -281541367610.85596 -97045640683.38159
4462533021826.527 -281540003429.272 -97045670540.81972
4462533098400.178 -281538639247.66187 -97045700398.24884
4462533174973.414 -281537275066.0256 -97045730255.66895
4462533251546.236 -281535910884.36316 -97045760113.08005
4462533328118.645 -281534546702.6746 -97045789970.48213
4462533404690.638 -281533182520.95996 -97045819827.87521
4462533481262.217 -281531818339.2192 -97045849685.2593
4462533557833.382 -281530454157.4522 -97045879542.63435
4462533634404.133 -281529089975.6591 -97045909400.00041
4462533710974.469 -281527725793.8399 -97045939257.35747
4462533787544.391 -281526361611.99457 -97045969114.7055
4462533864113.898 -281524997430.12305 -97045998972.04454
4462533940682.992 -281523633248.2254 -97046028829.37457
4462534017251.672 -281522269066.30164 -97046058686.69559
4462534093819.937 -281520904884.35175 -97046088544.0076
4462534170387.787 -281519540702.3757 -97046118401.3106
4462534246955.224 -281518176520.3735 -97046148258.60458
4462534323522.246 -281516812338.34515 -97046178115.88957
4462534400088.8545 -281515448156.2907 -97046207973.16554
4462534476655.048 -281514083974.21014 -97046237830.43251
4462534553220.827 -281512719792.1034 -97046267687.69048
4462534629786.192 -281511355609.9705 -97046297544.93942
4462534706351.144 -281509991427.8115 -97046327402.17937
4462534782915.681 -281508627245.6264 -97046357259.41031
4462534859479.803 -281507263063.41516 -97046387116.63223
4462534936043.511 -281505898881.17773 -97046416973.84515
4462535012606.805 -281504534698.9142 -97046446831.04906
4462535089169.685 -281503170516.6245 -97046476688.24396
4462535165732.15 -281501806334.3087 -97046506545.42986
4462535242294.201 -281500442151.9668 -97046536402.60674
4462535318855.838 -281499077969.5987 -97046566259.77461
4462535395417.061 -281497713787.20447 -97046596116.93349
4462535471977.869 -281496349604.7841 -97046625974.08334
4462535548538.264 -281494985422.33765 -97046655831.2242
4462535625098.243 -281493621239.86505 -97046685688.35605
4462535701657.809 -281492257057.36633 -97046715545.47888
4462535778216.96 -281490892874.84143 -97046745402.59271
4462535854775.697 -281489528692.2904 -97046775259.69753
4462535931334.0205 -281488164509.71326 -97046805116.79333
4462536007891.929 -281486800327.11 -97046834973.88014
4462536084449.423 -281485436144.4806 -97046864830.95793
4462536161006.503 -281484071961.825 -97046894688.02672
4462536237563.169 -281482707779.1433 -97046924545.0865
4462536314119.421 -281481343596.4355 -97046954402.13727
4462536390675.258 -281479979413.70154 -97046984259.17903
4462536467230.681 -281478615230.94147 -97047014116.21178
4462536543785.689 -281477251048.1553 -97047043973.23552
4462536620340.284 -281475886865.34296 -97047073830.25026
4462536696894.464 -281474522682.50446 -97047103687.25598
4462536773448.2295 -281473158499.63983 -97047133544.2527
4462536850001.581 -281471794316.7491 -97047163401.24042
4462536926554.519 -281470430133.8322 -97047193258.21912
4462537003107.042 -281469065950.8892 -97047223115.18881
4462537079659.15 -281467701767.9201 -97047252972.1495
4462537156210.845 -281466337584.92487 -97047282829.10118
4462537232762.125 -281464973401.90344 -97047312686.04385
4462537309312.991 -281463609218.8559 -97047342542.97751
4462537385863.443 -281462245035.7822 -97047372399.90216
4462537462413.48 -281460880852.68243 -97047402256.81781
4462537538963.104 -281459516669.5565 -97047432113.72444
4462537615512.3125 -281458152486.4045 -97047461970.62207
4462537692061.107 -281456788303.2263 -97047491827.5107
4462537768609.488 -281455424120.022 -97047521684.3903
4462537845157.454 -281454059936.7915 -97047551541.26091
4462537921705.006 -281452695753.5349 -97047581398.1225
4462537998252.144 -281451331570.2522 -97047611254.97508
4462538074798.867 -281449967386.94336 -97047641111.81866
4462538151345.177 -281448603203.6084 -97047670968.65323
4462538227891.071 -281447239020.2473 -97047700825.47879
4462538304436.552 -281445874836.8601 -97047730682.29535
4462538380981.618 -281444510653.4468 -97047760539.10289
4462538457526.2705 -281443146470.00726 -97047790395.90143
4462538534070.509 -281441782286.5416 -97047820252.69096
4462538610614.332 -281440418103.04987 -97047850109.47148
4462538687157.741 -281439053919.532 -97047879966.243
4462538763700.736 -281437689735.988 -97047909823.0055
4462538840243.317 -281436325552.41785 -97047939679.75899
4462538916785.483 -281434961368.8216 -97047969536.50348
4462538993327.235 -281433597185.1992 -97047999393.23895
4462539069868.573 -281432233001.5507 -97048029249.96542
4462539146409.497 -281430868817.8761 -97048059106.68289
4462539222950.007 -281429504634.17535 -97048088963.39134
4462539299490.102 -281428140450.4484 -97048118820.09079
4462539376029.782 -281426776266.6954 -97048148676.78122
4462539452569.049 -281425412082.9162 -97048178533.46265
4462539529107.901 -281424047899.1109 -97048208390.13507
4462539605646.34 -281422683715.2795 -97048238246.79848
4462539682184.363 -281421319531.42194 -97048268103.45288
4462539758721.973 -281419955347.53827 -97048297960.09828
4462539835259.168 -281418591163.6285 -97048327816.73466
4462539911795.949 -281417226979.69257 -97048357673.36205
4462539988332.316 -281415862795.7305 -97048387529.98041
4462540064868.269 -281414498611.7424 -97048417386.58977
4462540141403.807 -281413134427.7281 -97048447243.19012
4462540217938.931 -281411770243.6877 -97048477099.78146
4462540294473.641 -281410406059.62115 -97048506956.3638
4462540371007.937 -281409041875.5285 -97048536812.93713
4462540447541.817 -281407677691.4097 -97048566669.50145
4462540524075.284 -281406313507.2648 -97048596526.05676
4462540600608.337 -281404949323.0937 -97048626382.60306
4462540677140.976 -281403585138.8965 -97048656239.14035
4462540753673.2 -281402220954.67316 -97048686095.66864
4462540830205.01 -281400856770.4237 -97048715952.18791
4462540906736.405 -281399492586.14813 -97048745808.69818
4462540983267.387 -281398128401.84644 -97048775665.19943
4462541059797.954 -281396764217.5186 -97048805521.69168
4462541136328.107 -281395400033.1647 -97048835378.17493
4462541212857.846 -281394035848.7846 -97048865234.64915
4462541289387.17 -281392671664.3784 -97048895091.11438
4462541365916.08 -281391307479.9461 -97048924947.5706
4462541442444.576 -281389943295.4877 -97048954804.0178
4462541518972.657 -281388579111.0031 -97048984660.45601
4462541595500.324 -281387214926.49243 -97049014516.8852
4462541672027.577 -281385850741.9556 -97049044373.30537
4462541748554.416 -281384486557.3927 -97049074229.71655
4462541825080.841 -281383122372.80365 -97049104086.11871
4462541901606.851 -281381758188.1885 -97049133942.51187
4462541978132.446 -281380394003.5472 -97049163798.89603
4462542054657.628 -281379029818.87976 -97049193655.27116
4462542131182.3955 -281377665634.1862 -97049223511.6373
4462542207706.749 -281376301449.46655 -97049253367.99442
4462542284230.6875 -281374937264.72076 -97049283224.34253
4462542360754.212 -281373573079.94885 -97049313080.68164
4462542437277.322 -281372208895.1508 -97049342937.01173
4462542513800.019 -281370844710.32666 -97049372793.33282
4462542590322.301 -281369480525.4764 -97049402649.6449
4462542666844.168 -281368116340.6 -97049432505.94797
4462542743365.621 -281366752155.69745 -97049462362.24203
4462542819886.66 -281365387970.7688 -97049492218.52708
4462542896407.285 -281364023785.814 -97049522074.80313
4462542972927.496 -281362659600.8331 -97049551931.07018
4462543049447.292 -281361295415.8261 -97049581787.3282
4462543125966.674 -281359931230.79297 -97049611643.57722
4462543202485.642 -281358567045.7337 -97049641499.81723
4462543279004.195 -281357202860.6483 -97049671356.04823
4462543355522.335 -281355838675.5368 -97049701212.27023
4462543432040.06 -281354474490.3992 -97049731068.48322
4462543508557.37 -281353110305.2354 -97049760924.6872
4462543585074.267 -281351746120.04553 -97049790780.88216
4462543661590.749 -281350381934.8295 -97049820637.06812
4462543738106.816 -281349017749.5874 -97049850493.24507
4462543814622.47 -281347653564.31915 -97049880349.41301
4462543891137.709 -281346289379.0248 -97049910205.57195
4462543967652.534 -281344925193.7043 -97049940061.72188
4462544044166.945 -281343561008.35767 -97049969917.8628
4462544120680.941 -281342196822.985 -97049999773.9947
4462544197194.523 -281340832637.5862 -97050029630.1176
4462544273707.691 -281339468452.16125 -97050059486.23149
4462544350220.445 -281338104266.7102 -97050089342.33638
4462544426732.785 -281336740081.23303 -97050119198.43225
4462544503244.71 -281335375895.72974 -97050149054.51912
4462544579756.221 -281334011710.2003 -97050178910.59697
4462544656267.317 -281332647524.6448 -97050208766.66582
4462544732778.0 -281331283339.0631 -97050238622.72566
4462544809288.269 -281329919153.4553 -97050268478.77649
4462544885798.122 -281328554967.8214 -97050298334.81831
4462544962307.562 -281327190782.1614 -97050328190.85114
4462545038816.587 -281325826596.4752 -97050358046.87494
4462545115325.198 -281324462410.76294 -97050387902.88974
4462545191833.3955 -281323098225.02454 -97050417758.89552
4462545268341.178 -281321734039.2601 -97050447614.8923
4462545344848.546 -281320369853.4695 -97050477470.88008
4462545421355.5 -281319005667.6528 -97050507326.85884
4462545497862.04 -281317641481.80994 -97050537182.8286
4462545574368.166 -281316277295.941 -97050567038.78934
4462545650873.877 -281314913110.0459 -97050596894.74107
4462545727379.174 -281313548924.1247 -97050626750.6838
4462545803884.057 -281312184738.17737 -97050656606.61752
4462545880388.525 -281310820552.2039 -97050686462.54224
4462545956892.579 -281309456366.20435 -97050716318.45793
4462546033396.219 -281308092180.17865 -97050746174.36462
4462546109899.444 -281306727994.1269 -97050776030.26231
4462546186402.256 -281305363808.049 -97050805886.15099
4462546262904.653 -281303999621.945 -97050835742.03065
4462546339406.636 -281302635435.8149 -97050865597.90132
4462546415908.204 -281301271249.6586 -97050895453.76297
4462546492409.358 -281299907063.47626 -97050925309.61562
4462546568910.099 -281298542877.26776 -97050955165.45924
4462546645410.425 -281297178691.03314 -97050985021.29387
4462546721910.336 -281295814504.7724 -97051014877.11949
4462546798409.833 -281294450318.4856 -97051044732.9361
4462546874908.916 -281293086132.17267 -97051074588.7437
4462546951407.585 -281291721945.8336 -97051104444.54228
4462547027905.84 -281290357759.46844 -97051134300.33186
4462547104403.68 -281288993573.07715 -97051164156.11244
4462547180901.105 -281287629386.6597 -97051194011.884
4462547257398.117 -281286265200.2162 -97051223867.64656
4462547333894.715 -281284901013.7466 -97051253723.4001
4462547410390.898 -281283536827.25085 -97051283579.14464
4462547486886.667 -281282172640.729 -97051313434.88017
4462547563382.021 -281280808454.181 -97051343290.60669
4462547639876.962 -281279444267.60693 -97051373146.3242
4462547716371.488 -281278080081.0067 -97051403002.0327
4462547792865.601 -281276715894.3804 -97051432857.7322
4462547869359.298 -281275351707.72797 -97051462713.42268
4462547945852.581 -281273987521.04944 -97051492569.10416
4462548022345.45 -281272623334.3448 -97051522424.77663
4462548098837.905 -281271259147.614 -97051552280.44008
4462548175329.945 -281269894960.8571 -97051582136.09453
4462548251821.571 -281268530774.0741 -97051611991.73997
4462548328312.783 -281267166587.26495 -97051641847.3764
4462548404803.581 -281265802400.42975 -97051671703.00383
4462548481293.965 -281264438213.5684 -97051701558.62224
4462548557783.934 -281263074026.68097 -97051731414.23164
4462548634273.488 -281261709839.7674 -97051761269.83205
4462548710762.629 -281260345652.8277 -97051791125.42343
4462548787251.355 -281258981465.8619 -97051820981.00581
4462548863739.668 -281257617278.87 -97051850836.57918
4462548940227.565 -281256253091.852 -97051880692.14354
4462549016715.049 -281254888904.80786 -97051910547.6989
4462549093202.118 -281253524717.7376 -97051940403.24524
4462549169688.773 -281252160530.64124 -97051970258.78258
4462549246175.015 -281250796343.5188 -97052000114.31091
4462549322660.841 -281249432156.37024 -97052029969.83023
4462549399146.253 -281248067969.19556 -97052059825.34055
4462549475631.251 -281246703781.99475 -97052089680.84184
4462549552115.835 -281245339594.7678 -97052119536.33414
4462549628600.005 -281243975407.51483 -97052149391.81743
4462549705083.76 -281242611220.2357 -97052179247.2917
4462549781567.101 -281241247032.9305 -97052209102.75697
4462549858050.027 -281239882845.5991 -97052238958.21323
4462549934532.54 -281238518658.24164 -97052268813.66048
4462550011014.639 -281237154470.8581 -97052298669.09872
4462550087496.322 -281235790283.4484 -97052328524.52795
4462550163977.592 -281234426096.01263 -97052358379.94818
4462550240458.447 -281233061908.5507 -97052388235.35939
4462550316938.889 -281231697721.0627 -97052418090.7616
4462550393418.915 -281230333533.5486 -97052447946.15479
4462550469898.527 -281228969346.00836 -97052477801.53897
4462550546377.726 -281227605158.442 -97052507656.91415
4462550622856.51 -281226240970.84955 -97052537512.28032
4462550699334.88 -281224876783.231 -97052567367.63748
4462550775812.835 -281223512595.58636 -97052597222.98563
4462550852290.376 -281222148407.9156 -97052627078.32477
4462550928767.503 -281220784220.2187 -97052656933.6549
4462551005244.216 -281219420032.4957 -97052686788.97603
4462551081720.515 -281218055844.74664 -97052716644.28815
4462551158196.398 -281216691656.97144 -97052746499.59125
4462551234671.868 -281215327469.1701 -97052776354.88535
4462551311146.924 -281213963281.34265 -97052806210.17044
4462551387621.565 -281212599093.48914 -97052836065.44652
4462551464095.793 -281211234905.6095 -97052865920.7136
4462551540569.605 -281209870717.70374 -97052895775.97165
4462551617043.004 -281208506529.77185 -97052925631.2207
4462551693515.988 -281207142341.8139 -97052955486.46075
4462551769988.559 -281205778153.82983 -97052985341.69179
4462551846460.715 -281204413965.81964 -97053015196.91382
4462551922932.456 -281203049777.7834 -97053045052.12683
4462551999403.783 -281201685589.721 -97053074907.33084
4462552075874.696 -281200321401.6325 -97053104762.52585
4462552152345.195 -281198957213.5179 -97053134617.71184
4462552228815.279 -281197593025.3772 -97053164472.88882
4462552305284.949 -281196228837.2104 -97053194328.0568
4462552381754.205 -281194864649.01746 -97053224183.21576
4462552458223.047 -281193500460.7984 -97053254038.36572
4462552534691.475 -281192136272.5533 -97053283893.50667
4462552611159.487 -281190772084.28204 -97053313748.63861
4462552687627.086 -281189407895.9847 -97053343603.76154
4462552764094.2705 -281188043707.66125 -97053373458.87546
4462552840561.041 -281186679519.3117 -97053403313.98038
4462552917027.397 -281185315330.93604 -97053433169.07628
4462552993493.339 -281183951142.53424 -97053463024.16318
4462553069958.866 -281182586954.1064 -97053492879.24106
4462553146423.9795 -281181222765.6524 -97053522734.30994
4462553222888.679 -281179858577.1723 -97053552589.36981
4462553299352.964 -281178494388.66614 -97053582444.42067
4462553375816.834 -281177130200.13385 -97053612299.46252
4462553452280.29 -281175766011.57544 -97053642154.49536
4462553528743.332 -281174401822.9909 -97053672009.5192
4462553605205.96 -281173037634.3803 -97053701864.53401
4462553681668.174 -281171673445.7436 -97053731719.53983
4462553758129.973 -281170309257.08075 -97053761574.53664
4462553834591.357 -281168945068.39185 -97053791429.52443
4462553911052.328 -281167580879.6768 -97053821284.50322
4462553987512.885 -281166216690.93567 -97053851139.47299
4462554063973.026 -281164852502.16846 -97053880994.43376
4462554140432.754 -281163488313.3751 -97053910849.38553
4462554216892.067 -281162124124.55566 -97053940704.32828
4462554293350.967 -281160759935.71014 -97053970559.26202
4462554369809.452 -281159395746.8385 -97054000414.18675
4462554446267.522 -281158031557.94073 -97054030269.10248
4462554522725.179 -281156667369.0169 -97054060124.0092
4462554599182.421 -281155303180.06696 -97054089978.9069
4462554675639.249 -281153938991.0909 -97054119833.79561
4462554752095.663 -281152574802.08875 -97054149688.6753
4462554828551.662 -281151210613.0605 -97054179543.54597
4462554905007.247 -281149846424.0061 -97054209398.40764
4462554981462.418 -281148482234.92566 -97054239253.2603
4462555057917.175 -281147118045.8191 -97054269108.10396
4462555134371.518 -281145753856.6864 -97054298962.9386
4462555210825.445 -281144389667.52765 -97054328817.76424
4462555287278.959 -281143025478.3428 -97054358672.58086
4462555363732.059 -281141661289.1318 -97054388527.38847
4462555440184.744 -281140297099.8947 -97054418382.18709
4462555516637.016 -281138932910.63153 -97054448236.97668
4462555593088.872 -281137568721.3422 -97054478091.75728
4462555669540.314 -281136204532.02686 -97054507946.52885
4462555745991.343 -281134840342.68536 -97054537801.29143
4462555822441.957 -281133476153.3178 -97054567656.045
4462555898892.157 -281132111963.92413 -97054597510.78955
4462555975341.942 -281130747774.50433 -97054627365.5251
4462556051791.313 -281129383585.0585 -97054657220.25163
4462556128240.2705 -281128019395.5865 -97054687074.96916
4462556204688.813 -281126655206.0884 -97054716929.67767
4462556281136.941 -281125291016.5642 -97054746784.37718
4462556357584.655 -281123926827.0139 -97054776639.06769
4462556434031.955 -281122562637.43756 -97054806493.74918
4462556510478.841 -281121198447.8351 -97054836348.42166
4462556586925.3125 -281119834258.2065 -97054866203.08513
4462556663371.369 -281118470068.5518 -97054896057.7396
4462556739817.012 -281117105878.87103 -97054925912.38506
4462556816262.24 -281115741689.1642 -97054955767.0215
4462556892707.055 -281114377499.4312 -97054985621.64894
4462556969151.455 -281113013309.6721 -97055015476.26736
4462557045595.44 -281111649119.88696 -97055045330.87679
4462557122039.012 -281110284930.0757 -97055075185.47719
4462557198482.169 -281108920740.23834 -97055105040.06859
4462557274924.912 -281107556550.3749 -97055134894.65099
4462557351367.241 -281106192360.4853 -97055164749.22437
4462557427809.155 -281104828170.56964 -97055194603.78874
4462557504250.655 -281103463980.62787 -97055224458.3441
4462557580691.741 -281102099790.66003 -97055254312.89046
4462557657132.413 -281100735600.6661 -97055284167.42781
4462557733572.671 -281099371410.646 -97055314021.95615
4462557810012.514 -281098007220.59985 -97055343876.47548
4462557886451.942 -281096643030.5276 -97055373730.9858
4462557962890.957 -281095278840.42926 -97055403585.4871
4462558039329.558 -281093914650.3048 -97055433439.9794
4462558115767.743 -281092550460.1543 -97055463294.46269
4462558192205.515 -281091186269.97766 -97055493148.93698
4462558268642.872 -281089822079.7749 -97055523003.40225
4462558345079.815 -281088457889.5461 -97055552857.85852
4462558421516.345 -281087093699.29114 -97055582712.30577
4462558497952.459 -281085729509.01013 -97055612566.74402
4462558574388.159 -281084365318.703 -97055642421.17325
4462558650823.445 -281083001128.3698 -97055672275.59348
4462558727258.317 -281081636938.0105 -97055702130.0047
4462558803692.775 -281080272747.62506 -97055731984.4069
