1336802874772.4136 -577840196755.6853 -43177340324.031006
1336803698077.1223 -577837984812.0267 -43177411565.59922
1336804521378.2473 -577835772866.8191 -43177482807.05169
1336805344675.7888 -577833560920.0624 -43177554048.38842
1336806167969.7466 -577831348971.7567 -43177625289.609406
1336806991260.1206 -577829137021.902 -43177696530.71465
1336807814546.911 -577826925070.4982 -43177767771.704155
1336808637830.1174 -577824713117.5453 -43177839012.57791
1336809461109.7402 -577822501163.0433 -43177910253.33593
1336810284385.7793 -577820289206.9924 -43177981493.9782
1336811107658.2346 -577818077249.3925 -43178052734.50473
1336811930927.1062 -577815865290.2435 -43178123974.91552
1336812754192.3943 -577813653329.5455 -43178195215.21056
1336813577454.0986 -577811441367.2986 -43178266455.38986
1336814400712.2192 -577809229403.5026 -43178337695.453415
1336815223966.756 -577807017438.1576 -43178408935.40122
1336816047217.7092 -577804805471.2635 -43178480175.233284
1336816870465.0786 -577802593502.8206 -43178551414.9496
1336817693708.8643 -577800381532.8286 -43178622654.55017
1336818516949.066 -577798169561.2877 -43178693894.034996
1336819340185.6838 -577795957588.1978 -43178765133.404076
1336820163418.718 -577793745613.5588 -43178836372.65741
1336820986648.1685 -577791533637.371 -43178907611.795
1336821809874.0352 -577789321659.6342 -43178978850.81684
1336822633096.318 -577787109680.3484 -43179050089.72294
1336823456315.0173 -577784897699.5137 -43179121328.51329
1336824279530.1328 -577782685717.13 -43179192567.1879
1336825102741.6646 -577780473733.1975 -43179263805.74675
1336825925949.6125 -577778261747.7161 -43179335044.18986
1336826749153.9766 -577776049760.6857 -43179406282.51722
1336827572354.7568 -577773837772.1063 -43179477520.728836
1336828395551.9534 -577771625781.9781 -43179548758.8247
1336829218745.5662 -577769413790.301 -43179619996.80482
1336830041935.5952 -577767201797.0751 -43179691234.66918
1336830865122.0403 -577764989802.3002 -43179762472.4178
1336831688304.9016 -577762777805.9764 -43179833710.050674
1336832511484.1792 -577760565808.1038 -43179904947.567795
1336833334659.873 -577758353808.6823 -43179976184.96917
1336834157831.983 -577756141807.7118 -43180047422.25479
1336834981000.509 -577753929805.1925 -43180118659.42466
1336835804165.4514 -577751717801.1244 -43180189896.47878
1336836627326.8098 -577749505795.5074 -43180261133.41715
1336837450484.5845 -577747293788.3416 -43180332370.23978
1336838273638.7754 -577745081779.6268 -43180403606.94665
1336839096789.3823 -577742869769.3633 -43180474843.537766
1336839919936.4055 -577740657757.5509 -43180546080.01313
1336840743079.845 -577738445744.1897 -43180617316.37275
1336841566219.7004 -577736233729.2797 -43180688552.616615
1336842389355.9722 -577734021712.8208 -43180759788.74473
1336843212488.66 -577731809694.8132 -43180831024.75709
1336844035617.764 -577729597675.2568 -43180902260.653694
1336844858743.2842 -577727385654.1516 -43180973496.43455
1336845681865.2205 -577725173631.4976 -43181044732.09965
1336846504983.573 -577722961607.2948 -43181115967.648994
1336847328098.3416 -577720749581.5432 -43181187203.08259
1336848151209.5264 -577718537554.2429 -43181258438.40043
1336848974317.1272 -577716325525.3938 -43181329673.602516
1336849797421.1443 -577714113494.996 -43181400908.68885
1336850620521.5774 -577711901463.0493 -43181472143.65943
1336851443618.4268 -577709689429.554 -43181543378.51426
1336852266711.6921 -577707477394.5098 -43181614613.253334
1336853089801.3735 -577705265357.9169 -43181685847.876656
1336853912887.4712 -577703053319.7753 -43181757082.38422
1336854735969.9849 -577700841280.085 -43181828316.776024
1336855559048.9148 -577698629238.8458 -43181899551.05208
1336856382124.2607 -577696417196.058 -43181970785.21238
1336857205196.0227 -577694205151.7214 -43182042019.25692
1336858028264.201 -577691993105.8362 -43182113253.18571
1336858851328.7952 -577689781058.4022 -43182184486.99873
1336859674389.8054 -577687569009.4196 -43182255720.69601
1336860497447.232 -577685356958.8882 -43182326954.27753
1336861320501.0745 -577683144906.8082 -43182398187.743286
1336862143551.333 -577680932853.1796 -43182469421.09329
1336862966598.0078 -577678720798.0022 -43182540654.32754
1336863789641.0986 -577676508741.2761 -43182611887.44602
1336864612680.6055 -577674296683.0015 -43182683120.44875
1336865435716.5283 -577672084623.1781 -43182754353.335724
1336866258748.8674 -577669872561.8062 -43182825586.10693
1336867081777.6226 -577667660498.8855 -43182896818.76239
1336867904802.7937 -577665448434.4163 -43182968051.302086
1336868727824.3809 -577663236368.3983 -43183039283.72602
1336869550842.384 -577661024300.8318 -43183110516.0342
1336870373856.8032 -577658812231.7166 -43183181748.22662
1336871196867.6387 -577656600161.0527 -43183252980.30328
1336872019874.8901 -577654388088.8403 -43183324212.26418
1336872842878.5576 -577652176015.0793 -43183395444.10932
1336873665878.641 -577649963939.7698 -43183466675.8387
1336874488875.1406 -577647751862.9115 -43183537907.45232
1336875311868.0562 -577645539784.5046 -43183609138.95017
1336876134857.3877 -577643327704.5492 -43183680370.33227
1336876957843.1353 -577641115623.0452 -43183751601.5986
1336877780825.2988 -577638903539.9926 -43183822832.749176
1336878603803.8784 -577636691455.3915 -43183894063.78399
1336879426778.874 -577634479369.2418 -43183965294.70304
1336880249750.2856 -577632267281.5436 -43184036525.50633
1336881072718.1133 -577630055192.2968 -43184107756.19386
1336881895682.357 -577627843101.5013 -43184178986.765625
1336882718643.0166 -577625631009.1575 -43184250217.22163
1336883541600.0923 -577623418915.265 -43184321447.56187
1336884364553.584 -577621206819.8241 -43184392677.78635
1336885187503.4917 -577618994722.8346 -43184463907.89506
1336886010449.8154 -577616782624.2966 -43184535137.88801
1336886833392.5552 -577614570524.2101 -43184606367.7652
1336887656331.711 -577612358422.5751 -43184677597.52662
1336888479267.2827 -577610146319.3915 -43184748827.17228
1336889302199.2705 -577607934214.6594 -43184820056.70217
1336890125127.6743 -577605722108.3789 -43184891286.1163
1336890948052.494 -577603510000.5499 -43184962515.414665
1336891770973.7295 -577601297891.1725 -43185033744.59727
1336892593891.381 -577599085780.2465 -43185104973.6641
1336893416805.4487 -577596873667.772 -43185176202.615166
1336894239715.9324 -577594661553.749 -43185247431.45047
1336895062622.8318 -577592449438.1776 -43185318660.170006
1336895885526.1472 -577590237321.0579 -43185389888.77377
1336896708425.8787 -577588025202.3896 -43185461117.26178
1336897531322.0261 -577585813082.173 -43185532345.63402
1336898354214.5894 -577583600960.4078 -43185603573.89049
1336899177103.5686 -577581388837.0942 -43185674802.03119
1336899999988.9639 -577579176712.2323 -43185746030.05613
1336900822870.7751 -577576964585.8219 -43185817257.9653
1336901645749.0022 -577574752457.863 -43185888485.758705
1336902468623.6453 -577572540328.3558 -43185959713.43634
1336903291494.7043 -577570328197.3002 -43186030940.99821
1336904114362.1792 -577568116064.6962 -43186102168.444305
1336904937226.07 -577565903930.5437 -43186173395.774635
1336905760086.3767 -577563691794.8429 -43186244622.9892
1336906582943.0994 -577561479657.5938 -43186315850.08799
1336907405796.238 -577559267518.7961 -43186387077.071014
1336908228645.7925 -577557055378.4502 -43186458303.93827
1336909051491.763 -577554843236.5559 -43186529530.68975
1336909874334.1492 -577552631093.1133 -43186600757.32546
1336910697172.9514 -577550418948.1223 -43186671983.845406
1336911520008.1694 -577548206801.583 -43186743210.24958
1336912342839.8035 -577545994653.4954 -43186814436.53798
1336913165667.8533 -577543782503.8594 -43186885662.71061
1336913988492.319 -577541570352.675 -43186956888.76747
1336914811313.2007 -577539358199.9424 -43187028114.70856
1336915634130.4983 -577537146045.6614 -43187099340.533875
1336916456944.2117 -577534933889.832 -43187170566.24342
1336917279754.341 -577532721732.4543 -43187241791.8372
1336918102560.8862 -577530509573.5284 -43187313017.3152
1336918925363.8474 -577528297413.0542 -43187384242.67743
1336919748163.2244 -577526085251.0316 -43187455467.92389
1336920570959.017 -577523873087.4608 -43187526693.05457
1336921393751.2258 -577521660922.3417 -43187597918.06949
1336922216539.8503 -577519448755.6743 -43187669142.96863
1336923039324.8909 -577517236587.4586 -43187740367.75199
1336923862106.3472 -577515024417.6947 -43187811592.419586
1336924684884.2192 -577512812246.3826 -43187882816.971405
1336925507658.5073 -577510600073.5222 -43187954041.40745
1336926330429.2112 -577508387899.1135 -43188025265.727715
1336927153196.3308 -577506175723.1566 -43188096489.93221
1336927975959.8662 -577503963545.6515 -43188167714.020935
1336928798719.8176 -577501751366.5981 -43188238937.99388
1336929621476.1848 -577499539185.9966 -43188310161.85105
1336930444228.9678 -577497327003.8468 -43188381385.592445
1336931266978.1665 -577495114820.1488 -43188452609.21806
1336932089723.7812 -577492902634.9026 -43188523832.727905
1336932912465.8118 -577490690448.1082 -43188595056.12197
1336933735204.258 -577488478259.7655 -43188666279.40026
1336934557939.12 -577486266069.8746 -43188737502.562775
1336935380670.398 -577484053878.4357 -43188808725.60951
1336936203398.0916 -577481841685.4485 -43188879948.540474
1336937026122.2012 -577479629490.9131 -43188951171.35566
1336937848842.7266 -577477417294.8296 -43189022394.05507
1336938671559.6677 -577475205097.1979 -43189093616.638695
1336939494273.0247 -577472992898.0181 -43189164839.106544
1336940316982.7974 -577470780697.29 -43189236061.45862
1336941139688.9858 -577468568495.0139 -43189307283.694916
1336941962391.59 -577466356291.1896 -43189378505.81543
1336942785090.61 -577464144085.8171 -43189449727.82017
1336943607786.046 -577461931878.8966 -43189520949.70913
1336944430477.8975 -577459719670.4279 -43189592171.48231
1336945253166.1648 -577457507460.411 -43189663393.13971
1336946075850.848 -577455295248.8461 -43189734614.68133
1336946898531.9468 -577453083035.733 -43189805836.10717
1336947721209.4614 -577450870821.0719 -43189877057.41723
1336948543883.3918 -577448658604.8627 -43189948278.61151
1336949366553.738 -577446446387.1053 -43190019499.69001
1336950189220.5 -577444234167.7999 -43190090720.65273
1336951011883.6777 -577442021946.9464 -43190161941.49967
1336951834543.2712 -577439809724.5448 -43190233162.23083
1336952657199.2805 -577437597500.5952 -43190304382.84621
1336953479851.7056 -577435385275.0975 -43190375603.3458
1336954302500.5464 -577433173048.0518 -43190446823.729614
1336955125145.8027 -577430960819.4579 -43190518043.99765
1336955947787.4749 -577428748589.316 -43190589264.1499
1336956770425.5627 -577426536357.6261 -43190660484.18637
1336957593060.0664 -577424324124.3882 -43190731704.107056
1336958415690.9858 -577422111889.6022 -43190802923.91196
1336959238318.321 -577419899653.2682 -43190874143.601074
1336960060942.0718 -577417687415.3862 -43190945363.17441
1336960883562.2383 -577415475175.9562 -43191016582.63196
1336961706178.8206 -577413262934.9781 -43191087801.973724
1336962528791.8186 -577411050692.4521 -43191159021.19971
1336963351401.2322 -577408838448.3782 -43191230240.309906
1336964174007.0615 -577406626202.7561 -43191301459.30432
1336964996609.3066 -577404413955.586 -43191372678.18295
1336965819207.9673 -577402201706.868 -43191443896.9458
1336966641803.0437 -577399989456.602 -43191515115.592865
1336967464394.536 -577397777204.7881 -43191586334.124146
1336968286982.4436 -577395564951.4261 -43191657552.539635
1336969109566.767 -577393352696.5162 -43191728770.83934
1336969932147.5063 -577391140440.0585 -43191799989.02326
1336970754724.6611 -577388928182.0527 -43191871207.09139
1336971577298.2317 -577386715922.499 -43191942425.04374
1336972399868.218 -577384503661.3973 -43192013642.8803
1336973222434.6199 -577382291398.7478 -43192084860.601074
1336974044997.4375 -577380079134.5503 -43192156078.20606
1336974867556.6707 -577377866868.8049 -43192227295.69526
1336975690112.3196 -577375654601.5116 -43192298513.06867
1336976512664.384 -577373442332.6704 -43192369730.326294
1336977335212.8643 -577371230062.2812 -43192440947.46813
1336978157757.76 -577369017790.3442 -43192512164.49418
1336978980299.0715 -577366805516.8594 -43192583381.40444
1336979802836.7986 -577364593241.8265 -43192654598.19891
1336980625370.9414 -577362380965.2458 -43192725814.877594
1336981447901.4998 -577360168687.1173 -43192797031.44049
1336982270428.4739 -577357956407.4409 -43192868247.887596
1336983092951.8635 -577355744126.2167 -43192939464.21891
1336983915471.669 -577353531843.4446 -43193010680.43443
1336984737987.89 -577351319559.1246 -43193081896.53417
1336985560500.5264 -577349107273.2568 -43193153112.51812
1336986383009.5786 -577346894985.8412 -43193224328.38628
1336987205515.0464 -577344682696.8777 -43193295544.13864
1336988028016.9297 -577342470406.3663 -43193366759.775215
1336988850515.2288 -577340258114.3071 -43193437975.296
1336989673009.9434 -577338045820.7001 -43193509190.70099
1336990495501.0735 -577335833525.5453 -43193580405.99019
1336991317988.6194 -577333621228.8427 -43193651621.1636
1336992140472.5808 -577331408930.5922 -43193722836.221214
1336992962952.9578 -577329196630.794 -43193794051.16304
1336993785429.7505 -577326984329.4479 -43193865265.989075
1336994607902.9587 -577324772026.5541 -43193936480.69932
1336995430372.5825 -577322559722.1125 -43194007695.29377
1336996252838.6218 -577320347416.1232 -43194078909.77242
1336997075301.0767 -577318135108.586 -43194150124.135284
1336997897759.9473 -577315922799.5012 -43194221338.382355
1336998720215.2334 -577313710488.8685 -43194292552.51363
1336999542666.935 -577311498176.6881 -43194363766.52911
1337000365115.0522 -577309285862.96 -43194434980.4288
1337001187559.585 -577307073547.6841 -43194506194.2127
1337002010000.5332 -577304861230.8605 -43194577407.8808
1337002832437.8972 -577302648912.4891 -43194648621.433105
1337003654871.6768 -577300436592.5701 -43194719834.86961
1337004477301.8718 -577298224271.1033 -43194791048.19033
1337005299728.4824 -577296011948.0887 -43194862261.39525
1337006122151.5085 -577293799623.5265 -43194933474.484375
1337006944570.9502 -577291587297.4166 -43195004687.4577
1337007766986.8074 -577289374969.759 -43195075900.31523
1337008589399.08 -577287162640.5537 -43195147113.05697
1337009411807.7683 -577284950309.8007 -43195218325.68291
1337010234212.872 -577282737977.5 -43195289538.19305
1337011056614.3914 -577280525643.6516 -43195360750.587395
1337011879012.3262 -577278313308.2556 -43195431962.865944
1337012701406.6765 -577276100971.3119 -43195503175.028694
1337013523797.4424 -577273888632.8206 -43195574387.075645
1337014346184.6238 -577271676292.7816 -43195645599.006805
1337015168568.2207 -577269463951.195 -43195716810.82217
1337015990948.2332 -577267251608.0607 -43195788022.52173
1337016813324.6611 -577265039263.3788 -43195859234.10549
1337017635697.5046 -577262826917.1493 -43195930445.573456
1337018458066.7637 -577260614569.3721 -43196001656.92562
1337019280432.438 -577258402220.0472 -43196072868.16199
1337020102794.5278 -577256189869.1748 -43196144079.282555
1337020925153.0332 -577253977516.7548 -43196215290.28732
1337021747507.954 -577251765162.7871 -43196286501.17629
1337022569859.2905 -577249552807.2719 -43196357711.94946
1337023392207.0425 -577247340450.2091 -43196428922.60683
1337024214551.2097 -577245128091.5988 -43196500133.14839
1337025036891.7925 -577242915731.4408 -43196571343.57416
1337025859228.7908 -577240703369.7352 -43196642553.884125
1337026681562.2046 -577238491006.482 -43196713764.078285
1337027503892.0337 -577236278641.6814 -43196784974.15665
1337028326218.2783 -577234066275.3331 -43196856184.11921
1337029148540.9385 -577231853907.4374 -43196927393.965965
1337029970860.0142 -577229641537.994 -43196998603.69692
1337030793175.5051 -577227429167.0032 -43197069813.31208
1337031615487.4116 -577225216794.4647 -43197141022.81143
1337032437795.7336 -577223004420.3788 -43197212232.194984
1337033260100.471 -577220792044.7454 -43197283441.46273
1337034082401.6238 -577218579667.5643 -43197354650.61468
1337034904699.1921 -577216367288.8358 -43197425859.65082
1337035726993.1758 -577214154908.5598 -43197497068.57116
1337036549283.575 -577211942526.7363 -43197568277.375694
1337037371570.3894 -577209730143.3654 -43197639486.06442
1337038193853.6194 -577207517758.4469 -43197710694.63735
1337039016133.265 -577205305371.981 -43197781903.094475
1337039838409.3257 -577203092983.9675 -43197853111.43579
1337040660681.802 -577200880594.4066 -43197924319.6613
1337041482950.6936 -577198668203.2982 -43197995527.77101
1337042305216.0007 -577196455810.6423 -43198066735.764915
1337043127477.7231 -577194243416.439 -43198137943.64301
1337043949735.861 -577192031020.6882 -43198209151.405304
1337044771990.4143 -577189818623.39 -43198280359.05179
1337045594241.383 -577187606224.5443 -43198351566.582466
1337046416488.767 -577185393824.1512 -43198422773.99734
1337047238732.5667 -577183181422.2107 -43198493981.2964
1337048060972.7815 -577180969018.7228 -43198565188.47966
1337048883209.4116 -577178756613.6874 -43198636395.54711
1337049705442.4573 -577176544207.1046 -43198707602.49876
1337050527671.9182 -577174331798.9744 -43198778809.334595
1337051349897.7947 -577172119389.2968 -43198850016.05463
1337052172120.0864 -577169906978.0718 -43198921222.65885
1337052994338.7935 -577167694565.2994 -43198992429.14727
1337053816553.916 -577165482150.9796 -43199063635.519875
1337054638765.4539 -577163269735.1124 -43199134841.77667
1337055460973.407 -577161057317.6979 -43199206047.91766
1337056283177.7756 -577158844898.736 -43199277253.94285
1337057105378.5596 -577156632478.2267 -43199348459.85222
1337057927575.7588 -577154420056.17 -43199419665.64578
1337058749769.3733 -577152207632.566 -43199490871.32353
1337059571959.4033 -577149995207.4147 -43199562076.885475
1337060394145.8486 -577147782780.7161 -43199633282.33161
1337061216328.7092 -577145570352.4701 -43199704487.661934
1337062038507.985 -577143357922.6768 -43199775692.87645
1337062860683.6765 -577141145491.336 -43199846897.97515
1337063682855.7832 -577138933058.4481 -43199918102.95804
1337064505024.3052 -577136720624.0128 -43199989307.82512
1337065327189.2424 -577134508188.0303 -43200060512.576385
1337066149350.595 -577132295750.5004 -43200131717.211845
1337066971508.3628 -577130083311.4232 -43200202921.73149
1337067793662.546 -577127870870.7987 -43200274126.13532
1337068615813.1445 -577125658428.627 -43200345330.42334
1337069437960.1584 -577123445984.908 -43200416534.59555
1337070260103.5876 -577121233539.6416 -43200487738.65195
1337071082243.4321 -577119021092.828 -43200558942.59253
1337071904379.692 -577116808644.4672 -43200630146.4173
1337072726512.367 -577114596194.5591 -43200701350.12625
1337073548641.4573 -577112383743.1038 -43200772553.71939
1337074370766.963 -577110171290.1012 -43200843757.19672
1337075192888.8838 -577107958835.5514 -43200914960.558235
1337076015007.22 -577105746379.4543 -43200986163.80394
1337076837121.9714 -577103533921.81 -43201057366.93382
1337077659233.1382 -577101321462.6185 -43201128569.94789
1337078481340.7202 -577099109001.8798 -43201199772.846146
1337079303444.7175 -577096896539.5938 -43201270975.628586
1337080125545.1301 -577094684075.7606 -43201342178.29521
1337080947641.958 -577092471610.3802 -43201413380.84602
1337081769735.2012 -577090259143.4526 -43201484583.28102
1337082591824.8596 -577088046674.9779 -43201555785.600204
1337083413910.933 -577085834204.9559 -43201626987.803566
1337084235993.4219 -577083621733.3868 -43201698189.89111
1337085058072.326 -577081409260.2705 -43201769391.86285
1337085880147.6453 -577079196785.607 -43201840593.71876
1337086702219.38 -577076984309.3964 -43201911795.458855
1337087524287.5298 -577074771831.6385 -43201982997.08314
