-1211859311.3852997 -404622627.33951676 31633278.992755443
-1211857296.9597652 -404625793.36342263 31633261.031768706
-1211855282.5233018 -404628959.375959 31633243.070519544
-1211853268.0759099 -404632125.37712574 31633225.109007966
-1211851253.6175892 -404635291.36692286 31633207.14723397
-1211849239.1483402 -404638457.3453503 31633189.18519757
-1211847224.6681628 -404641623.3124081 31633171.222898766
-1211845210.1770573 -404644789.26809615 31633153.260337565
-1211843195.6750236 -404647955.2124144 31633135.297513973
-1211841181.162062 -404651121.14536285 31633117.334427994
-1211839166.6381724 -404654287.06694144 31633099.371079635
-1211837152.1033552 -404657452.97715014 31633081.4074689
-1211835137.5576105 -404660618.87598896 31633063.443595797
-1211833123.0009384 -404663784.7634578 31633045.47946033
-1211831108.4333389 -404666950.6395566 31633027.515062504
-1211829093.8548121 -404670116.5042854 31633009.550402325
-1211827079.2653584 -404673282.3576441 31632991.5854798
-1211825064.6649778 -404676448.1996327 31632973.620294932
-1211823050.0536704 -404679614.03025115 31632955.65484773
-1211821035.4314363 -404682779.8494994 31632937.689138196
-1211819020.7982757 -404685945.6573774 31632919.72316634
-1211817006.1541886 -404689111.4538852 31632901.75693216
-1211814991.4991753 -404692277.2390227 31632883.79043567
-1211812976.8332357 -404695443.0127898 31632865.823676873
-1211810962.1563702 -404698608.77518654 31632847.85665577
-1211808947.4685788 -404701774.5262129 31632829.88937237
-1211806932.7698617 -404704940.2658687 31632811.92182668
-1211804918.0602188 -404708105.9941541 31632793.9540187
-1211802903.3396506 -404711271.7110689 31632775.985948443
-1211800888.608157 -404714437.41661316 31632758.01761591
-1211798873.865738 -404717603.1107868 31632740.04902111
-1211796859.1123939 -404720768.7935898 31632722.080164045
-1211794844.3481247 -404723934.465022 31632704.111044724
-1211792829.5729308 -404727100.12508357 31632686.14166315
-1211790814.7868123 -404730265.7737743 31632668.172019325
-1211788799.9897692 -404733431.4110943 31632650.20211326
-1211786785.1818016 -404736597.03704345 31632632.23194496
-1211784770.3629096 -404739762.6516217 31632614.26151443
-1211782755.5330932 -404742928.25482905 31632596.290821675
-1211780740.692353 -404746093.84666544 31632578.319866702
-1211778725.8406887 -404749259.4271308 31632560.348649513
-1211776710.9781005 -404752424.9962252 31632542.37717012
-1211774696.1045887 -404755590.55394846 31632524.40542852
-1211772681.2201533 -404758756.1003006 31632506.433424726
-1211770666.3247945 -404761921.6352816 31632488.46115874
-1211768651.4185123 -404765087.15889144 31632470.48863057
-1211766636.501307 -404768252.67113 31632452.51584022
-1211764621.5731785 -404771418.1719973 31632434.542787697
-1211762606.6341271 -404774583.6614933 31632416.569473006
-1211760591.684153 -404777749.139618 31632398.59589615
-1211758576.7232563 -404780914.6063713 31632380.62205714
-1211756561.751437 -404784080.06175315 31632362.647955976
-1211754546.7686954 -404787245.50576353 31632344.673592668
-1211752531.7750313 -404790410.9384024 31632326.69896722
-1211750516.770445 -404793576.35966974 31632308.724079635
-1211748501.754937 -404796741.7695655 31632290.74892992
-1211746486.7285068 -404799907.1680897 31632272.773518085
-1211744471.691155 -404803072.5552422 31632254.79784413
-1211742456.6428816 -404806237.931023 31632236.821908064
-1211740441.5836866 -404809403.2954321 31632218.84570989
-1211738426.5135703 -404812568.6484694 31632200.869249616
-1211736411.4325328 -404815733.9901349 31632182.892527245
-1211734396.340574 -404818899.32042855 31632164.915542785
-1211732381.2376943 -404822064.6393503 31632146.938296244
-1211730366.1238937 -404825229.9469001 31632128.960787624
-1211728350.9991724 -404828395.243078 31632110.98301693
-1211726335.8635306 -404831560.5278838 31632093.00498417
-1211724320.7169683 -404834725.80131763 31632075.026689347
-1211722305.5594857 -404837891.06337935 31632057.048132468
-1211720290.3910828 -404841056.3140689 31632039.06931354
-1211718275.2117598 -404844221.55338633 31632021.09023257
-1211716260.0215168 -404847386.78133154 31632003.11088956
-1211714244.820354 -404850551.9979045 31631985.13128452
-1211712229.6082716 -404853717.20310515 31631967.15141745
-1211710214.3852696 -404856882.3969335 31631949.17128836
-1211708199.151348 -404860047.5793895 31631931.190897252
-1211706183.9065073 -404863212.75047314 31631913.210244138
-1211704168.6507473 -404866377.9101843 31631895.229329016
-1211702153.3840683 -404869543.058523 31631877.2481519
-1211700138.1064703 -404872708.19548917 31631859.266712785
-1211698122.8179536 -404875873.3210828 31631841.285011686
-1211696107.5185182 -404879038.4353038 31631823.303048607
-1211694092.2081642 -404882203.5381522 31631805.32082355
-1211692076.8868918 -404885368.62962794 31631787.338336524
-1211690061.554701 -404888533.7097309 31631769.35558753
-1211688046.2115922 -404891698.77846116 31631751.37257658
-1211686030.8575654 -404894863.8358186 31631733.389303677
-1211684015.4926207 -404898028.8818032 31631715.405768827
-1211682000.116758 -404901193.916415 31631697.421972036
-1211679984.729978 -404904358.9396538 31631679.43791331
-1211677969.3322804 -404907523.9515197 31631661.453592654
-1211675953.9236653 -404910688.9520126 31631643.469010074
-1211673938.504133 -404913853.9411325 31631625.484165575
-1211671923.0736835 -404917018.9188793 31631607.499059163
-1211669907.632317 -404920183.88525295 31631589.513690844
-1211667892.180034 -404923348.8402535 31631571.528060623
-1211665876.716834 -404926513.78388083 31631553.542168505
-1211663861.2427175 -404929678.71613497 31631535.5560145
-1211661845.7576845 -404932843.6370158 31631517.56959861
-1211659830.261735 -404936008.5465234 31631499.582920842
-1211657814.7548695 -404939173.4446576 31631481.5959812
-1211655799.2370877 -404942338.33141845 31631463.60877969
-1211653783.70839 -404945503.2068058 31631445.62131632
-1211651768.1687765 -404948668.07081974 31631427.633591097
-1211649752.6182473 -404951832.9234601 31631409.64560402
-1211647737.0568025 -404954997.764727 31631391.657355104
-1211645721.4844422 -404958162.5946203 31631373.66884435
-1211643705.9011667 -404961327.41313994 31631355.68007176
-1211641690.306976 -404964492.22028595 31631337.691037346
-1211639674.7018704 -404967657.01605827 31631319.70174111
-1211637659.0858498 -404970821.8004568 31631301.712183062
-1211635643.4589143 -404973986.57348156 31631283.722363204
-1211633627.8210642 -404977151.3351325 31631265.732281543
-1211631612.1722996 -404980316.0854096 31631247.741938084
-1211629596.5126204 -404983480.82431275 31631229.751332834
-1211627580.8420272 -404986645.551842 31631211.760465797
-1211625565.1605196 -404989810.2679972 31631193.76933698
-1211623549.4680982 -404992974.97277844 31631175.777946386
-1211621533.7647626 -404996139.6661856 31631157.78629403
-1211619518.0505135 -404999304.3482187 31631139.794379905
-1211617502.3253508 -405002469.01887757 31631121.802204024
-1211615486.5892744 -405005633.6781623 31631103.809766393
-1211613470.8422847 -405008798.32607275 31631085.817067016
-1211611455.0843818 -405011962.962609 31631067.8241059
-1211609439.3155658 -405015127.58777094 31631049.830883052
-1211607423.5358367 -405018292.20155853 31631031.837398477
-1211605407.7451947 -405021456.8039717 31631013.843652178
-1211603391.94364 -405024621.3950105 31630995.84964416
-1211601376.1311727 -405027785.97467476 31630977.855374437
-1211599360.307793 -405030950.5429646 31630959.860843007
-1211597344.4735007 -405034115.0998798 31630941.86604988
-1211595328.6282964 -405037279.64542043 31630923.870995056
-1211593312.77218 -405040444.17958647 31630905.875678547
-1211591296.9051518 -405043608.70237786 31630887.88010036
-1211589281.0272117 -405046773.2137945 31630869.884260494
-1211587265.1383598 -405049937.71383643 31630851.88815896
-1211585249.2385964 -405053102.20250356 31630833.891795762
-1211583233.3279216 -405056266.67979586 31630815.895170905
-1211581217.4063354 -405059431.14571327 31630797.898284398
-1211579201.473838 -405062595.6002558 31630779.901136246
-1211577185.5304296 -405065760.04342335 31630761.90372645
-1211575169.5761104 -405068924.4752159 31630743.906055022
-1211573153.6108801 -405072088.89563346 31630725.908121966
-1211571137.6347394 -405075253.30467594 31630707.909927286
-1211569121.6476882 -405078417.7023433 31630689.91147099
-1211567105.6497264 -405081582.0886355 31630671.912753083
-1211565089.6408544 -405084746.46355253 31630653.91377357
-1211563073.6210723 -405087910.8270943 31630635.91453246
-1211561057.5903802 -405091075.1792608 31630617.915029757
-1211559041.548778 -405094239.52005196 31630599.915265467
-1211557025.4962661 -405097403.8494678 31630581.915239595
-1211555009.4328446 -405100568.16750824 31630563.914952148
-1211552993.3585136 -405103732.47417325 31630545.91440313
-1211550977.2732732 -405106896.76946276 31630527.913592547
-1211548961.1771235 -405110061.0533768 31630509.91252041
-1211546945.0700648 -405113225.3259152 31630491.911186717
-1211544928.9520972 -405116389.58707803 31630473.90959148
-1211542912.8232207 -405119553.83686525 31630455.907734703
-1211540896.6834354 -405122718.0752768 31630437.90561639
-1211538880.5327415 -405125882.3023126 31630419.903236553
-1211536864.3711393 -405129046.51797265 31630401.900595192
-1211534848.1986287 -405132210.7222569 31630383.897692315
-1211532832.0152097 -405135374.9151653 31630365.894527927
-1211530815.8208828 -405138539.0966978 31630347.891102035
-1211528799.6156478 -405141703.2668544 31630329.88741464
-1211526783.3995051 -405144867.42563504 31630311.883465756
-1211524767.1724546 -405148031.57303965 31630293.879255384
-1211522750.9344966 -405151195.7090682 31630275.87478353
-1211520734.6856313 -405154359.8337206 31630257.870050203
-1211518718.4258585 -405157523.9469969 31630239.86505541
-1211516702.1551785 -405160688.0488971 31630221.85979915
-1211514685.8735914 -405163852.13942105 31630203.854281433
-1211512669.5810976 -405167016.21856874 31630185.848502263
-1211510653.2776968 -405170180.2863401 31630167.84246165
-1211508636.9633894 -405173344.3427352 31630149.836159598
-1211506620.6381755 -405176508.38775384 31630131.829596113
-1211504604.3020551 -405179672.4213961 31630113.8227712
-1211502587.9550285 -405182836.44366187 31630095.815684866
-1211500571.5970957 -405186000.45455116 31630077.808337115
-1211498555.228257 -405189164.4540639 31630059.800727956
-1211496538.8485124 -405192328.44220006 31630041.792857394
-1211494522.457862 -405195492.4189596 31630023.784725435
-1211492506.056306 -405198656.3843425 31630005.776332084
-1211490489.6438444 -405201820.3383487 31629987.767677348
-1211488473.2204773 -405204984.2809781 31629969.75876123
-1211486456.7862053 -405208148.21223074 31629951.74958374
-1211484440.341028 -405211312.13210654 31629933.740144882
-1211482423.8849456 -405214476.0406055 31629915.730444662
-1211480407.4179585 -405217639.9377275 31629897.720483087
-1211478390.9400666 -405220803.82347256 31629879.71026016
-1211476374.45127 -405223967.69784063 31629861.699775893
-1211474357.9515693 -405227131.56083167 31629843.689030286
-1211472341.440964 -405230295.4124456 31629825.67802335
-1211470324.9194546 -405233459.25268245 31629807.666755088
-1211468308.387041 -405236623.0815421 31629789.655225504
-1211466291.8437235 -405239786.89902455 31629771.643434606
-1211464275.2895021 -405242950.70512974 31629753.631382402
-1211462258.7243772 -405246114.49985766 31629735.619068895
-1211460242.1483486 -405249278.28320825 31629717.60649409
-1211458225.5614166 -405252442.05518144 31629699.593658
-1211456208.9635813 -405255605.81577724 31629681.580560625
-1211454192.354843 -405258769.5649956 31629663.567201972
-1211452175.7352014 -405261933.3028364 31629645.55358205
-1211450159.104657 -405265097.02929974 31629627.539700862
-1211448142.4632096 -405268260.7443855 31629609.525558412
-1211446125.8108597 -405271424.4480936 31629591.51115471
-1211444109.1476073 -405274588.1404241 31629573.496489763
-1211442092.4734526 -405277751.8213768 31629555.48156357
-1211440075.7883956 -405280915.49095184 31629537.46637615
-1211438059.0924366 -405284079.14914906 31629519.450927492
-1211436042.3855753 -405287242.7959685 31629501.435217615
-1211434025.667812 -405290406.43141 31629483.41924652
-1211432008.9391472 -405293570.0554736 31629465.403014217
-1211429992.1995807 -405296733.6681593 31629447.386520706
-1211427975.4491127 -405299897.26946694 31629429.369765997
-1211425958.6877434 -405303060.8593966 31629411.352750093
-1211423941.915473 -405306224.4379481 31629393.335473005
-1211421925.1323013 -405309388.0051215 31629375.317934733
-1211419908.3382287 -405312551.5609168 31629357.30013529
-1211417891.5332553 -405315715.1053338 31629339.282074675
-1211415874.7173812 -405318878.6383726 31629321.2637529
-1211413857.8906064 -405322042.1600331 31629303.245169967
-1211411841.052931 -405325205.67031527 31629285.226325884
-1211409824.2043555 -405328369.1692191 31629267.20722066
-1211407807.3448796 -405331532.6567445 31629249.187854294
-1211405790.4745038 -405334696.1328914 31629231.168226797
-1211403773.5932279 -405337859.5976598 31629213.148338176
-1211401756.7010522 -405341023.0510497 31629195.128188435
-1211399739.797977 -405344186.493061 31629177.10777758
-1211397722.8840022 -405347349.92369366 31629159.087105617
-1211395705.959128 -405350513.34294766 31629141.06617255
-1211393689.0233543 -405353676.75082296 31629123.04497839
-1211391672.0766816 -405356840.1473195 31629105.02352314
-1211389655.1191099 -405360003.53243726 31629087.001806807
-1211387638.1506393 -405363166.90617615 31629068.979829397
-1211385621.17127 -405366330.26853615 31629050.957590915
-1211383604.1810017 -405369493.61951727 31629032.93509137
-1211381587.179835 -405372656.9591194 31629014.912330765
-1211379570.1677701 -405375820.2873425 31628996.88930911
-1211377553.1448069 -405378983.6041866 31628978.866026405
-1211375536.1109455 -405382146.9096516 31628960.84248266
-1211373519.066186 -405385310.20373744 31628942.818677884
-1211371502.0105286 -405388473.4864441 31628924.794612076
-1211369484.9439735 -405391636.75777155 31628906.77028525
-1211367467.866521 -405394800.01771975 31628888.745697405
-1211365450.7781708 -405397963.26628864 31628870.720848553
-1211363433.6789234 -405401126.50347817 31628852.695738696
-1211361416.5687788 -405404289.72928834 31628834.67036784
-1211359399.447737 -405407452.943719 31628816.644735996
-1211357382.3157983 -405410616.1467703 31628798.618843164
-1211355365.1729627 -405413779.338442 31628780.592689354
-1211353348.0192304 -405416942.5187342 31628762.566274572
-1211351330.8546014 -405420105.6876468 31628744.539598826
-1211349313.679076 -405423268.84517974 31628726.51266212
-1211347296.4926543 -405426431.99133295 31628708.485464457
-1211345279.2953365 -405429595.12610644 31628690.45800585
-1211343262.0871224 -405432758.24950016 31628672.4302863
-1211341244.8680127 -405435921.3615141 31628654.40230581
-1211339227.638007 -405439084.46214813 31628636.374064393
-1211337210.3971055 -405442247.5514023 31628618.345562052
-1211335193.1453085 -405445410.62927645 31628600.316798795
-1211333175.8826163 -405448573.6957707 31628582.287774626
-1211331158.6090286 -405451736.7508849 31628564.258489553
-1211329141.3245459 -405454899.794619 31628546.228943583
-1211327124.0291681 -405458062.826973 31628528.19913672
-1211325106.7228954 -405461225.8479469 31628510.16906897
-1211323089.4057279 -405464388.85754055 31628492.138740342
-1211321072.0776658 -405467551.85575396 31628474.10815084
-1211319054.7387092 -405470714.84258705 31628456.07730047
-1211317037.3888583 -405473877.81803983 31628438.04618924
-1211315020.0281131 -405477040.78211224 31628420.014817156
-1211313002.6564736 -405480203.7348043 31628401.983184222
-1211310985.2739403 -405483366.6761158 31628383.951290447
-1211308967.8805132 -405486529.60604686 31628365.919135835
-1211306950.4761922 -405489692.52459735 31628347.886720393
-1211304933.0609777 -405492855.4317673 31628329.85404413
-1211302915.6348696 -405496018.32755655 31628311.821107045
-1211300898.197868 -405499181.21196514 31628293.78790915
-1211298880.7499735 -405502344.084993 31628275.75445045
-1211296863.2911859 -405505506.94664013 31628257.720730953
-1211294845.8215053 -405508669.7969065 31628239.68675066
-1211292828.340932 -405511832.63579196 31628221.652509585
-1211290810.8494656 -405514995.46329653 31628203.618007727
-1211288793.347107 -405518158.2794202 31628185.583245095
-1211286775.8338556 -405521321.0841629 31628167.548221696
-1211284758.3097122 -405524483.87752455 31628149.512937535
-1211282740.7746766 -405527646.6595051 31628131.477392618
-1211280723.2287488 -405530809.4301046 31628113.441586953
-1211278705.6719291 -405533972.18932295 31628095.405520547
-1211276688.1042178 -405537134.9371601 31628077.369193405
-1211274670.5256147 -405540297.673616 31628059.332605533
-1211272652.93612 -405543460.39869064 31628041.295756936
-1211270635.335734 -405546623.11238396 31628023.258647624
-1211268617.7244565 -405549785.8146959 31628005.2212776
-1211266600.102288 -405552948.50562644 31627987.18364687
-1211264582.4692285 -405556111.18517554 31627969.14575544
-1211262564.825278 -405559273.8533431 31627951.10760332
-1211260547.1704369 -405562436.51012915 31627933.069190513
-1211258529.5047052 -405565599.1555336 31627915.030517027
-1211256511.828083 -405568761.78955644 31627896.991582867
-1211254494.1405704 -405571924.4121976 31627878.95238804
-1211252476.4421675 -405575087.02345705 31627860.912932556
-1211250458.7328746 -405578249.62333477 31627842.873216417
-1211248441.0126917 -405581412.2118307 31627824.83323963
-1211246423.2816188 -405584574.7889447 31627806.7930022
-1211244405.5396564 -405587737.3546769 31627788.752504133
-1211242387.7868042 -405590899.9090271 31627770.711745437
-1211240370.0230627 -405594062.4519954 31627752.67072612
-1211238352.248432 -405597224.9835816 31627734.629446186
-1211236334.4629118 -405600387.5037858 31627716.58790564
-1211234316.6665027 -405603550.0126079 31627698.546104494
-1211232298.8592045 -405606712.5100478 31627680.50404275
-1211230281.0410175 -405609874.9961055 31627662.461720414
-1211228263.211942 -405613037.47078097 31627644.419137493
-1211226245.3719778 -405616199.93407416 31627626.376293994
-1211224227.5211253 -405619362.385985 31627608.333189923
-1211222209.6593845 -405622524.8265135 31627590.289825287
-1211220191.7867553 -405625687.2556596 31627572.246200092
-1211218173.9032383 -405628849.6734232 31627554.202314343
-1211216156.0088334 -405632012.0798043 31627536.158168048
-1211214138.1035407 -405635174.47480285 31627518.113761213
-1211212120.1873603 -405638336.8584188 31627500.069093842
-1211210102.2602923 -405641499.23065215 31627482.024165947
-1211208084.322337 -405644661.59150285 31627463.97897753
-1211206066.3734944 -405647823.9409708 31627445.9335286
-1211204048.4137647 -405650986.27905595 31627427.887819156
-1211202030.443148 -405654148.6057583 31627409.841849215
-1211200012.4616444 -405657310.92107785 31627391.795618776
-1211197994.469254 -405660473.22501445 31627373.74912785
-1211195976.465977 -405663635.5175681 31627355.70237644
-1211193958.4518135 -405666797.7987388 31627337.655364554
-1211191940.4267638 -405669960.06852645 31627319.608092196
-1211189922.3908277 -405673122.32693106 31627301.560559377
-1211187904.3440056 -405676284.5739525 31627283.5127661
-1211185886.2862976 -405679446.8095908 31627265.464712374
-1211183868.2177036 -405682609.0338459 31627247.4163982
-1211181850.138224 -405685771.24671775 31627229.36782359
-1211179832.0478587 -405688933.4482063 31627211.318988547
-1211177813.946608 -405692095.6383115 31627193.26989308
-1211175795.8344722 -405695257.81703335 31627175.220537193
-1211173777.711451 -405698419.9843717 31627157.170920897
-1211171759.577545 -405701582.1403266 31627139.121044192
-1211169741.4327538 -405704744.28489804 31627121.07090709
-1211167723.277078 -405707906.4180859 31627103.020509593
-1211165705.1105173 -405711068.5398901 31627084.96985171
-1211163686.933072 -405714230.6503107 31627066.918933447
-1211161668.7447426 -405717392.74934757 31627048.867754813
