-4.31359972821218e+26 -1.2724224537719077e+27 4.196065895609325e+25
-4.313594526872638e+26 -1.272422592745699e+27 4.196063776198031e+25
-4.3135893256597386e+26 -1.272422731777056e+27 4.196061655856218e+25
-4.3135841245220264e+26 -1.2724228708828664e+27 4.1960595345832246e+25
-4.313578923446834e+26 -1.272423010054897e+27 4.196057412383008e+25
-4.31357372235746e+26 -1.2724231492979336e+27 4.196055289251393e+25
-4.313568521329242e+26 -1.2724232886188716e+27 4.196053165182e+25
-4.313563320376959e+26 -1.2724234279968117e+27 4.196051040181646e+25
-4.313558119436574e+26 -1.2724235674527238e+27 4.196048914243295e+25
-4.313552918596665e+26 -1.2724237069678197e+27 4.196046787370247e+25
-4.313547717725685e+26 -1.272423846563632e+27 4.19604465955942e+25
-4.313542516998941e+26 -1.2724239862143354e+27 4.196042530817633e+25
-4.313537316282645e+26 -1.2724241259378035e+27 4.196040401137849e+25
-4.313532115622535e+26 -1.2724242657345992e+27 4.196038270516329e+25
-4.313526915016501e+26 -1.2724244056049338e+27 4.196036138960331e+25
-4.313521714446291e+26 -1.2724245455349447e+27 4.196034006459298e+25
-4.313516513909794e+26 -1.2724246855423645e+27 4.196031873034783e+25
-4.3135113134491434e+26 -1.272424825611853e+27 4.196029738657756e+25
-4.3135061130447236e+26 -1.2724249657553027e+27 4.19602760334625e+25
-4.313500912668387e+26 -1.2724251059698282e+27 4.196025467096308e+25
-4.313495712350349e+26 -1.272425246260074e+27 4.196023329898473e+25
-4.313490512086386e+26 -1.2724253866073217e+27 4.196021191755384e+25
-4.313485311827989e+26 -1.272425527021142e+27 4.196019052674297e+25
-4.313480111670111e+26 -1.2724256675151156e+27 4.196016912651696e+25
-4.3134749115016136e+26 -1.2724258080741134e+27 4.19601477168384e+25
-4.3134697114765164e+26 -1.27242594869518e+27 4.19601262977095e+25
-4.313464511388771e+26 -1.2724260893980186e+27 4.196010486913245e+25
-4.3134593114254706e+26 -1.272426230160674e+27 4.1960083431140255e+25
-4.313454111469758e+26 -1.2724263709990496e+27 4.196006198365813e+25
-4.313448911542129e+26 -1.272426511900057e+27 4.19600405266619e+25
-4.3134437116679165e+26 -1.2724266528812178e+27 4.19600190602791e+25
-4.313438511824558e+26 -1.2724267939200142e+27 4.195999758437779e+25
-4.3134333120542756e+26 -1.2724269350349528e+27 4.195997609895796e+25
-4.313428112270558e+26 -1.272427076218786e+27 4.195995460408341e+25
-4.3134229125810705e+26 -1.2724272174732025e+27 4.1959933099692535e+25
-4.3134177128554995e+26 -1.2724273587930656e+27 4.195991158581174e+25
-4.313412513227721e+26 -1.272427500197093e+27 4.195989006244762e+25
-4.3134073136512034e+26 -1.2724276416496079e+27 4.19598685295276e+25
-4.313402114147761e+26 -1.2724277831901578e+27 4.195984698712206e+25
-4.313396914539362e+26 -1.272427924792213e+27 4.195982543519362e+25
-4.313391715069568e+26 -1.2724280664597854e+27 4.195980387371148e+25
-4.313386515675577e+26 -1.2724282082054e+27 4.195978230263385e+25
-4.3133813162414554e+26 -1.2724283500157575e+27 4.19597607221103e+25
-4.3133761168804096e+26 -1.272428491901202e+27 4.195973913192309e+25
-4.3133709175474474e+26 -1.2724286338566666e+27 4.195971753221737e+25
-4.3133657182621834e+26 -1.2724287758720184e+27 4.1959695923023935e+25
-4.313360519007818e+26 -1.2724289179635833e+27 4.195967430416684e+25
-4.313355319823713e+26 -1.272429060130798e+27 4.195965267578905e+25
-4.313350120577619e+26 -1.2724292023611367e+27 4.195963103789495e+25
-4.313344921468592e+26 -1.2724293446643813e+27 4.195960939040536e+25
-4.313339722342657e+26 -1.2724294870370128e+27 4.195958773318616e+25
-4.313334523267939e+26 -1.2724296294813533e+27 4.195956606648144e+25
-4.3133293241980826e+26 -1.2724297719900144e+27 4.195954439018344e+25
-4.3133241251963325e+26 -1.272429914575381e+27 4.195952270426137e+25
-4.313318926243776e+26 -1.2724300572230276e+27 4.195950100870865e+25
-4.313313727315036e+26 -1.2724301999562458e+27 4.195947930353186e+25
-4.313308528368597e+26 -1.2724303427443553e+27 4.195945758880138e+25
-4.313303329517091e+26 -1.2724304856041737e+27 4.195943586437207e+25
-4.313298130666225e+26 -1.2724306285385163e+27 4.195941413024393e+25
-4.3132929318405394e+26 -1.2724307715449904e+27 4.195939238656209e+25
-4.31328773304219e+26 -1.2724309146152922e+27 4.195937063314625e+25
-4.3132825342698564e+26 -1.2724310577640588e+27 4.19593488701767e+25
-4.313277335541659e+26 -1.2724312009782716e+27 4.195932709744015e+25
-4.3132721368619966e+26 -1.2724313442602533e+27 4.1959305315039965e+25
-4.313266938183589e+26 -1.2724314876128883e+27 4.195928352308608e+25
-4.3132617395086355e+26 -1.272431631042229e+27 4.195926172139818e+25
-4.31325654092435e+26 -1.2724317745409567e+27 4.195923991001365e+25
-4.313251342316031e+26 -1.2724319181119566e+27 4.195921808896767e+25
-4.313246143758974e+26 -1.2724320617524137e+27 4.195919625818988e+25
-4.313240945223622e+26 -1.2724322054661987e+27 4.195917441771326e+25
-4.31323574668891e+26 -1.2724323492386044e+27 4.19591525675444e+25
-4.31323054819917e+26 -1.272432493091867e+27 4.19591307077075e+25
-4.313225349733863e+26 -1.2724326370055098e+27 4.195910883807282e+25
-4.3132201512657216e+26 -1.272432781002613e+27 4.195908695877668e+25
-4.313214952915647e+26 -1.272432925069174e+27 4.1959065069748734e+25
-4.3132097544923254e+26 -1.2724330692035737e+27 4.1959043170881214e+25
-4.313204556161078e+26 -1.2724332134050385e+27 4.195902126228188e+25
-4.3131993578079085e+26 -1.272433357676594e+27 4.195899934398592e+25
-4.3131941595194144e+26 -1.2724335020264733e+27 4.195897741588778e+25
-4.3131889611878434e+26 -1.272433646446373e+27 4.1958955478057815e+25
-4.3131837629216514e+26 -1.272433790929608e+27 4.195893353046085e+25
-4.3131785646539435e+26 -1.2724339354928558e+27 4.19589115730617e+25
-4.313173366410053e+26 -1.272434080124435e+27 4.195888960596593e+25
-4.3131681682069126e+26 -1.2724342248225866e+27 4.19588676289954e+25
-4.313162970069063e+26 -1.2724343695936438e+27 4.1958845642257876e+25
-4.313157771886069e+26 -1.272434514431836e+27 4.1958823645753345e+25
-4.313152573676975e+26 -1.2724346593439188e+27 4.195880163941145e+25
-4.31314737555503e+26 -1.2724348043260927e+27 4.195877962330474e+25
-4.313142177432976e+26 -1.272434949377583e+27 4.19587575973255e+25
-4.313136979330519e+26 -1.2724350945059198e+27 4.195873556153966e+25
-4.313131781270217e+26 -1.2724352397047692e+27 4.195871351595384e+25
-4.3131265832097645e+26 -1.272435384975328e+27 4.195869146049547e+25
-4.3131213851661364e+26 -1.2724355303158368e+27 4.195866939523271e+25
-4.313116187144214e+26 -1.2724356757217918e+27 4.195864732006442e+25
-4.313110989139776e+26 -1.2724358212084634e+27 4.195862523512693e+25
-4.3131057911541855e+26 -1.2724359667657886e+27 4.195860314024651e+25
-4.3131005931657604e+26 -1.27243611238849e+27 4.1958581035568304e+25
-4.313095395241174e+26 -1.2724362580829004e+27 4.195855892101096e+25
-4.3130901972440885e+26 -1.272436403856409e+27 4.195853679662064e+25
-4.3130849993559224e+26 -1.2724365497047933e+27 4.195851466231818e+25
-4.3130798013979826e+26 -1.2724366956053244e+27 4.1958492518075e+25
-4.313074603546896e+26 -1.2724368415865013e+27 4.1958470363992245e+25
-4.313069405621858e+26 -1.272436987638684e+27 4.19584481999336e+25
-4.313064207736118e+26 -1.2724371337693312e+27 4.195842602607276e+25
-4.3130590098720843e+26 -1.2724372799605693e+27 4.195840384223162e+25
-4.3130538120227647e+26 -1.272437426229498e+27 4.195838164848273e+25
-4.313048614145145e+26 -1.272437572579143e+27 4.195835944482611e+25
-4.313043416308979e+26 -1.2724377189853685e+27 4.195833723126396e+25
-4.3130382184895486e+26 -1.27243786546661e+27 4.19583150077215e+25
-4.313033020706646e+26 -1.2724380120177313e+27 4.195829277427129e+25
-4.313027822827187e+26 -1.2724381586418285e+27 4.195827053080561e+25
-4.31302262503281e+26 -1.2724383053487532e+27 4.195824827746956e+25
-4.3130174272326514e+26 -1.2724384521133132e+27 4.195822601415322e+25
-4.313012229426139e+26 -1.2724385989630934e+27 4.195820374086096e+25
-4.313007031591987e+26 -1.2724387458682573e+27 4.195818145751803e+25
-4.313001833815518e+26 -1.2724388928562485e+27 4.195815916433994e+25
-4.312996636079666e+26 -1.2724390399215786e+27 4.195813686107597e+25
-4.3129914382437826e+26 -1.2724391870479216e+27 4.195811454790428e+25
-4.312986240515499e+26 -1.272439334249352e+27 4.195809222468411e+25
-4.312981042803293e+26 -1.2724394815162283e+27 4.195806989148364e+25
-4.3129758450121654e+26 -1.272439628867199e+27 4.195804754819951e+25
-4.3129706472792915e+26 -1.2724397762869939e+27 4.195802519500984e+25
-4.312965449473874e+26 -1.2724399237689278e+27 4.195800283173431e+25
-4.3129602518168265e+26 -1.2724400713338297e+27 4.195798045858622e+25
-4.31295505403934e+26 -1.2724402189698077e+27 4.195795807528411e+25
-4.312949856320152e+26 -1.2724403666633509e+27 4.1957935681933525e+25
-4.312944658592456e+26 -1.27244051445281e+27 4.195791327853006e+25
-4.3129394608779335e+26 -1.2724406622942047e+27 4.195789086511771e+25
-4.3129342631971675e+26 -1.2724408102130084e+27 4.195786844165688e+25
-4.312929065440252e+26 -1.2724409582107694e+27 4.195784600811021e+25
-4.31292386771982e+26 -1.272441106272851e+27 4.195782356451724e+25
-4.312918670036575e+26 -1.2724412544133973e+27 4.195780111087361e+25
-4.312913472298994e+26 -1.2724414026250897e+27 4.195777864707375e+25
-4.3129082745248014e+26 -1.2724415509027913e+27 4.195775617322762e+25
-4.312903076876373e+26 -1.2724416992533284e+27 4.19577336893308e+25
-4.3128978791075944e+26 -1.2724418476816967e+27 4.195771119528216e+25
-4.312892681371736e+26 -1.272441996181774e+27 4.195768869111467e+25
-4.312887483624467e+26 -1.272442144754757e+27 4.19576661769317e+25
-4.3128822859137255e+26 -1.2724422934031788e+27 4.195764365256172e+25
-4.3128770881683955e+26 -1.2724424421131765e+27 4.195762111807069e+25
-4.312871890431402e+26 -1.2724425908966428e+27 4.1957598573463015e+25
-4.312866692686515e+26 -1.2724427397618107e+27 4.195757601869692e+25
-4.312861494973978e+26 -1.2724428886998136e+27 4.195755345381418e+25
-4.312856297160618e+26 -1.2724430377083998e+27 4.1957530878810384e+25
-4.312851099400674e+26 -1.2724431867768735e+27 4.1957508293654764e+25
-4.312845901651177e+26 -1.272443335925923e+27 4.195748569827256e+25
-4.312840703867751e+26 -1.2724434851417557e+27 4.19574630927715e+25
-4.3128355060927055e+26 -1.2724436344415415e+27 4.195744047711423e+25
-4.312830308283731e+26 -1.2724437838095887e+27 4.195741785130731e+25
-4.312825110507721e+26 -1.272443933248149e+27 4.19573952152716e+25
-4.3128199126978706e+26 -1.2724440827601777e+27 4.195737256908406e+25
-4.312814714829462e+26 -1.272444232349545e+27 4.195734991270292e+25
-4.3128095169904565e+26 -1.2724443820132956e+27 4.195732724610178e+25
-4.312804319160534e+26 -1.2724445317386222e+27 4.195730456927404e+25
-4.3127991213382446e+26 -1.2724446815412876e+27 4.1957281882259285e+25
-4.31279392348207e+26 -1.2724448314212215e+27 4.195725918498275e+25
-4.3127887256342314e+26 -1.2724449813677978e+27 4.195723647751481e+25
-4.3127835277749824e+26 -1.2724451313962166e+27 4.195721375989503e+25
-4.312778329875559e+26 -1.2724452814905745e+27 4.195719103198049e+25
-4.312773131985131e+26 -1.272445431658471e+27 4.195716829376899e+25
-4.3127679340995205e+26 -1.2724455818968102e+27 4.195714554533529e+25
-4.312762736157508e+26 -1.2724457322181177e+27 4.1957122786710166e+25
-4.3127575382428305e+26 -1.2724458826081788e+27 4.19571000177881e+25
-4.312752340292201e+26 -1.2724460330638268e+27 4.195707723857345e+25
-4.312747142326642e+26 -1.2724461835978695e+27 4.195705444913441e+25
-4.312741944365857e+26 -1.27244633420531e+27 4.195703164943579e+25
-4.31273674641697e+26 -1.2724464848860784e+27 4.19570088394402e+25
-4.312731548380014e+26 -1.2724466356441854e+27 4.195698601915205e+25
-4.312726350396387e+26 -1.272446786459365e+27 4.195696318859991e+25
-4.3127211523697704e+26 -1.2724469373596942e+27 4.1956940347649665e+25
-4.312715954309929e+26 -1.2724470883310993e+27 4.195691749643983e+25
-4.312710756229528e+26 -1.2724472393843467e+27 4.1956894634933035e+25
-4.312705558157508e+26 -1.2724473905031108e+27 4.19568717630611e+25
-4.3127003600234544e+26 -1.272447541696399e+27 4.195684888085922e+25
-4.312695161939211e+26 -1.272447692960763e+27 4.195682598836478e+25
-4.312689963816201e+26 -1.2724478442989476e+27 4.195680308553817e+25
-4.312684765605078e+26 -1.2724479957060968e+27 4.195678017234425e+25
-4.312679567399476e+26 -1.2724481471961436e+27 4.195675724885776e+25
-4.3126743692218695e+26 -1.272448298754452e+27 4.195673431493355e+25
-4.312669170981571e+26 -1.2724484503879176e+27 4.19567113706794e+25
-4.312663972702418e+26 -1.2724486020930218e+27 4.195668841599195e+25
-4.312658774427334e+26 -1.272448753869202e+27 4.195666545111309e+25
-4.312653576129713e+26 -1.2724489057284209e+27 4.195664247569098e+25
-4.3126483778410874e+26 -1.2724490576445716e+27 4.195661949001367e+25
-4.312643179483348e+26 -1.2724492096465052e+27 4.195659649386128e+25
-4.3126379811318786e+26 -1.2724493617138853e+27 4.195657348734376e+25
-4.3126327827380354e+26 -1.2724495138625446e+27 4.195655047043032e+25
-4.31262758434901e+26 -1.2724496660743986e+27 4.195652744307478e+25
-4.312622385917611e+26 -1.272449818374217e+27 4.195650440525075e+25
-4.312617187443927e+26 -1.2724499707373707e+27 4.195648135709678e+25
-4.312611988949684e+26 -1.272450123186237e+27 4.1956458298472105e+25
-4.3126067904335185e+26 -1.272450275703435e+27 4.1956435229411935e+25
-4.312601591809581e+26 -1.2724504282872052e+27 4.19564121498437e+25
-4.3125963932523856e+26 -1.2724505809527474e+27 4.195638905991251e+25
-4.312591194656335e+26 -1.272450733686058e+27 4.195636595947547e+25
-4.312585996036252e+26 -1.272450886504589e+27 4.195634284866889e+25
-4.312580797419579e+26 -1.2724510393891992e+27 4.1956319727323455e+25
-4.312575598712725e+26 -1.2724511923414376e+27 4.195629659550733e+25
-4.3125703999881276e+26 -1.2724513453828366e+27 4.19562734532535e+25
-4.3125652012606074e+26 -1.2724514984818007e+27 4.195625030052898e+25
-4.312560002491462e+26 -1.272451651654796e+27 4.195622713726342e+25
-4.312554803675764e+26 -1.2724518049037933e+27 4.1956203963597526e+25
-4.312549604862729e+26 -1.2724519582342104e+27 4.195618077932022e+25
-4.3125444060045507e+26 -1.2724521116356335e+27 4.195615758450185e+25
-4.312539207078006e+26 -1.2724522651127763e+27 4.195613437924358e+25
-4.312534008197093e+26 -1.2724524186637398e+27 4.195611116337828e+25
-4.312528809224549e+26 -1.2724525722757867e+27 4.195608793707528e+25
-4.3125236102307854e+26 -1.2724527259768536e+27 4.1956064700266414e+25
-4.312518411212989e+26 -1.2724528797525146e+27 4.1956041452841715e+25
-4.3125132121725666e+26 -1.272453033592426e+27 4.195601819499031e+25
-4.312508013086956e+26 -1.27245318751805e+27 4.195599492648351e+25
-4.312502813910418e+26 -1.2724533415030685e+27 4.195597164743785e+25
-4.312497614776081e+26 -1.2724534955783033e+27 4.195594835785113e+25
-4.3124924155768085e+26 -1.2724536497134255e+27 4.195592505769038e+25
-4.312487216329577e+26 -1.272453803920679e+27 4.195590174694898e+25
-4.3124820171019414e+26 -1.2724539582177265e+27 4.195587842567092e+25
-4.312476817734823e+26 -1.2724541125840906e+27 4.195585509377704e+25
-4.3124716183936776e+26 -1.272454267017731e+27 4.19558317513421e+25
-4.3124664189334566e+26 -1.2724544215415872e+27 4.1955808398190195e+25
-4.3124612195188226e+26 -1.2724545761230792e+27 4.19557850345654e+25
-4.312456020052712e+26 -1.272454730792465e+27 4.1955761660228e+25
-4.312450820566746e+26 -1.272454885522301e+27 4.195573827530999e+25
-4.312445620939275e+26 -1.2724550403260984e+27 4.195571487974756e+25
-4.312440421376435e+26 -1.2724551952218006e+27 4.195569147360669e+25
-4.312435221765593e+26 -1.272455350183512e+27 4.195566805681702e+25
-4.312430022106043e+26 -1.272455505210248e+27 4.195564462931477e+25
-4.312424822376017e+26 -1.2724556603271997e+27 4.1955621191304435e+25
-4.312419622645883e+26 -1.2724558155045317e+27 4.195559774254195e+25
-4.312414422861457e+26 -1.2724559707665206e+27 4.195557428313285e+25
-4.312409223029028e+26 -1.2724561261012743e+27 4.195555081310793e+25
-4.3124040231036045e+26 -1.2724562815003483e+27 4.195552733229786e+25
-4.312398823151992e+26 -1.272456436988161e+27 4.195550384087417e+25
-4.312393623150266e+26 -1.2724565925384645e+27 4.1955480338735695e+25
-4.3123884230971506e+26 -1.2724567481768027e+27 4.195545682594841e+25
-4.3123832230410245e+26 -1.27245690387728e+27 4.195543330241116e+25
-4.312378022910903e+26 -1.272457059664596e+27 4.1955409768154735e+25
-4.312372822730008e+26 -1.2724572155213694e+27 4.19553862232495e+25
-4.312367622590479e+26 -1.272457371451963e+27 4.195536266766468e+25
-4.312362422333282e+26 -1.2724575274498324e+27 4.195533910129251e+25
-4.312357222047125e+26 -1.2724576835339775e+27 4.195531552416597e+25
-4.312352021684159e+26 -1.272457839688143e+27 4.195529193635985e+25
-4.312346821271122e+26 -1.2724579959156365e+27 4.195526833779936e+25
-4.3123416207643434e+26 -1.2724581522142056e+27 4.19552447284867e+25
-4.3123364202490124e+26 -1.272458308592928e+27 4.195522110845488e+25
-4.312331219704678e+26 -1.2724584650472303e+27 4.195519747760052e+25
-4.3123260191095263e+26 -1.2724586215732416e+27 4.195517383606436e+25
-4.312320818438268e+26 -1.2724587781821506e+27 4.195515018370788e+25
-4.312315617715576e+26 -1.272458934861643e+27 4.195512652059484e+25
-4.3123104169195495e+26 -1.27245909161953e+27 4.195510284669664e+25
-4.312305216159962e+26 -1.272459248443426e+27 4.19550791620111e+25
-4.312300015256011e+26 -1.2724594053486016e+27 4.195505546650084e+25
-4.312294814391358e+26 -1.272459562323868e+27 4.19550317602406e+25
-4.3122896134054746e+26 -1.2724597193780208e+27 4.195500804319082e+25
-4.3122844123871136e+26 -1.2724598765133125e+27 4.1954984315245945e+25
-4.312279211271536e+26 -1.2724600337187654e+27 4.1954960576586285e+25
-4.3122740101262514e+26 -1.2724601909963496e+27 4.195493682699635e+25
-4.312268808945014e+26 -1.2724603483529614e+27 4.1954913066619056e+25
-4.3122636077150716e+26 -1.2724605057914156e+27 4.195488929545443e+25
-4.3122584063604236e+26 -1.272460663295879e+27 4.195486551336171e+25
-4.312253205020445e+26 -1.272460820865226e+27 4.195484172044426e+25
-4.3122480036029086e+26 -1.2724609785276038e+27 4.195481791670648e+25
-4.312242802038897e+26 -1.2724611362571873e+27 4.195479410217916e+25
-4.312237600537362e+26 -1.2724612940595357e+27 4.195477027658521e+25
-4.312232398952684e+26 -1.2724614519420373e+27 4.19547464402369e+25
-4.312227197317891e+26 -1.2724616099024408e+27 4.195472259299349e+25
-4.312221995578098e+26 -1.2724617679378608e+27 4.195469873489237e+25
-4.3122167938297514e+26 -1.2724619260533638e+27 4.1954674865795e+25
-4.3122115919349305e+26 -1.2724620842343837e+27 4.195465098587069e+25
-4.3122063900751855e+26 -1.2724622424898573e+27 4.195462709509306e+25
-4.312201188114706e+26 -1.2724624008265397e+27 4.19546031932774e+25
-4.312195986097031e+26 -1.2724625592366907e+27 4.195457928063922e+25
-4.3121907840032935e+26 -1.2724627177235468e+27 4.195455535703995e+25
-4.312185581849547e+26 -1.2724628762871085e+27 4.195453142247523e+25
-4.312180379619694e+26 -1.2724630349206203e+27 4.195450747705059e+25
-4.3121751773756595e+26 -1.272463193641041e+27 4.1954483520631884e+25
-4.312169975007579e+26 -1.2724633524275414e+27 4.195445955335328e+25
-4.312164772585252e+26 -1.272463511286736e+27 4.195443557503883e+25
-4.3121595701929866e+26 -1.272463670236217e+27 4.195441158572373e+25
-4.312154367629617e+26 -1.272463829253467e+27 4.195438758548275e+25
-4.312149165009141e+26 -1.2724639883434817e+27 4.195436357427849e+25
-4.3121439623990684e+26 -1.2724641475018278e+27 4.19543395520736e+25
-4.312138759688216e+26 -1.2724643067554567e+27 4.19543155189428e+25
-4.312133556869592e+26 -1.272464466075095e+27 4.195429147481136e+25
-4.312128354041667e+26 -1.2724646254625723e+27 4.195426741964628e+25
-4.3121231510615944e+26 -1.2724647849344952e+27 4.195424335344537e+25
-4.3121179480694506e+26 -1.2724649444838276e+27 4.195421927631637e+25
-4.312112744995527e+26 -1.2724651041059246e+27 4.195419518815373e+25
-4.31210754181735e+26 -1.272465263803038e+27 4.195417108899264e+25
-4.312102338557393e+26 -1.2724654235751683e+27 4.1954146978727544e+25
-4.3120971352818466e+26 -1.272465583431463e+27 4.1954122857463995e+25
-4.312091931947742e+26 -1.272465743362774e+27 4.195409872516461e+25
-4.312086728508637e+26 -1.2724659033624165e+27 4.195407458176121e+25
-4.312081524965277e+26 -1.2724660634408757e+27 4.195405042732418e+25
-4.3120763213851734e+26 -1.2724662235951256e+27 4.1954026261923884e+25
-4.312071117719816e+26 -1.2724663838231956e+27 4.195400208531182e+25
-4.312065913991678e+26 -1.272466544139793e+27 4.195397789773649e+25
-4.312060710204322e+26 -1.2724667045219775e+27 4.195395369912753e+25
-4.312055506312625e+26 -1.2724668649842452e+27 4.19539294893442e+25
-4.312050302381457e+26 -1.2724670255192777e+27 4.195390526849423e+25
-4.312045098300911e+26 -1.27246718613383e+27 4.195388103653367e+25
-4.3120398942244794e+26 -1.2724673468240326e+27 4.1953856793506485e+25
-4.312034690021276e+26 -1.2724675075785553e+27 4.19538325393423e+25
-4.312029485755996e+26 -1.2724676684232947e+27 4.19538082741401e+25
-4.312024281447638e+26 -1.2724678293482574e+27 4.19537839977657e+25
-4.312019077015325e+26 -1.2724679903352893e+27 4.195375971024992e+25
-4.3120138725153045e+26 -1.2724681514113409e+27 4.195373541156197e+25
-4.31200866793566e+26 -1.2724683125574833e+27 4.195371110173043e+25
-4.3120034632883084e+26 -1.2724684737791347e+27 4.195368678086744e+25
-4.311998258513438e+26 -1.2724686350786878e+27 4.195366244872454e+25
-4.3119930537440894e+26 -1.2724687964533984e+27 4.195363810550841e+25
-4.3119878488422946e+26 -1.2724689578962996e+27 4.195361375104974e+25
-4.3119826438552464e+26 -1.2724691194266023e+27 4.195358938545407e+25
-4.311977438806121e+26 -1.272469281030303e+27 4.195356500864445e+25
-4.311972233623847e+26 -1.2724694427118352e+27 4.195354062069784e+25
-4.311967028379541e+26 -1.2724696044746464e+27 4.1953516221537265e+25
-4.311961823092861e+26 -1.2724697663062118e+27 4.195349181120671e+25
-4.311956617695594e+26 -1.272469928225319e+27 4.195346738966222e+25
-4.311951412191215e+26 -1.2724700902149395e+27 4.195344295694553e+25
-4.3119462066212845e+26 -1.2724702522761986e+27 4.195341851301709e+25
-4.3119410009864625e+26 -1.2724704144119818e+27 4.195339405781093e+25
-4.3119357952417134e+26 -1.2724705766334776e+27 4.195336959135563e+25
-4.31193058943414e+26 -1.2724707389339305e+27 4.195334511365557e+25
-4.311925383468833e+26 -1.2724709012926523e+27 4.195332062481853e+25
-4.311920177530158e+26 -1.2724710637470791e+27 4.195329612469716e+25
-4.311914971454068e+26 -1.2724712262704707e+27 4.195327161333544e+25
-4.3119097652927234e+26 -1.272471388877886e+27 4.195324709065642e+25
-4.311904559018681e+26 -1.2724715515524365e+27 4.195322255673265e+25
-4.311899352637526e+26 -1.2724717143099553e+27 4.195319801156193e+25
-4.3118941462358115e+26 -1.2724718771401685e+27 4.195317345511129e+25
-4.311888939695363e+26 -1.2724720400461019e+27 4.195314888741811e+25
-4.311883733090727e+26 -1.272472203036622e+27 4.195312430840321e+25
-4.311878526420496e+26 -1.2724723660959663e+27 4.195309971807761e+25
-4.311873319591783e+26 -1.2724725292320863e+27 4.195307511650505e+25
-4.311868112649625e+26 -1.272472692451667e+27 4.195305050350964e+25
-4.311862905688358e+26 -1.2724728557496423e+27 4.195302587930686e+25
-4.311857698587566e+26 -1.27247301912383e+27 4.195300124375378e+25
-4.311852491444488e+26 -1.2724731825651533e+27 4.195297659684821e+25
-4.3118472841893284e+26 -1.2724733460995777e+27 4.195295193859235e+25
-4.311842076843285e+26 -1.2724735097033188e+27 4.195292726908954e+25
-4.311836869338803e+26 -1.2724736733782767e+27 4.1952902588168256e+25
-4.3118316617891334e+26 -1.272473837136062e+27 4.195287789593187e+25
-4.311826454125974e+26 -1.2724740009649934e+27 4.1952853192270415e+25
-4.3118212463922945e+26 -1.2724741648830858e+27 4.195282847733124e+25
-4.311816038570545e+26 -1.2724743288749982e+27 4.19528037509692e+25
-4.311810830610721e+26 -1.2724744929363682e+27 4.195277901326126e+25
-4.311805622580421e+26 -1.2724746570784547e+27 4.19527542642316e+25
-4.311800414416268e+26 -1.272474821300624e+27 4.19527295037461e+25
