1847469304949.2493 2278884459433.028 -15470386866.380127
1847467969942.9912 2278885452244.389 -15470365884.300007
1847466634936.1255 2278886445055.001 -15470344902.214802
1847465299928.6523 2278887437864.8633 -15470323920.124514
1847463964920.5715 2278888430673.976 -15470302938.02914
1847462629911.883 2278889423482.3394 -15470281955.928682
1847461294902.587 2278890416289.953 -15470260973.823141
1847459959892.6833 2278891409096.8174 -15470239991.712515
1847458624882.172 2278892401902.932 -15470219009.596806
1847457289871.0532 2278893394708.2974 -15470198027.476011
1847455954859.3267 2278894387512.913 -15470177045.350134
1847454619846.9927 2278895380316.7793 -15470156063.219172
1847453284834.051 2278896373119.896 -15470135081.083126
1847451949820.5017 2278897365922.263 -15470114098.941996
1847450614806.345 2278898358723.881 -15470093116.79578
1847449279791.5806 2278899351524.749 -15470072134.644482
1847447944776.2085 2278900344324.8677 -15470051152.488098
1847446609760.2288 2278901337124.237 -15470030170.326632
1847445274743.6416 2278902329922.8564 -15470009188.16008
1847443939726.4468 2278903322720.7266 -15469988205.988445
1847442604708.6443 2278904315517.847 -15469967223.811726
1847441269690.2341 2278905308314.2183 -15469946241.629923
1847439934671.2166 2278906301109.84 -15469925259.443035
1847438599651.5913 2278907293904.712 -15469904277.251064
1847437264631.3584 2278908286698.834 -15469883295.054008
1847435929610.518 2278909279492.2065 -15469862312.85187
1847434594589.07 2278910272284.8296 -15469841330.644646
1847433259567.0144 2278911265076.703 -15469820348.432339
1847431924544.351 2278912257867.827 -15469799366.214947
1847430589521.0803 2278913250658.2017 -15469778383.992472
1847429254497.202 2278914243447.8267 -15469757401.764912
1847427919472.7158 2278915236236.702 -15469736419.532269
1847426584447.6223 2278916229024.828 -15469715437.29454
1847425249421.9211 2278917221812.2046 -15469694455.05173
1847423914395.6123 2278918214598.8315 -15469673472.803835
1847422579368.696 2278919207384.709 -15469652490.550856
1847421244341.172 2278920200169.837 -15469631508.292793
1847419909313.0405 2278921192954.2153 -15469610526.029646
1847418574284.3013 2278922185737.844 -15469589543.761415
1847417239254.9546 2278923178520.7236 -15469568561.4881
1847415904225.0002 2278924171302.8535 -15469547579.209702
1847414569194.4382 2278925164084.234 -15469526596.926218
1847413234163.2688 2278926156864.8647 -15469505614.637651
1847411899131.4917 2278927149644.746 -15469484632.344
1847410564099.107 2278928142423.878 -15469463650.045265
1847409229066.1147 2278929135202.26 -15469442667.741447
1847407894032.515 2278930127979.892 -15469421685.432545
1847406558998.3074 2278931120756.775 -15469400703.118559
1847405223963.4924 2278932113532.908 -15469379720.799488
1847403888928.0698 2278933106308.292 -15469358738.475334
1847402553892.0396 2278934099082.9263 -15469337756.146097
1847401218855.4019 2278935091856.811 -15469316773.811775
1847399883818.1565 2278936084629.9463 -15469295791.47237
1847398548780.3035 2278937077402.332 -15469274809.12788
1847397213741.843 2278938070173.9683 -15469253826.778307
1847395878702.775 2278939062944.855 -15469232844.42365
1847394543663.099 2278940055714.992 -15469211862.06391
1847393208622.816 2278941048484.38 -15469190879.699085
1847391873581.925 2278942041253.018 -15469169897.329176
1847390538540.4265 2278943034020.9067 -15469148914.954184
1847389203498.3206 2278944026788.046 -15469127932.574108
1847387868455.607 2278945019554.435 -15469106950.188948
1847386533412.2856 2278946012320.0747 -15469085967.798704
1847385198368.357 2278947005084.965 -15469064985.403378
1847383863323.8206 2278947997849.1055 -15469044003.002966
1847382528278.6765 2278948990612.4966 -15469023020.597471
1847381193232.925 2278949983375.138 -15469002038.186892
1847379858186.566 2278950976137.0303 -15468981055.771229
1847378523139.599 2278951968898.173 -15468960073.350483
1847377188092.025 2278952961658.566 -15468939090.924652
1847375853043.843 2278953954418.2095 -15468918108.493738
1847374517995.0535 2278954947177.1035 -15468897126.057741
1847373182945.6565 2278955939935.248 -15468876143.61666
1847371847895.6519 2278956932692.643 -15468855161.170494
1847370512845.0398 2278957925449.2886 -15468834178.719246
1847369177793.82 2278958918205.184 -15468813196.262913
1847367842741.9927 2278959910960.33 -15468792213.801497
1847366507689.5579 2278960903714.7266 -15468771231.334997
1847365172636.5154 2278961896468.3735 -15468750248.863413
1847363837582.8652 2278962889221.271 -15468729266.386745
1847362502528.6077 2278963881973.419 -15468708283.904995
1847361167473.7424 2278964874724.8174 -15468687301.418161
1847359832418.2698 2278965867475.4663 -15468666318.926243
1847358497362.1895 2278966860225.3657 -15468645336.429241
1847357162305.5015 2278967852974.5156 -15468624353.927156
1847355827248.206 2278968845722.916 -15468603371.419987
1847354492190.303 2278969838470.567 -15468582388.907734
1847353157131.7922 2278970831217.468 -15468561406.390398
1847351822072.674 2278971823963.619 -15468540423.867977
1847350487012.9482 2278972816709.021 -15468519441.340473
1847349151952.615 2278973809453.6733 -15468498458.807886
1847347816891.674 2278974802197.576 -15468477476.270216
1847346481830.1255 2278975794940.7295 -15468456493.72746
1847345146767.9695 2278976787683.1333 -15468435511.179623
1847343811705.2058 2278977780424.7876 -15468414528.626701
1847342476641.8347 2278978773165.6924 -15468393546.068697
1847341141577.856 2278979765905.8477 -15468372563.505608
1847339806513.2695 2278980758645.253 -15468351580.937435
1847338471448.0757 2278981751383.9087 -15468330598.36418
1847337136382.2742 2278982744121.815 -15468309615.785841
1847335801315.8652 2278983736858.9717 -15468288633.202417
1847334466248.8486 2278984729595.379 -15468267650.61391
1847333131181.2244 2278985722331.0366 -15468246668.02032
1847331796112.9927 2278986715065.945 -15468225685.421648
1847330461044.1533 2278987707800.1035 -15468204702.81789
1847329125974.7065 2278988700533.5127 -15468183720.20905
1847327790904.652 2278989693266.1724 -15468162737.595125
1847326455833.99 2278990685998.082 -15468141754.976118
1847325120762.7205 2278991678729.242 -15468120772.352028
1847323785690.8433 2278992671459.653 -15468099789.722853
1847322450618.3586 2278993664189.314 -15468078807.088594
1847321115545.2664 2278994656918.2256 -15468057824.449253
1847319780471.5667 2278995649646.3877 -15468036841.804829
1847318445397.2593 2278996642373.8003 -15468015859.155321
1847317110322.3442 2278997635100.4634 -15467994876.500729
1847315775246.8218 2278998627826.377 -15467973893.841053
1847314440170.6917 2278999620551.541 -15467952911.176294
1847313105093.954 2279000613275.955 -15467931928.506453
1847311770016.609 2279001605999.6196 -15467910945.831528
1847310434938.6562 2279002598722.5347 -15467889963.151518
1847309099860.096 2279003591444.7 -15467868980.466425
1847307764780.928 2279004584166.116 -15467847997.776249
1847306429701.1526 2279005576886.7827 -15467827015.08099
1847305094620.7695 2279006569606.6997 -15467806032.380648
1847303759539.779 2279007562325.867 -15467785049.675222
1847302424458.181 2279008555044.2847 -15467764066.964712
1847301089375.9753 2279009547761.9526 -15467743084.249119
1847299754293.162 2279010540478.871 -15467722101.528442
1847298419209.7415 2279011533195.04 -15467701118.802683
1847297084125.7131 2279012525910.4595 -15467680136.07184
1847295749041.0774 2279013518625.1294 -15467659153.335915
1847294413955.834 2279014511339.05 -15467638170.594906
1847293078869.983 2279015504052.2207 -15467617187.848814
1847291743783.5244 2279016496764.642 -15467596205.097637
1847290408696.4583 2279017489476.3135 -15467575222.341377
1847289073608.7847 2279018482187.2354 -15467554239.580034
1847287738520.5034 2279019474897.4077 -15467533256.813608
1847286403431.6147 2279020467606.8306 -15467512274.042099
1847285068342.1184 2279021460315.504 -15467491291.265507
1847283733252.0146 2279022453023.4277 -15467470308.483831
1847282398161.3032 2279023445730.602 -15467449325.697073
1847281063069.9844 2279024438437.0264 -15467428342.90523
1847279727978.0579 2279025431142.701 -15467407360.108303
1847278392885.524 2279026423847.6265 -15467386377.306293
1847277057792.3823 2279027416551.8022 -15467365394.4992
1847275722698.6333 2279028409255.2285 -15467344411.687025
1847274387604.2766 2279029401957.9053 -15467323428.869766
1847273052509.3123 2279030394659.8325 -15467302446.047424
1847271717413.7405 2279031387361.0103 -15467281463.22
1847270382317.561 2279032380061.438 -15467260480.387491
1847269047220.7742 2279033372761.116 -15467239497.5499
1847267712123.3796 2279034365460.045 -15467218514.707226
1847266377025.3777 2279035358158.224 -15467197531.859468
1847265041926.768 2279036350855.654 -15467176549.006628
1847263706827.551 2279037343552.334 -15467155566.148705
1847262371727.7263 2279038336248.2646 -15467134583.285696
1847261036627.2942 2279039328943.4453 -15467113600.417604
1847259701526.2544 2279040321637.8765 -15467092617.54443
1847258366424.6072 2279041314331.558 -15467071634.666172
1847257031322.3523 2279042307024.49 -15467050651.782831
1847255696219.49 2279043299716.673 -15467029668.894407
1847254361116.02 2279044292408.106 -15467008686.0009
1847253026011.9426 2279045285098.7896 -15466987703.10231
1847251690907.2576 2279046277788.723 -15466966720.198637
1847250355801.965 2279047270477.907 -15466945737.28988
1847249020696.065 2279048263166.342 -15466924754.376041
1847247685589.5574 2279049255854.027 -15466903771.457119
1847246350482.4421 2279050248540.9624 -15466882788.533113
1847245015374.7195 2279051241227.1484 -15466861805.604025
1847243680266.3892 2279052233912.585 -15466840822.669853
1847242345157.4514 2279053226597.2715 -15466819839.730598
1847241010047.9062 2279054219281.2085 -15466798856.78626
1847239674937.7534 2279055211964.396 -15466777873.83684
1847238339826.9932 2279056204646.834 -15466756890.882336
1847237004715.6252 2279057197328.5225 -15466735907.922749
1847235669603.65 2279058190009.4614 -15466714924.958078
1847234334491.067 2279059182689.6504 -15466693941.988325
1847232999377.8765 2279060175369.09 -15466672959.013489
1847231664264.0784 2279061168047.78 -15466651976.03357
1847230329149.6729 2279062160725.72 -15466630993.048567
1847228994034.6597 2279063153402.911 -15466610010.058481
1847227658919.039 2279064146079.3525 -15466589027.063313
1847226323802.8108 2279065138755.044 -15466568044.06306
1847224988685.975 2279066131429.986 -15466547061.057726
1847223653568.5317 2279067124104.178 -15466526078.047308
1847222318450.481 2279068116777.621 -15466505095.031809
1847220983331.8228 2279069109450.3145 -15466484112.011227
1847219648212.557 2279070102122.2583 -15466463128.985561
1847218313092.6836 2279071094793.452 -15466442145.954813
1847216977972.2026 2279072087463.8965 -15466421162.918982
1847215642851.1143 2279073080133.5913 -15466400179.878067
1847214307729.4182 2279074072802.5366 -15466379196.83207
1847212972607.1147 2279075065470.7324 -15466358213.780989
1847211637484.2036 2279076058138.1787 -15466337230.724825
1847210302360.685 2279077050804.875 -15466316247.663578
1847208967236.559 2279078043470.822 -15466295264.597248
1847207632111.8254 2279079036136.019 -15466274281.525835
1847206296986.4844 2279080028800.467 -15466253298.449339
1847204961860.5356 2279081021464.165 -15466232315.367762
1847203626733.9795 2279082014127.114 -15466211332.281101
1847202291606.8157 2279083006789.3125 -15466190349.189358
1847200956479.0444 2279083999450.7617 -15466169366.092531
1847199621350.6655 2279084992111.4614 -15466148382.990622
1847198286221.6792 2279085984771.4116 -15466127399.883629
1847196951092.0854 2279086977430.6123 -15466106416.771553
1847195615961.884 2279087970089.0635 -15466085433.654394
1847194280831.0752 2279088962746.7646 -15466064450.532152
1847192945699.6587 2279089955403.7163 -15466043467.404829
1847191610567.6348 2279090948059.9185 -15466022484.272423
1847190275435.0034 2279091940715.371 -15466001501.134933
1847188940301.7644 2279092933370.074 -15465980517.992361
1847187605167.918 2279093926024.0273 -15465959534.844706
1847186270033.4639 2279094918677.231 -15465938551.691967
1847184934898.4023 2279095911329.685 -15465917568.534145
1847183599762.7332 2279096903981.3896 -15465896585.371243
1847182264626.4565 2279097896632.3447 -15465875602.203257
1847180929489.5725 2279098889282.5503 -15465854619.030188
1847179594352.0808 2279099881932.006 -15465833635.852036
1847178259213.9817 2279100874580.712 -15465812652.6688
1847176924075.275 2279101867228.6685 -15465791669.480482
1847175588935.9607 2279102859875.8755 -15465770686.28708
1847174253796.039 2279103852522.333 -15465749703.088598
1847172918655.5098 2279104845168.0405 -15465728719.885033
1847171583514.373 2279105837812.9985 -15465707736.676384
1847170248372.6287 2279106830457.207 -15465686753.462652
1847168913230.2769 2279107823100.666 -15465665770.243837
1847167578087.3176 2279108815743.3755 -15465644787.019941
1847166242943.7507 2279109808385.335 -15465623803.790962
1847164907799.5764 2279110801026.545 -15465602820.5569
1847163572654.7947 2279111793667.0054 -15465581837.317755
1847162237509.4053 2279112786306.7163 -15465560854.073526
1847160902363.4084 2279113778945.6777 -15465539870.824217
1847159567216.804 2279114771583.889 -15465518887.569824
1847158232069.592 2279115764221.351 -15465497904.310349
1847156896921.7727 2279116756858.0635 -15465476921.04579
1847155561773.3457 2279117749494.0264 -15465455937.776148
1847154226624.3113 2279118742129.2397 -15465434954.501425
1847152891474.6692 2279119734763.703 -15465413971.221619
1847151556324.4197 2279120727397.417 -15465392987.93673
1847150221173.5627 2279121720030.3813 -15465372004.646757
1847148886022.0981 2279122712662.596 -15465351021.351704
1847147550870.0261 2279123705294.0615 -15465330038.051567
1847146215717.3467 2279124697924.777 -15465309054.746347
1847144880564.0596 2279125690554.7427 -15465288071.436045
1847143545410.165 2279126683183.959 -15465267088.12066
1847142210255.663 2279127675812.426 -15465246104.800194
1847140875100.5535 2279128668440.1426 -15465225121.474644
1847139539944.8364 2279129661067.11 -15465204138.14401
1847138204788.512 2279130653693.3276 -15465183154.808296
1847136869631.5798 2279131646318.796 -15465162171.467499
1847135534474.0403 2279132638943.5146 -15465141188.121618
1847134199315.893 2279133631567.4834 -15465120204.770655
1847132864157.1384 2279134624190.7026 -15465099221.41461
1847131528997.7764 2279135616813.1724 -15465078238.053482
1847130193837.8066 2279136609434.8926 -15465057254.687271
1847128858677.2295 2279137602055.8633 -15465036271.315979
1847127523516.045 2279138594676.084 -15465015287.939604
1847126188354.2527 2279139587295.555 -15464994304.558146
1847124853191.853 2279140579914.277 -15464973321.171606
1847123518028.846 2279141572532.249 -15464952337.779984
1847122182865.2312 2279142565149.471 -15464931354.383278
1847120847701.009 2279143557765.944 -15464910370.98149
1847119512536.1794 2279144550381.667 -15464889387.57462
1847118177370.7422 2279145542996.6406 -15464868404.162666
1847116842204.6975 2279146535610.8647 -15464847420.74563
1847115507038.0454 2279147528224.339 -15464826437.323513
1847114171870.7856 2279148520837.0635 -15464805453.896313
1847112836702.9185 2279149513449.0386 -15464784470.46403
1847111501534.4438 2279150506060.264 -15464763487.026665
1847110166365.3616 2279151498670.7397 -15464742503.584217
1847108831195.6719 2279152491280.466 -15464721520.136686
1847107496025.3748 2279153483889.4424 -15464700536.684074
1847106160854.47 2279154476497.6694 -15464679553.22638
1847104825682.9578 2279155469105.1465 -15464658569.763601
1847103490510.8381 2279156461711.874 -15464637586.295742
1847102155338.111 2279157454317.852 -15464616602.8228
1847100820164.7764 2279158446923.0806 -15464595619.344776
1847099484990.8342 2279159439527.5596 -15464574635.86167
1847098149816.2847 2279160432131.2886 -15464553652.37348
1847096814641.1274 2279161424734.268 -15464532668.880209
1847095479465.3628 2279162417336.498 -15464511685.381855
1847094144288.9907 2279163409937.9785 -15464490701.878418
1847092809112.011 2279164402538.709 -15464469718.3699
1847091473934.4238 2279165395138.69 -15464448734.856298
1847090138756.2292 2279166387737.9214 -15464427751.337616
1847088803577.4272 2279167380336.4033 -15464406767.81385
1847087468398.0176 2279168372934.1353 -15464385784.285002
1847086133218.0005 2279169365531.1177 -15464364800.751072
1847084798037.376 2279170358127.3506 -15464343817.212059
1847083462856.1438 2279171350722.834 -15464322833.667965
1847082127674.3042 2279172343317.5674 -15464301850.118788
1847080792491.8572 2279173335911.5513 -15464280866.564528
1847079457308.8025 2279174328504.7856 -15464259883.005186
1847078122125.1404 2279175321097.2705 -15464238899.440762
1847076786940.8708 2279176313689.0054 -15464217915.871256
1847075451755.994 2279177306279.9907 -15464196932.296667
1847074116570.5093 2279178298870.2266 -15464175948.716997
1847072781384.4172 2279179291459.713 -15464154965.132244
1847071446197.7178 2279180284048.449 -15464133981.542408
1847070111010.411 2279181276636.436 -15464112997.94749
1847068775822.4963 2279182269223.6733 -15464092014.34749
1847067440633.9744 2279183261810.161 -15464071030.742409
1847066105444.845 2279184254395.899 -15464050047.132244
1847064770255.108 2279185246980.887 -15464029063.516998
1847063435064.7634 2279186239565.126 -15464008079.89667
1847062099873.8115 2279187232148.615 -15463987096.27126
1847060764682.2522 2279188224731.3545 -15463966112.640766
1847059429490.0852 2279189217313.344 -15463945129.00519
1847058094297.3108 2279190209894.5845 -15463924145.364532
1847056759103.929 2279191202475.075 -15463903161.718792
1847055423909.9397 2279192195054.816 -15463882178.06797
1847054088715.3428 2279193187633.807 -15463861194.412066
1847052753520.1384 2279194180212.049 -15463840210.75108
1847051418324.3267 2279195172789.5405 -15463819227.08501
1847050083127.9075 2279196165366.2827 -15463798243.41386
1847048747930.8806 2279197157942.2754 -15463777259.737627
1847047412733.2463 2279198150517.5186 -15463756276.056313
1847046077535.0046 2279199143092.0117 -15463735292.369915
1847044742336.1555 2279200135665.7554 -15463714308.678436
1847043407136.6987 2279201128238.7495 -15463693324.981874
1847042071936.6345 2279202120810.994 -15463672341.280231
1847040736735.963 2279203113382.489 -15463651357.573505
1847039401534.6838 2279204105953.234 -15463630373.861698
1847038066332.7974 2279205098523.2295 -15463609390.144808
1847036731130.3032 2279206091092.4756 -15463588406.422836
1847035395927.2017 2279207083660.9717 -15463567422.695784
1847034060723.4927 2279208076228.7183 -15463546438.963648
1847032725519.1763 2279209068795.7153 -15463525455.22643
1847031390314.2522 2279210061361.9624 -15463504471.48413
1847030055108.7207 2279211053927.46 -15463483487.73675
1847028719902.5818 2279212046492.208 -15463462503.984285
1847027384695.8354 2279213039056.2065 -15463441520.22674
1847026049488.4814 2279214031619.455 -15463420536.464111
1847024714280.52 2279215024181.954 -15463399552.696402
1847023379071.9512 2279216016743.7036 -15463378568.923609
1847022043862.775 2279217009304.703 -15463357585.145735
1847020708652.9912 2279218001864.953 -15463336601.36278
1847019373442.5999 2279218994424.4536 -15463315617.574741
1847018038231.601 2279219986983.2046 -15463294633.781622
1847016703019.9949 2279220979541.2056 -15463273649.98342
1847015367807.7812 2279221972098.457 -15463252666.180136
1847014032594.9602 2279222964654.959 -15463231682.371769
1847012697381.5315 2279223957210.711 -15463210698.558321
1847011362167.4954 2279224949765.7134 -15463189714.739792
1847010026952.8518 2279225942319.9663 -15463168730.91618
1847008691737.6008 2279226934873.4697 -15463147747.087486
1847007356521.7424 2279227927426.223 -15463126763.25371
