-84239602955.75063 67617949721.6817 5756581940.825306
-84245182071.29005 67611128894.51646 5756810329.205326
-84250760632.23927 67604307613.08375 5757038679.346621
-84256338638.56116 67597485877.42923 5757266991.247673
-84261916090.21857 67590663687.59856 5757495264.906969
-84267492987.1744 67583841043.63739 5757723500.322994
-84273069329.3915 67577017945.59139 5757951697.494233
-84278645116.83278 67570194393.50623 5758179856.419171
-84284220349.46112 67563370387.42758 5758407977.096294
-84289795027.23941 67556545927.4011 5758636059.524089
-84295369150.13055 67549721013.47247 5758864103.70104
-84300942718.09744 67542895645.68738 5759092109.625636
-84306515731.10298 67536069824.09149 5759320077.296362
-84312088189.11008 67529243548.73051 5759548006.711706
-84317660092.08165 67522416819.6501 5759775897.870155
-84323231439.9806 67515589636.89597 5760003750.770198
-84328802232.76987 67508762000.51381 5760231565.410321
-84334372470.41235 67501933910.54931 5760459341.789013
-84339942152.87099 67495105367.04817 5760687079.904762
-84345511280.1087 67488276370.0561 5760914779.756058
-84351079852.08842 67481446919.618805 5761142441.341388
-84356647868.7731 67474617015.78199 5761370064.659242
-84362215330.12567 67467786658.59137 5761597649.70811
-84367782236.10909 67460955848.09265 5761825196.486481
-84373348586.68628 67454124584.33156 5762052704.992846
-84378914381.82022 67447292867.35381 5762280175.225694
-84384479621.47385 67440460697.20514 5762507607.183516
-84390044305.61014 67433628073.93127 5762735000.864802
-84395608434.19205 67426794997.57793 5762962356.268044
-84401172007.18254 67419961468.19085 5763189673.391734
-84406735024.5446 67413127485.815765 5763416952.234362
-84412297486.2412 67406293050.49842 5763644192.79442
-84417859392.2353 67399458162.28456 5763871395.070401
-84423420742.48991 67392622821.219925 5764098559.060797
-84428981536.968 67385787027.350266 5764325684.764099
-84434541775.63257 67378950780.72133 5764552772.178802
-84440101458.44661 67372114081.378876 5764779821.303398
-84445660585.37312 67365276929.36866 5765006832.136381
-84451219156.3751 67358439324.73645 5765233804.676245
-84456777171.41556 67351601267.528 5765460738.921482
-84462334630.4575 67344762757.789085 5765687634.870587
-84467891533.46394 67337923795.565475 5765914492.522056
-84473447880.3979 67331084380.90294 5766141311.874382
-84479003671.2224 67324244513.84725 5766368092.926061
-84484558905.90047 67317404194.4442 5766594835.675587
-84490113584.39513 67310563422.739555 5766821540.121456
-84495667706.6694 67303722198.77911 5767048206.262164
-84501221272.68634 67296880522.60866 5767274834.096207
-84506774282.40898 67290038394.27398 5767501423.622081
-84512326735.80037 67283195813.82088 5767727974.838282
-84517878632.82356 67276352781.29514 5767954487.743307
-84523429973.44159 67269509296.74258 5768180962.335654
-84528980757.61752 67262665360.208984 5768407398.61382
-84534530985.31442 67255820971.74018 5768633796.576302
-84540080656.49535 67248976131.381966 5768860156.221598
-84545629771.12335 67242130839.18015 5769086477.548205
-84551178329.16151 67235285095.180565 5769312760.554624
-84556726330.57292 67228438899.429016 5769539005.239351
-84562273775.32063 67221592251.97133 5769765211.600886
-84567820663.36775 67214745152.853325 5769991379.637729
-84573366994.67735 67207897602.12084 5770217509.348378
-84578912769.21252 67201049599.8197 5770443600.731334
-84584457986.93636 67194201145.99574 5770669653.785095
-84590002647.81195 67187352240.6948 5770895668.5081625
-84595546751.80241 67180502883.962715 5771121644.899036
-84601090298.87085 67173653075.84534 5771347582.956218
-84606633288.98036 67166802816.388504 5771573482.678207
-84612175722.09406 67159952105.63807 5771799344.063507
-84617717598.17506 67153100943.639885 5772025167.110618
-84623258917.1865 67146249330.439804 5772250951.818041
-84628799679.09148 67139397266.083694 5772476698.184279
-84634339883.85313 67132544750.61741 5772702406.207835
-84639879531.4346 67125691784.086815 5772928075.88721
-84645418621.79903 67118838366.53778 5773153707.220907
-84650957154.90953 67111984498.016174 5773379300.20743
-84656495130.72926 67105130178.56787 5773604854.845282
-84662032549.22137 67098275408.238754 5773830371.132966
-84667569410.34901 67091420187.0747 5774055849.068987
-84673105714.07533 67084564515.12158 5774281288.651848
-84678641460.3635 67077708392.4253 5774506689.8800535
-84684176649.17665 67070851819.03174 5774732052.752109
-84689711280.47798 67063994794.986786 5774957377.266518
-84695245354.23065 67057137320.33634 5775182663.421786
-84700778870.39783 67050279395.126305 5775407911.216419
-84706311828.9427 67043421019.40257 5775633120.648923
-84711844229.82845 67036562193.21105 5775858291.717803
-84717376073.01823 67029702916.59765 5776083424.421566
-84722907358.47528 67022843189.60828 5776308518.7587185
-84728438086.16277 67015983012.28885 5776533574.727767
-84733968256.04388 67009122384.68528 5776758592.327218
-84739497868.08183 67002261306.84349 5776983571.555579
-84745026922.23982 66995399778.8094 5777208512.411358
-84750555418.48105 66988537800.62894 5777433414.893062
-84756083356.76874 66981675372.34803 5777658278.999199
-84761610737.0661 66974812494.01261 5777883104.728278
-84767137559.33636 66967949165.66862 5778107892.078808
-84772663823.54274 66961085387.361984 5778332641.049296
-84778189529.64847 66954221159.13865 5778557351.638253
-84783714677.61676 66947356481.044556 5778782023.844188
-84789239267.41087 66940491353.125656 5779006657.665609
-84794763298.99403 66933625775.4279 5779231253.101028
-84800286772.32948 66926759747.997246 5779455810.148954
-84805809687.38048 66919893270.87964 5779680328.8078985
-84811332044.11026 66913026344.12104 5779904809.07637
-84816853842.48209 66906158967.76742 5780129250.952882
-84822375082.45921 66899291141.86473 5780353654.435944
-84827895764.0049 66892422866.458954 5780578019.524067
-84833415887.08241 66885554141.596054 5780802346.215764
-84838935451.65501 66878684967.32201 5781026634.509546
-84844454457.68599 66871815343.682785 5781250884.403927
-84849972905.13861 66864945270.72438 5781475095.897418
-84855490793.97615 66858074748.49277 5781699268.988532
-84861008124.16191 66851203777.033936 5781923403.675782
-84866524895.65916 66844332356.393875 5782147499.957682
-84872041108.43121 66837460486.618576 5782371557.832744
-84877556762.44135 66830588167.75403 5782595577.299482
-84883071857.65288 66823715399.84624 5782819558.356412
-84888586394.0291 66816842182.94121 5783043501.002047
-84894100371.53331 66809968517.08494 5783267405.234901
-84899613790.12883 66803094402.32344 5783491271.053491
-84905126649.77898 66796219838.70273 5783715098.456329
-84910638950.44707 66789344826.26881 5783938887.441934
-84916150692.09644 66782469365.067696 5784162638.008819
-84921661874.6904 66775593455.145424 5784386350.1555
-84927172498.19228 66768717096.548004 5784610023.880495
-84932682562.56541 66761840289.321465 5784833659.182319
-84938192067.77315 66754963033.51183 5785057256.059488
-84943701013.77882 66748085329.165146 5785280814.510521
-84949209400.54578 66741207176.32743 5785504334.533934
-84954717228.03737 66734328575.04473 5785727816.128244
-84960224496.21695 66727449525.36309 5785951259.29197
-84965731205.04788 66720570027.32855 5786174664.02363
-84971237354.49352 66713690080.98716 5786398030.321741
-84976742944.51721 66706809686.384964 5786621358.184822
-84982247975.08235 66699928843.568016 5786844647.611393
-84987752446.1523 66693047552.582375 5787067898.599972
-84993256357.69044 66686165813.474106 5787291111.149077
-84998759709.66016 66679283626.28926 5787514285.257231
-85004262502.02483 66672400991.07391 5787737420.922951
-85009764734.74783 66665517907.87412 5787960518.144757
-85015266407.79257 66658634376.73597 5788183576.921171
-85020767521.12244 66651750397.70552 5788406597.250713
-85026268074.70084 66644865970.82886 5788629579.131905
-85031768068.49117 66637981096.15206 5788852522.563266
-85037267502.45683 66631095773.721214 5789075427.543319
-85042766376.56125 66624210003.582405 5789298294.070585
-85048264690.76782 66617323785.78172 5789521122.143586
-85053762445.03998 66610437120.36526 5789743911.760845
-85059259639.34114 66603550007.379105 5789966662.920884
-85064756273.63474 66596662446.86936 5790189375.622226
-85070252347.88419 66589774438.88213 5790412049.863393
-85075747862.05293 66582885983.463524 5790634685.642908
-85081242816.10442 66575997080.65964 5790857282.959296
-85086737210.00208 66569107730.51659 5791079841.811081
-85092231043.70935 66562217933.08049 5791302362.196786
-85097724317.1897 66555327688.39746 5791524844.114935
-85103217030.40656 66548436996.51362 5791747287.564054
-85108709183.3234 66541545857.47508 5791969692.5426655
-85114200775.90367 66534654271.32799 5792192059.049297
-85119691808.11086 66527762238.118454 5792414387.082473
-85125182279.90842 66520869757.89262 5792636676.640718
-85130672191.25983 66513976830.69661 5792858927.722561
-85136161542.12856 66507083456.57657 5793081140.326525
-85141650332.47809 66500189635.57864 5793303314.451138
-85147138562.2719 66493295367.74897 5793525450.094926
-85152626231.47348 66486400653.1337 5793747547.256416
-85158113340.04633 66479505491.77898 5793969605.934136
-85163599887.95393 66472609883.73096 5794191626.126613
-85169085875.1598 66465713829.0358 5794413607.832374
-85174571301.62744 66458817327.739655 5794635551.049948
-85180056167.32034 66451920379.888695 5794857455.777863
-85185540472.20203 66445022985.529076 5795079322.014647
-85191024216.236 66438125144.70697 5795301149.758829
-85196507399.38577 66431226857.46855 5795522939.008939
-85201990021.61488 66424328123.85999 5795744689.763505
-85207472082.88686 66417428943.92747 5795966402.021058
-85212953583.16522 66410529317.71716 5796188075.780127
-85218434522.41351 66403629245.27525 5796409711.039242
-85223914900.59526 66396728726.647934 5796631307.796933
-85229394717.67401 66389827761.881386 5796852866.051732
-85234873973.61331 66382926351.021805 5797074385.802169
-85240352668.37671 66376024494.11539 5797295867.046775
-85245830801.92776 66369122191.20833 5797517309.784081
-85251308374.23003 66362219442.34683 5797738714.01262
-85256785385.24706 66355316247.5771 5797960079.730923
-85262261834.94241 66348412606.94534 5798181406.937522
-85267737723.27968 66341508520.497765 5798402695.63095
-85273213050.22241 66334603988.28059 5798623945.80974
-85278687815.73419 66327699010.34002 5798845157.4724245
-85284162019.7786 66320793586.72228 5799066330.617537
-85289635662.31921 66313887717.4736 5799287465.24361
-85295108743.31964 66306981402.640205 5799508561.349179
-85300581262.74345 66300074642.26831 5799729618.932777
-85306053220.55424 66293167436.40416 5799950637.992939
-85311524616.71562 66286259785.09398 5800171618.528199
-85316995451.1912 66279351688.38401 5800392560.537092
-85322465723.94456 66272443146.320496 5800613464.018153
-85327935434.93933 66265534158.94968 5800834328.969918
-85333404584.13913 66258624726.317795 5801055155.390923
-85338873171.50755 66251714848.4711 5801275943.279701
-85344341197.00824 66244804525.45585 5801496692.634791
-85349808660.60481 66237893757.3183 5801717403.454729
-85355275562.26091 66230982544.104706 5801938075.738051
-85360741901.94016 66224070885.86133 5802158709.4832945
-85366207679.60619 66217158782.63444 5802379304.688996
-85371672895.22264 66210246234.47029 5802599861.353694
-85377137548.75317 66203333241.41517 5802820379.475925
-85382601640.16144 66196419803.515335 5803040859.054229
-85388065169.41107 66189505920.81708 5803261300.087142
-85393528136.46574 66182591593.36667 5803481702.573203
-85398990541.28911 66175676821.21039 5803702066.510952
-85404452383.84483 66168761604.39452 5803922391.898927
-85409913664.09659 66161845942.96537 5804142678.735667
-85415374382.00804 66154929836.969215 5804362927.019713
-85420834537.54286 66148013286.45235 5804583136.749604
-85426294130.66473 66141096291.46107 5804803307.923881
-85431753161.33736 66134178852.04168 5805023440.541082
-85437211629.5244 66127260968.240486 5805243534.5997505
-85442669535.18956 66120342640.10379 5805463590.098425
-85448126878.29654 66113423867.6779 5805683607.035648
-85453583658.80902 66106504651.00914 5805903585.409961
-85459039876.69072 66099584990.143814 5806123525.219905
-85464495531.90535 66092664885.12824 5806343426.464023
-85469950624.41661 66085744336.00874 5806563289.140856
-85475405154.18822 66078823342.83165 5806783113.248947
-85480859121.18388 66071901905.64328 5807002898.786839
-85486312525.36734 66064980024.489975 5807222645.753074
-85491765366.70232 66058057699.41806 5807442354.146196
-85497217645.15254 66051134930.47388 5807662023.964749
-85502669360.68175 66044211717.70376 5807881655.207276
-85508120513.25366 66037288061.15405 5808101247.872322
-85513571102.83203 66030363960.8711 5808320801.95843
-85519021129.3806 66023439416.90125 5808540317.464147
-85524470592.86313 66016514429.29086 5808759794.388015
-85529919493.24336 66009588998.08628 5808979232.72858
-85535367830.48506 66002663123.33387 5809198632.484388
-85540815604.55199 65995736805.07999 5809417993.653985
-85546262815.4079 65988810043.370995 5809637316.235916
-85551709463.01656 65981882838.253265 5809856600.228727
-85557155547.34175 65974955189.77316 5810075845.630965
-85562601068.34724 65968027097.97706 5810295052.441176
-85568046025.99683 65961098562.91133 5810514220.657908
-85573490420.25427 65954169584.62235 5810733350.279708
-85578934251.08339 65947240163.15651 5810952441.305123
-85584377518.44795 65940310298.56019 5811171493.732701
-85589820222.31175 65933379990.879776 5811390507.56099
-85595262362.6386 65926449240.16166 5811609482.788539
-85600703939.39229 65919518046.45223 5811828419.413896
-85606144952.53664 65912586409.79789 5812047317.435609
-85611585402.03545 65905654330.24503 5812266176.852227
-85617025287.85254 65898721807.840065 5812484997.662301
-85622464609.95174 65891788842.629395 5812703779.864379
-85627903368.29684 65884855434.659424 5812922523.457012
-85633341562.85172 65877921583.97657 5813141228.438749
-85638779193.58015 65870987290.62724 5813359894.808142
-85644216260.44601 65864052554.65786 5813578522.56374
-85649652763.41312 65857117376.114845 5813797111.704095
-85655088702.44531 65850181755.04462 5814015662.227757
-85660524077.50645 65843245691.4936 5814234174.13328
-85665958888.56038 65836309185.50823 5814452647.419212
-85671393135.57094 65829372237.13494 5814671082.084108
-85676826818.502 65822434846.42016 5814889478.126519
-85682259937.31743 65815497013.410324 5815107835.544998
-85687692491.98108 65808558738.15188 5815326154.338098
-85693124482.45682 65801620020.69127 5815544434.50437
-85698555908.70853 65794680861.07494 5815762676.042369
-85703986770.70009 65787741259.34935 5815980878.950648
-85709417068.39537 65780801215.56094 5816199043.227762
-85714846801.75826 65773860729.75617 5816417168.872265
-85720275970.75264 65766919801.98151 5816635255.8827095
-85725704575.3424 65759978432.2834 5816853304.257651
-85731132615.49147 65753036620.70832 5817071313.9956455
-85736560091.16371 65746094367.302734 5817289285.095247
-85741987002.32304 65739151672.11312 5817507217.555011
-85747413348.93336 65732208535.18594 5817725111.373493
-85752839130.9586 65725264956.56769 5817942966.54925
-85758264348.36266 65718320936.304825 5818160783.080836
-85763689001.10945 65711376474.44384 5818378560.96681
-85769113089.16292 65704431571.03123 5818596300.205728
-85774536612.48697 65697486226.113464 5818814000.796145
-85779959571.04555 65690540439.73705 5819031662.736622
-85785381964.80258 65683594211.94848 5819249286.025713
-85790803793.72202 65676647542.79425 5819466870.661978
-85796225057.76779 65669700432.32086 5819684416.643973
-85801645756.90385 65662752880.574814 5819901923.970259
-85807065891.09415 65655804887.602615 5820119392.639393
-85812485460.30263 65648856453.45078 5820336822.649934
-85817904464.49326 65641907578.16582 5820554214.000441
-85823322903.62999 65634958261.79424 5820771566.689473
-85828740777.6768 65628008504.382576 5820988880.7155905
-85834158086.59766 65621058305.97734 5821206156.077353
-85839574830.35652 65614107666.62506 5821423392.77332
-85844991008.91739 65607156586.37226 5821640590.802053
-85850406622.24423 65600205065.26547 5821857750.162112
-85855821670.30103 65593253103.35123 5822074870.852058
-85861236153.05177 65586300700.67606 5822291952.870453
-85866650070.46046 65579347857.28653 5822508996.2158575
-85872063422.49109 65572394573.22916 5822726000.886834
-85877476209.10765 65565440848.55049 5822942966.881945
-85882888430.27417 65558486683.29709 5823159894.199751
-85888300085.95464 65551532077.515495 5823376782.838816
-85893711176.11307 65544577031.252266 5823593632.797702
-85899121700.71347 65537621544.553955 5823810444.074972
-85904531659.71988 65530665617.467125 5824027216.66919
-85909941053.09631 65523709250.038345 5824243950.578919
-85915349880.8068 65516752442.31417 5824460645.802724
-85920758142.81535 65509795194.34118 5824677302.339168
-85926165839.08603 65502837506.16594 5824893920.186815
-85931572969.58287 65495879377.83503 5825110499.344231
-85936979534.26991 65488920809.39503 5825327039.809979
-85942385533.11119 65481961800.89251 5825543541.582627
-85947790966.07077 65475002352.37406 5825760004.660739
-85953195833.1127 65468042463.88628 5825976429.04288
-85958600134.20105 65461082135.47574 5826192814.727616
-85964003869.29987 65454121367.18904 5826409161.713514
-85969407038.37321 65447160159.072784 5826625469.999141
-85974809641.38518 65440198511.17356 5826841739.583062
-85980211678.29984 65433236423.53798 5827057970.463846
-85985613149.08125 65426273896.21264 5827274162.640059
-85991014053.69351 65419310929.24415 5827490316.11027
-85996414392.1007 65412347522.67912 5827706430.873045
-86001814164.26689 65405383676.56417 5827922506.926953
-86007213370.1562 65398419390.945915 5828138544.270563
-86012612009.73273 65391454665.87097 5828354542.902443
-86018010082.96057 65384489501.385956 5828570502.821161
-86023407589.80382 65377523897.537506 5828786424.025288
-86028804530.2266 65370557854.372246 5829002306.5133915
-86034200904.19301 65363591371.936806 5829218150.284042
-86039596711.66718 65356624450.27782 5829433955.33581
-86044991952.61322 65349657089.441925 5829649721.667264
-86050386626.99527 65342689289.47576 5829865449.276977
-86055780734.77745 65335721050.42598 5830081138.163517
-86061174275.92389 65328752372.33922 5830296788.325458
-86066567250.39873 65321783255.26213 5830512399.761369
-86071959658.16609 65314813699.24137 5830727972.469822
-86077351499.19014 65307843704.323586 5830943506.449389
-86082742773.43501 65300873270.55544 5831159001.698643
-86088133480.86487 65293902397.9836 5831374458.216154
-86093523621.44386 65286931086.65472 5831589876.000497
-86098913195.13615 65279959336.61546 5831805255.050243
-86104302201.9059 65272987147.91251 5832020595.363967
-86109690641.71727 65266014520.59254 5832235896.940241
-86115078514.53444 65259041454.70221 5832451159.777638
-86120465820.32158 65252067950.288216 5832666383.874734
-86125852559.04288 65245094007.39723 5832881569.230102
-86131238730.6625 65238119626.07594 5833096715.842316
-86136624335.14465 65231144806.37104 5833311823.709951
